# particle=eminus
# bin=04
# theta_mid_deg=56.632987
# mu_high=0.600000
# mu_low=0.500000
# delta_omega_sr=0.6283185307
# black_hole_mode=No
# energy_unit=MeV
# flux_unit=cm^-2 s^-1 MeV^-1 sr^-1
# Energy Flux
1.1294000000e-02 1.0364113017e-02
1.4219000000e-02 9.9271903473e-03
1.7901000000e-02 9.4873731241e-03
2.2536000000e-02 9.0427395199e-03
2.8371000000e-02 8.5914632494e-03
3.5717000000e-02 8.1319626028e-03
4.4965000000e-02 7.6630853158e-03
5.6607000000e-02 7.1842701331e-03
7.1264000000e-02 6.6956992050e-03
8.9717000000e-02 6.1986025457e-03
1.1294000000e-01 5.6712607360e-03
1.4219000000e-01 5.1171796705e-03
1.7901000000e-01 4.5573331657e-03
2.2536000000e-01 4.0032713864e-03
2.8371000000e-01 3.5232568142e-03
3.5717000000e-01 3.0494962749e-03
4.4965000000e-01 2.5875368079e-03
5.6608000000e-01 2.1698964360e-03
7.1264000000e-01 1.8005104121e-03
8.9717000000e-01 1.4805261199e-03
1.1294000000e+00 1.2095222056e-03
1.4219000000e+00 9.7581195701e-04
1.7901000000e+00 7.7376996085e-04
2.2536000000e+00 6.0125830755e-04
2.8371000000e+00 4.5767742053e-04
3.5717000000e+00 3.4435650439e-04
4.4965000000e+00 2.5816665012e-04
5.6607000000e+00 1.9259119825e-04
7.1265000000e+00 1.4262507823e-04
8.9717000000e+00 1.0508894564e-04
1.1295000000e+01 7.7975327882e-05
1.4219000000e+01 5.8936825039e-05
1.7901000000e+01 4.5333995126e-05
2.2536000000e+01 3.5719301768e-05
2.8371000000e+01 2.8875796986e-05
3.5717000000e+01 2.3939297942e-05
4.4965000000e+01 2.0386837709e-05
5.6607000000e+01 1.7459989608e-05
7.1265000000e+01 1.4930336879e-05
8.9716000000e+01 1.2704909225e-05
1.1294000000e+02 1.0701267794e-05
1.4219000000e+02 8.8751089117e-06
1.7901000000e+02 7.1952264398e-06
2.2536000000e+02 5.6336476665e-06
2.8371000000e+02 4.1814735463e-06
3.5717000000e+02 2.8919964509e-06
4.4965000000e+02 1.8754836252e-06
5.6608000000e+02 1.1416298115e-06
7.1265000000e+02 6.5655566737e-07
8.9716000000e+02 3.6010745745e-07
1.1294000000e+03 1.9026065498e-07
1.4219000000e+03 9.7673706355e-08
1.7901000000e+03 4.9109054501e-08
2.2536000000e+03 2.4326887796e-08
2.8371000000e+03 1.1925965241e-08
3.5717000000e+03 5.8049513199e-09
4.4965000000e+03 2.8128662660e-09
5.6608000000e+03 1.3595070946e-09
7.1265000000e+03 6.5597094137e-10
8.9717000000e+03 3.1612113972e-10
1.1294000000e+04 1.5218556384e-10
1.4219000000e+04 7.3190263617e-11
1.7901000000e+04 3.5198885929e-11
2.2536000000e+04 1.6927937640e-11
2.8371000000e+04 8.1408042673e-12
3.5717000000e+04 3.9148198206e-12
4.4965000000e+04 1.8825727060e-12
5.6608000000e+04 9.0526575478e-13
7.1264000000e+04 4.3534361001e-13
8.9716000000e+04 2.0934531656e-13
1.1294000000e+05 1.0068449663e-13
1.4219000000e+05 4.8408680955e-14
1.7901000000e+05 2.3276883645e-14
2.2536000000e+05 1.1193186334e-14
2.8371000000e+05 5.3825478263e-15
3.5717000000e+05 2.5882956091e-15
4.4965000000e+05 1.2446348957e-15
5.6608000000e+05 5.9849229446e-16
7.1264000000e+05 2.8781241055e-16
8.9716000000e+05 1.3840033184e-16
