# particle=eplus
# bin=02
# theta_mid_deg=41.409622
# mu_high=0.800000
# mu_low=0.700000
# delta_omega_sr=0.6283185307
# black_hole_mode=No
# energy_unit=MeV
# flux_unit=cm^-2 s^-1 MeV^-1 sr^-1
# Energy Flux
1.1294000000e-02 2.3938031478e-05
1.4219000000e-02 2.8390905103e-05
1.7901000000e-02 3.3638833554e-05
2.2536000000e-02 3.9806016616e-05
2.8371000000e-02 4.7026471539e-05
3.5717000000e-02 5.5438661785e-05
4.4965000000e-02 6.5175909182e-05
5.6607000000e-02 7.6352364302e-05
7.1264000000e-02 8.9043263062e-05
8.9717000000e-02 1.0325344236e-04
1.1294000000e-01 1.1809392271e-04
1.4219000000e-01 1.3275823673e-04
1.7901000000e-01 1.4683877199e-04
2.2536000000e-01 1.5941434134e-04
2.8371000000e-01 1.7236712021e-04
3.5717000000e-01 1.8178590516e-04
4.4965000000e-01 1.8591039111e-04
5.6608000000e-01 1.8505841010e-04
7.1264000000e-01 1.7938012057e-04
8.9717000000e-01 1.6955168385e-04
1.1294000000e+00 1.5710285443e-04
1.4219000000e+00 1.4259235529e-04
1.7901000000e+00 1.2636970658e-04
2.2536000000e+00 1.0912308843e-04
2.8371000000e+00 9.1933262216e-05
3.5717000000e+00 7.6236466417e-05
4.4965000000e+00 6.2641599816e-05
5.6607000000e+00 5.0945909298e-05
7.1265000000e+00 4.0952855820e-05
8.9717000000e+00 3.2643617653e-05
1.1295000000e+01 2.6366918953e-05
1.4219000000e+01 2.1972556641e-05
1.7901000000e+01 1.8644101225e-05
2.2536000000e+01 1.6191932524e-05
2.8371000000e+01 1.4365378992e-05
3.5717000000e+01 1.2991563988e-05
4.4965000000e+01 1.2022763314e-05
5.6607000000e+01 1.0895088696e-05
7.1265000000e+01 9.5584752123e-06
8.9716000000e+01 8.1054606504e-06
1.1294000000e+02 6.6340813873e-06
1.4219000000e+02 5.2609284190e-06
1.7901000000e+02 4.0651253123e-06
2.2536000000e+02 3.0701884020e-06
2.8371000000e+02 2.2598117479e-06
3.5717000000e+02 1.6150766096e-06
4.4965000000e+02 1.1377199760e-06
5.6608000000e+02 7.9186641673e-07
7.1265000000e+02 5.4506658388e-07
8.9716000000e+02 3.7096078052e-07
1.1294000000e+03 2.4956629015e-07
1.4219000000e+03 1.6600714783e-07
1.7901000000e+03 1.0935451231e-07
2.2536000000e+03 7.1471271903e-08
2.8371000000e+03 4.6437258165e-08
3.5717000000e+03 3.0047627338e-08
4.4965000000e+03 1.9410753882e-08
5.6608000000e+03 1.2548791438e-08
7.1265000000e+03 8.1180772393e-09
8.9717000000e+03 5.2529033658e-09
1.1294000000e+04 3.4078081241e-09
1.4219000000e+04 2.2145541091e-09
1.7901000000e+04 1.4391159560e-09
2.2536000000e+04 9.3519637723e-10
2.8371000000e+04 6.0771450513e-10
3.5717000000e+04 3.9489530671e-10
4.4965000000e+04 2.5660120267e-10
5.6608000000e+04 1.6673380605e-10
7.1264000000e+04 1.0834411008e-10
8.9716000000e+04 7.0399673079e-11
1.1294000000e+05 4.5748301679e-11
1.4219000000e+05 2.9723279460e-11
1.7901000000e+05 1.9312651702e-11
2.2536000000e+05 1.2548813946e-11
2.8371000000e+05 8.1539152763e-12
3.5717000000e+05 5.2981546386e-12
4.4965000000e+05 3.4425806913e-12
5.6608000000e+05 2.2368492678e-12
7.1264000000e+05 1.4534813176e-12
8.9716000000e+05 9.4442696914e-13
