# particle=p
# bin=18
# theta_mid_deg=148.211669
# mu_high=-0.800000
# mu_low=-0.900000
# delta_omega_sr=0.6283185307
# black_hole_mode=No
# energy_unit=MeV
# flux_unit=cm^-2 s^-1 MeV^-1 sr^-1
# Energy Flux
1.1294000000e-02 1.4915733348e-06
1.4219000000e-02 1.4014512038e-06
1.7901000000e-02 1.3180138170e-06
2.2536000000e-02 1.2412305449e-06
2.8371000000e-02 1.1712011847e-06
3.5717000000e-02 1.1081913737e-06
4.4965000000e-02 1.0526739077e-06
5.6607000000e-02 1.0053718229e-06
7.1264000000e-02 9.6731314611e-07
8.9717000000e-02 9.3991008524e-07
1.1294000000e-01 9.2503183250e-07
1.4219000000e-01 9.2506319650e-07
1.7901000000e-01 9.4299772922e-07
2.2536000000e-01 9.8244059247e-07
2.8371000000e-01 1.0476014565e-06
3.5717000000e-01 1.1431795253e-06
4.4965000000e-01 1.2741142870e-06
5.6608000000e-01 1.4452098566e-06
7.1264000000e-01 1.6605493519e-06
8.9717000000e-01 1.9229731278e-06
1.1294000000e+00 2.2309900003e-06
1.4219000000e+00 2.5813824230e-06
1.7901000000e+00 2.9706533816e-06
2.2536000000e+00 3.3920924809e-06
2.8371000000e+00 3.8384729640e-06
3.5717000000e+00 4.3072691188e-06
4.4965000000e+00 4.8050429283e-06
5.6607000000e+00 5.3026647542e-06
7.1265000000e+00 5.7759026711e-06
8.9717000000e+00 6.2261838665e-06
1.1295000000e+01 6.6405502811e-06
1.4219000000e+01 6.9907706536e-06
1.7901000000e+01 7.2647668465e-06
2.2536000000e+01 7.4467928373e-06
2.8371000000e+01 7.4828045555e-06
3.5717000000e+01 7.3551320865e-06
4.4965000000e+01 7.0250752329e-06
5.6607000000e+01 6.4756161523e-06
7.1265000000e+01 5.7223162188e-06
8.9716000000e+01 4.8191179776e-06
1.1294000000e+02 3.8545477799e-06
1.4219000000e+02 2.9319624863e-06
1.7901000000e+02 2.1361631806e-06
2.2536000000e+02 1.5299146311e-06
2.8371000000e+02 1.0686725087e-06
3.5717000000e+02 7.2733775809e-07
4.4965000000e+02 4.8134099972e-07
5.6608000000e+02 3.2655226234e-07
7.1265000000e+02 2.2959019040e-07
8.9716000000e+02 1.5527680453e-07
1.1294000000e+03 1.0208050732e-07
1.4219000000e+03 6.6323245879e-08
1.7901000000e+03 4.2325012793e-08
2.2536000000e+03 2.6513071639e-08
2.8371000000e+03 1.6035457315e-08
3.5717000000e+03 8.8537415463e-09
4.4965000000e+03 4.3873715314e-09
5.6608000000e+03 2.7751146585e-09
7.1265000000e+03 2.2369114626e-09
8.9717000000e+03 3.3705769632e-09
1.1294000000e+04 7.6401305847e-09
1.4219000000e+04 7.5338717776e-09
1.7901000000e+04 4.5570537394e-09
2.2536000000e+04 2.6167107312e-09
2.8371000000e+04 1.4811470522e-09
3.5717000000e+04 8.2853723835e-10
4.4965000000e+04 4.5897505505e-10
5.6608000000e+04 2.5224785934e-10
7.1264000000e+04 1.3774086231e-10
8.9716000000e+04 7.4825283373e-11
1.1294000000e+05 4.0474439026e-11
1.4219000000e+05 2.1824897067e-11
1.7901000000e+05 1.1735280506e-11
2.2536000000e+05 6.2969403213e-12
2.8371000000e+05 3.3730997215e-12
3.5717000000e+05 1.8043919849e-12
4.4965000000e+05 9.6425045269e-13
5.6608000000e+05 5.1479259488e-13
7.1264000000e+05 2.7465672283e-13
8.9716000000e+05 1.4645750608e-13
