# particle=muminus
# bin=07
# theta_mid_deg=75.522488
# mu_high=0.300000
# mu_low=0.200000
# delta_omega_sr=0.6283185307
# black_hole_mode=No
# energy_unit=MeV
# flux_unit=cm^-2 s^-1 MeV^-1 sr^-1
# Energy Flux
1.1294000000e-02 3.0249157821e-11
1.4219000000e-02 3.6413628171e-11
1.7901000000e-02 4.3852254800e-11
2.2536000000e-02 5.2834451134e-11
2.8371000000e-02 6.3689054693e-11
3.5717000000e-02 7.6817640467e-11
4.4965000000e-02 9.2710662401e-11
5.6607000000e-02 1.1196936494e-10
7.1264000000e-02 1.3533578382e-10
8.9717000000e-02 1.6372374813e-10
1.1294000000e-01 1.9825052600e-10
1.4219000000e-01 2.4034878991e-10
1.7901000000e-01 2.9174664055e-10
2.2536000000e-01 3.5463357786e-10
2.8371000000e-01 4.3176560967e-10
3.5717000000e-01 5.2662359974e-10
4.4965000000e-01 6.4361672492e-10
5.6608000000e-01 7.8837348226e-10
7.1264000000e-01 9.6806389046e-10
8.9717000000e-01 1.1919716500e-09
1.1294000000e+00 1.4718859243e-09
1.4219000000e+00 1.8234142934e-09
1.7901000000e+00 2.2662303643e-09
2.2536000000e+00 2.8259225415e-09
2.8371000000e+00 3.5353956994e-09
3.5717000000e+00 4.4366357492e-09
4.4965000000e+00 5.5825514510e-09
5.6607000000e+00 7.0387665543e-09
7.1265000000e+00 8.8851071700e-09
8.9717000000e+00 1.1214382758e-08
1.1295000000e+01 1.4350162029e-08
1.4219000000e+01 1.8516679479e-08
1.7901000000e+01 2.3662597198e-08
2.2536000000e+01 2.9839003503e-08
2.8371000000e+01 3.7029277396e-08
3.5717000000e+01 4.5149415210e-08
4.4965000000e+01 5.3888734996e-08
5.6607000000e+01 6.3267352633e-08
7.1265000000e+01 7.3582397294e-08
8.9716000000e+01 8.4811829146e-08
1.1294000000e+02 9.8625454990e-08
1.4219000000e+02 1.1554514619e-07
1.7901000000e+02 1.3490006060e-07
2.2536000000e+02 1.5643042611e-07
2.8371000000e+02 1.7775546637e-07
3.5717000000e+02 1.9588475516e-07
4.4965000000e+02 2.0995306071e-07
5.6608000000e+02 2.1866496402e-07
7.1265000000e+02 2.1158688242e-07
8.9716000000e+02 1.9619069284e-07
1.1294000000e+03 1.7686484309e-07
1.4219000000e+03 1.5816336174e-07
1.7901000000e+03 1.3758678739e-07
2.2536000000e+03 1.1190771859e-07
2.8371000000e+03 8.6356294951e-08
3.5717000000e+03 6.3552558267e-08
4.4965000000e+03 4.4697395645e-08
5.6608000000e+03 3.0211627080e-08
7.1265000000e+03 1.9893938567e-08
8.9717000000e+03 1.2645899531e-08
1.1294000000e+04 7.7596138429e-09
1.4219000000e+04 4.6561284827e-09
1.7901000000e+04 2.7390950769e-09
2.2536000000e+04 1.5779130897e-09
2.8371000000e+04 8.9500301871e-10
3.5717000000e+04 5.0129871533e-10
4.4965000000e+04 2.7791338354e-10
5.6608000000e+04 1.5273114337e-10
7.1264000000e+04 8.2684727469e-11
8.9716000000e+04 4.2925095499e-11
1.1294000000e+05 2.2731240660e-11
1.4219000000e+05 1.2432296679e-11
1.7901000000e+05 6.7883132661e-12
2.2536000000e+05 3.7017726161e-12
2.8371000000e+05 2.0165404617e-12
3.5717000000e+05 1.0221681599e-12
4.4965000000e+05 5.0726021499e-13
5.6608000000e+05 2.5158429716e-13
7.1264000000e+05 1.2473258428e-13
8.9716000000e+05 6.1816972183e-14
