# particle=eminus
# bin=18
# theta_mid_deg=148.211669
# mu_high=-0.800000
# mu_low=-0.900000
# delta_omega_sr=0.6283185307
# black_hole_mode=No
# energy_unit=MeV
# flux_unit=cm^-2 s^-1 MeV^-1 sr^-1
# Energy Flux
1.1294000000e-02 1.1859807660e-02
1.4219000000e-02 1.1359830594e-02
1.7901000000e-02 1.0856541247e-02
2.2536000000e-02 1.0347740444e-02
2.8371000000e-02 9.8313383395e-03
3.5717000000e-02 9.3055249603e-03
4.4965000000e-02 8.7689817528e-03
5.6607000000e-02 8.2210664646e-03
7.1264000000e-02 7.6619875326e-03
8.9717000000e-02 7.0931524806e-03
1.1294000000e-01 6.5359745107e-03
1.4219000000e-01 5.9935426837e-03
1.7901000000e-01 5.4607175202e-03
2.2536000000e-01 4.9386495451e-03
2.8371000000e-01 4.3723226220e-03
3.5717000000e-01 3.8442916509e-03
4.4965000000e-01 3.3611977767e-03
5.6608000000e-01 2.9002290374e-03
7.1264000000e-01 2.4645003354e-03
8.9717000000e-01 2.0564886307e-03
1.1294000000e+00 1.6861046723e-03
1.4219000000e+00 1.3666448382e-03
1.7901000000e+00 1.0973881364e-03
2.2536000000e+00 8.7137627580e-04
2.8371000000e+00 6.8255746536e-04
3.5717000000e+00 5.2598486693e-04
4.4965000000e+00 3.9982090743e-04
5.6607000000e+00 3.0316659500e-04
7.1265000000e+00 2.3181139613e-04
8.9717000000e+00 1.7925271718e-04
1.1295000000e+01 1.3928080061e-04
1.4219000000e+01 1.0780032342e-04
1.7901000000e+01 8.2564164015e-05
2.2536000000e+01 6.2200093420e-05
2.8371000000e+01 4.6042610101e-05
3.5717000000e+01 3.3636553251e-05
4.4965000000e+01 2.4396915437e-05
5.6607000000e+01 1.7711671441e-05
7.1265000000e+01 1.2842277653e-05
8.9716000000e+01 9.2068828062e-06
1.1294000000e+02 6.4340694438e-06
1.4219000000e+02 4.3009543073e-06
1.7901000000e+02 2.6835523203e-06
2.2536000000e+02 1.5351916546e-06
2.8371000000e+02 8.3665243799e-07
3.5717000000e+02 4.7999026405e-07
4.4965000000e+02 2.5526886583e-07
5.6608000000e+02 1.2584916976e-07
7.1265000000e+02 5.7997353384e-08
8.9716000000e+02 2.5351262102e-08
1.1294000000e+03 1.0698138697e-08
1.4219000000e+03 4.4333495687e-09
1.7901000000e+03 1.8327993079e-09
2.2536000000e+03 7.6470296814e-10
2.8371000000e+03 3.2440678182e-10
3.5717000000e+03 1.4042108624e-10
4.4965000000e+03 6.1978173884e-11
5.6608000000e+03 2.7804631545e-11
7.1265000000e+03 1.2654033657e-11
8.9717000000e+03 5.8298610704e-12
1.1294000000e+04 2.7580792915e-12
1.4219000000e+04 1.3264369190e-12
1.7901000000e+04 6.3791410900e-13
2.2536000000e+04 3.0678727385e-13
2.8371000000e+04 1.4753688259e-13
3.5717000000e+04 7.0948802266e-14
4.4965000000e+04 3.4118116487e-14
5.6608000000e+04 1.6406252134e-14
7.1264000000e+04 7.8897903657e-15
8.9716000000e+04 3.7939931212e-15
1.1294000000e+05 1.8247185745e-15
1.4219000000e+05 8.7731698786e-16
1.7901000000e+05 4.2185006993e-16
2.2536000000e+05 2.0285561030e-16
2.8371000000e+05 9.7548632866e-17
3.5717000000e+05 4.6908026880e-17
4.4965000000e+05 2.2556684384e-17
5.6608000000e+05 1.0846555756e-17
7.1264000000e+05 5.2160627414e-18
8.9716000000e+05 2.5082476914e-18
