# particle=n
# bin=11
# theta_mid_deg=98.626927
# mu_high=-0.100000
# mu_low=-0.200000
# delta_omega_sr=0.6283185307
# black_hole_mode=No
# energy_unit=MeV
# flux_unit=cm^-2 s^-1 MeV^-1 sr^-1
# Energy Flux
1.1294000000e-08 1.4070356415e+03
1.4219000000e-08 1.4657507528e+03
1.7901000000e-08 1.5188403035e+03
2.2536000000e-08 1.5636061784e+03
2.8371000000e-08 1.5969110646e+03
3.5717000000e-08 1.6153352994e+03
4.4965000000e-08 1.6154820373e+03
5.6608000000e-08 1.5944347562e+03
7.1265000000e-08 1.5503198533e+03
8.9717000000e-08 1.4828477486e+03
1.1295000000e-07 1.3917408317e+03
1.4219000000e-07 1.2811182297e+03
1.7901000000e-07 1.1580335349e+03
2.2536000000e-07 1.0286527553e+03
2.8371000000e-07 8.9899518931e+02
3.5717000000e-07 7.7423639841e+02
4.4965000000e-07 6.5825967443e+02
5.6608000000e-07 5.5350804984e+02
7.1264000000e-07 4.6113883495e+02
8.9717000000e-07 3.8124315384e+02
1.1294000000e-06 3.1324673787e+02
1.4219000000e-06 2.5605973421e+02
1.7901000000e-06 2.0847652282e+02
2.2536000000e-06 1.6919655347e+02
2.8371000000e-06 1.3697205452e+02
3.5717000000e-06 1.1066557193e+02
4.4965000000e-06 8.9274749397e+01
5.6608000000e-06 7.1933691043e+01
7.1264000000e-06 5.7911457660e+01
8.9716000000e-06 4.6592141489e+01
1.1294000000e-05 3.7470661502e+01
1.4219000000e-05 3.0123941696e+01
1.7901000000e-05 2.4215273775e+01
2.2536000000e-05 1.9465839029e+01
2.8371000000e-05 1.5649564538e+01
3.5717000000e-05 1.2583819953e+01
4.4965000000e-05 1.0121420546e+01
5.6607000000e-05 8.1437129891e+00
7.1264000000e-05 6.5550132735e+00
8.9717000000e-05 5.2785884399e+00
1.1295000000e-04 4.2527818345e+00
1.4219000000e-04 3.4283961263e+00
1.7901000000e-04 2.7652706716e+00
2.2536000000e-04 2.2318305082e+00
2.8371000000e-04 1.8024851364e+00
3.5717000000e-04 1.4567429416e+00
4.4965000000e-04 1.1781970265e+00
5.6607000000e-04 9.5368113121e-01
7.1265000000e-04 7.7259756186e-01
8.9716000000e-04 6.2650379726e-01
1.1295000000e-03 5.0853926091e-01
1.4219000000e-03 4.1329401304e-01
1.7901000000e-03 3.3631060324e-01
2.2536000000e-03 2.7408368954e-01
2.8371000000e-03 2.2376221745e-01
3.5717000000e-03 1.8305459852e-01
4.4965000000e-03 1.5011723412e-01
5.6607000000e-03 1.2346075303e-01
7.1265000000e-03 1.0187509633e-01
8.9717000000e-03 8.4386721786e-02
1.1294000000e-02 7.0211172050e-02
1.4219000000e-02 5.8705516649e-02
1.7901000000e-02 4.9356073227e-02
2.2536000000e-02 4.1736446330e-02
2.8371000000e-02 3.5505628528e-02
3.5717000000e-02 3.0391865621e-02
4.4965000000e-02 2.6178552527e-02
5.6607000000e-02 2.2692728093e-02
7.1264000000e-02 1.9795861442e-02
8.9717000000e-02 1.7377115178e-02
1.1294000000e-01 1.5347506492e-02
1.4219000000e-01 1.3632260649e-02
1.7901000000e-01 1.2172280558e-02
2.2536000000e-01 1.0917416745e-02
2.8371000000e-01 9.8256359418e-03
3.5717000000e-01 8.8609355617e-03
4.4965000000e-01 7.9915900229e-03
5.6608000000e-01 7.1894321113e-03
7.1264000000e-01 6.4309338410e-03
8.9717000000e-01 5.6981041415e-03
1.1294000000e+00 4.9801302720e-03
1.4219000000e+00 4.2725087198e-03
1.7901000000e+00 3.5794611442e-03
2.2536000000e+00 2.9127056286e-03
2.8371000000e+00 2.2910242560e-03
3.5717000000e+00 1.7373073784e-03
4.4965000000e+00 1.2731296916e-03
5.6607000000e+00 9.1185154213e-04
7.1265000000e+00 6.5294103448e-04
8.9717000000e+00 4.8110386644e-04
1.1295000000e+01 3.7171692831e-04
1.4219000000e+01 3.0033557602e-04
1.7901000000e+01 2.4961513877e-04
2.2536000000e+01 2.1066880576e-04
2.8371000000e+01 1.7988734814e-04
3.5717000000e+01 1.5557114155e-04
4.4965000000e+01 1.3656324334e-04
5.6607000000e+01 1.1954903918e-04
7.1265000000e+01 1.0462747772e-04
8.9716000000e+01 8.9451161908e-05
1.1294000000e+02 7.3462858275e-05
1.4219000000e+02 5.7335552725e-05
1.7901000000e+02 4.2032457490e-05
2.2536000000e+02 2.8819336687e-05
2.8371000000e+02 1.8700138784e-05
3.5717000000e+02 1.1622009809e-05
4.4965000000e+02 7.0084514545e-06
5.6608000000e+02 4.1610798827e-06
7.1265000000e+02 2.4718633707e-06
8.9716000000e+02 1.4907880142e-06
1.1294000000e+03 9.1589953777e-07
1.4219000000e+03 5.7107934849e-07
1.7901000000e+03 3.5762218390e-07
2.2536000000e+03 2.2300332138e-07
2.8371000000e+03 1.3725978666e-07
3.5717000000e+03 8.2833130391e-08
4.4965000000e+03 4.8827620133e-08
5.6608000000e+03 2.8089752262e-08
7.1265000000e+03 1.5802227543e-08
8.9717000000e+03 8.7237877670e-09
1.1294000000e+04 5.5390314837e-09
1.4219000000e+04 4.0240852066e-09
1.7901000000e+04 2.9120257012e-09
2.2536000000e+04 2.1003286810e-09
2.8371000000e+04 1.5107248606e-09
3.5717000000e+04 1.0841892520e-09
4.4965000000e+04 7.7667797951e-10
5.6608000000e+04 5.5557971274e-10
7.1264000000e+04 3.9698523311e-10
8.9716000000e+04 2.8340433451e-10
1.1294000000e+05 2.0219625850e-10
1.4219000000e+05 1.4416141432e-10
1.7901000000e+05 1.0274802312e-10
2.2536000000e+05 7.3212468222e-11
2.8371000000e+05 5.2156581847e-11
3.5717000000e+05 3.7150744041e-11
4.4965000000e+05 2.6459829786e-11
5.6608000000e+05 1.8844240185e-11
7.1264000000e+05 1.3420754908e-11
8.9716000000e+05 9.5579687356e-12
