# particle=muminus
# bin=01
# theta_mid_deg=31.788331
# mu_high=0.900000
# mu_low=0.800000
# delta_omega_sr=0.6283185307
# black_hole_mode=No
# energy_unit=MeV
# flux_unit=cm^-2 s^-1 MeV^-1 sr^-1
# Energy Flux
1.1294000000e-02 3.3248806553e-11
1.4219000000e-02 4.0024574770e-11
1.7901000000e-02 4.8200850595e-11
2.2536000000e-02 5.8073763755e-11
2.8371000000e-02 7.0004760845e-11
3.5717000000e-02 8.4435238919e-11
4.4965000000e-02 1.0190428764e-10
5.6607000000e-02 1.2307277369e-10
7.1264000000e-02 1.4875631654e-10
8.9717000000e-02 1.7995936488e-10
1.1294000000e-01 2.1790998040e-10
1.4219000000e-01 2.6418290612e-10
1.7901000000e-01 3.2067760933e-10
2.2536000000e-01 3.8980071105e-10
2.8371000000e-01 4.7458151784e-10
3.5717000000e-01 5.7884607226e-10
4.4965000000e-01 7.0744078587e-10
5.6608000000e-01 8.6655230397e-10
7.1264000000e-01 1.0640616580e-09
8.9717000000e-01 1.3101731639e-09
1.1294000000e+00 1.6178450539e-09
1.4219000000e+00 2.0042326291e-09
1.7901000000e+00 2.4909604239e-09
2.2536000000e+00 3.1061543092e-09
2.8371000000e+00 3.8859821616e-09
3.5717000000e+00 4.8765934128e-09
4.4965000000e+00 6.1361435040e-09
5.6607000000e+00 7.7367637446e-09
7.1265000000e+00 9.7661961779e-09
8.9717000000e+00 1.2326453687e-08
1.1295000000e+01 1.5856532556e-08
1.4219000000e+01 2.0697200459e-08
1.7901000000e+01 2.6805312468e-08
2.2536000000e+01 3.4456365299e-08
2.8371000000e+01 4.3907107643e-08
3.5717000000e+01 5.5349841648e-08
4.4965000000e+01 6.8797640270e-08
5.6607000000e+01 8.4649903181e-08
7.1265000000e+01 1.0341909122e-07
8.9716000000e+01 1.2462347493e-07
1.1294000000e+02 1.4923304513e-07
1.4219000000e+02 1.7560578633e-07
1.7901000000e+02 2.0041662335e-07
2.2536000000e+02 2.2275924854e-07
2.8371000000e+02 2.4058170420e-07
3.5717000000e+02 2.5200122843e-07
4.4965000000e+02 2.5669890997e-07
5.6608000000e+02 2.5378706552e-07
7.1265000000e+02 2.3712498992e-07
8.9716000000e+02 2.1265058442e-07
1.1294000000e+03 1.8347090202e-07
1.4219000000e+03 1.4734077104e-07
1.7901000000e+03 1.0826974270e-07
2.2536000000e+03 7.7878903001e-08
2.8371000000e+03 5.4785024394e-08
3.5717000000e+03 3.7167815858e-08
4.4965000000e+03 2.4205822071e-08
5.6608000000e+03 1.5110080421e-08
7.1265000000e+03 9.1225247189e-09
8.9717000000e+03 5.2863370379e-09
1.1294000000e+04 2.9546397919e-09
1.4219000000e+04 1.6237613004e-09
1.7901000000e+04 8.8486775597e-10
2.2536000000e+04 4.7935685297e-10
2.8371000000e+04 2.5976292573e-10
3.5717000000e+04 1.4102704245e-10
4.4965000000e+04 7.6731918982e-11
5.6608000000e+04 4.1854407797e-11
7.1264000000e+04 2.2745271447e-11
8.9716000000e+04 1.1986594907e-11
1.1294000000e+05 6.3984919888e-12
1.4219000000e+05 3.4994988568e-12
1.7901000000e+05 1.9108049886e-12
2.2536000000e+05 1.0419916265e-12
2.8371000000e+05 5.6762489044e-13
3.5717000000e+05 2.8772449687e-13
4.4965000000e+05 1.4278588971e-13
5.6608000000e+05 7.0817080948e-14
7.1264000000e+05 3.5110289542e-14
8.9716000000e+05 1.7400519716e-14
