# particle=muplus
# bin=01
# theta_mid_deg=31.788331
# mu_high=0.900000
# mu_low=0.800000
# delta_omega_sr=0.6283185307
# black_hole_mode=No
# energy_unit=MeV
# flux_unit=cm^-2 s^-1 MeV^-1 sr^-1
# Energy Flux
1.1294000000e-02 9.5722016187e-11
1.4219000000e-02 1.1132846996e-10
1.7901000000e-02 1.2950250586e-10
2.2536000000e-02 1.5067493150e-10
2.8371000000e-02 1.7535254965e-10
3.5717000000e-02 2.0413137329e-10
4.4965000000e-02 2.3771183373e-10
5.6607000000e-02 2.7692107599e-10
7.1264000000e-02 3.2274472752e-10
8.9717000000e-02 3.7635219474e-10
1.1294000000e-01 4.3911612227e-10
1.4219000000e-01 5.1276454940e-10
1.7901000000e-01 5.9928089177e-10
2.2536000000e-01 7.0112160889e-10
2.8371000000e-01 8.2129661500e-10
3.5717000000e-01 9.6351613710e-10
4.4965000000e-01 1.1323814944e-09
5.6608000000e-01 1.3336754095e-09
7.1264000000e-01 1.5746665590e-09
8.9717000000e-01 1.8647236697e-09
1.1294000000e+00 2.2156673895e-09
1.4219000000e+00 2.6432764176e-09
1.7901000000e+00 3.1674582623e-09
2.2536000000e+00 3.8144390560e-09
2.8371000000e+00 4.6184330021e-09
3.5717000000e+00 5.6238738257e-09
4.4965000000e+00 6.8879288898e-09
5.6607000000e+00 8.4832164822e-09
7.1265000000e+00 1.0500482345e-08
8.9717000000e+00 1.3048604181e-08
1.1295000000e+01 1.6593905832e-08
1.4219000000e+01 2.1497208205e-08
1.7901000000e+01 2.7733753611e-08
2.2536000000e+01 3.5627082934e-08
2.8371000000e+01 4.5493821103e-08
3.5717000000e+01 5.7594741119e-08
4.4965000000e+01 7.2009161053e-08
5.6607000000e+01 8.9219278766e-08
7.1265000000e+01 1.0982976750e-07
8.9716000000e+01 1.3338519837e-07
1.1294000000e+02 1.6070033763e-07
1.4219000000e+02 1.8992272313e-07
1.7901000000e+02 2.1761740871e-07
2.2536000000e+02 2.4274103520e-07
2.8371000000e+02 2.6300275398e-07
3.5717000000e+02 2.7629292759e-07
4.4965000000e+02 2.8222076811e-07
5.6608000000e+02 2.7977988235e-07
7.1265000000e+02 2.6214801440e-07
8.9716000000e+02 2.3580269869e-07
1.1294000000e+03 2.0412314233e-07
1.4219000000e+03 1.6453004241e-07
1.7901000000e+03 1.2139046034e-07
2.2536000000e+03 8.7699042319e-08
2.8371000000e+03 6.1978814275e-08
3.5717000000e+03 4.2249011829e-08
4.4965000000e+03 2.7646808480e-08
5.6608000000e+03 1.7338885033e-08
7.1265000000e+03 1.0514877357e-08
8.9717000000e+03 6.1185282591e-09
1.1294000000e+04 3.4327503478e-09
1.4219000000e+04 1.8929364367e-09
1.7901000000e+04 1.0346542586e-09
2.2536000000e+04 5.6196737165e-10
2.8371000000e+04 3.0521630572e-10
3.5717000000e+04 1.6602312232e-10
4.4965000000e+04 9.0479579541e-11
5.6608000000e+04 4.9421114750e-11
7.1264000000e+04 2.6888264605e-11
8.9716000000e+04 1.4183561323e-11
1.1294000000e+05 7.5773053375e-12
1.4219000000e+05 4.1469785624e-12
1.7901000000e+05 2.2655909495e-12
2.2536000000e+05 1.2360247889e-12
2.8371000000e+05 6.7357781023e-13
3.5717000000e+05 3.4148268891e-13
4.4965000000e+05 1.6951231290e-13
5.6608000000e+05 8.4092279049e-14
7.1264000000e+05 4.1700045060e-14
8.9716000000e+05 2.0669663956e-14
