# particle=eplus
# bin=15
# theta_mid_deg=123.367013
# mu_high=-0.500000
# mu_low=-0.600000
# delta_omega_sr=0.6283185307
# black_hole_mode=No
# energy_unit=MeV
# flux_unit=cm^-2 s^-1 MeV^-1 sr^-1
# Energy Flux
1.1294000000e-02 2.8097317632e-05
1.4219000000e-02 3.3323887943e-05
1.7901000000e-02 3.9483655622e-05
2.2536000000e-02 4.6722400444e-05
2.8371000000e-02 5.5197425451e-05
3.5717000000e-02 6.5071252443e-05
4.4965000000e-02 7.6500368209e-05
5.6607000000e-02 8.9618757238e-05
7.1264000000e-02 1.0451472785e-04
8.9717000000e-02 1.2119395737e-04
1.1294000000e-01 1.3994054191e-04
1.4219000000e-01 1.6077631633e-04
1.7901000000e-01 1.8324883512e-04
2.2536000000e-01 2.0675250956e-04
2.8371000000e-01 2.2743266031e-04
3.5717000000e-01 2.4714199655e-04
4.4965000000e-01 2.6541081375e-04
5.6608000000e-01 2.7952815100e-04
7.1264000000e-01 2.8847471801e-04
8.9717000000e-01 2.9177074628e-04
1.1294000000e+00 2.8990480265e-04
1.4219000000e+00 2.8435073317e-04
1.7901000000e+00 2.7566319733e-04
2.2536000000e+00 2.6432667183e-04
2.8371000000e+00 2.5108124854e-04
3.5717000000e+00 2.3606940751e-04
4.4965000000e+00 2.1960526621e-04
5.6607000000e+00 2.0277961829e-04
7.1265000000e+00 1.8632935574e-04
8.9717000000e+00 1.7024898608e-04
1.1295000000e+01 1.5397193265e-04
1.4219000000e+01 1.3720779341e-04
1.7901000000e+01 1.2017522063e-04
2.2536000000e+01 1.0299201003e-04
2.8371000000e+01 8.6055727464e-05
3.5717000000e+01 6.9895454388e-05
4.4965000000e+01 5.4987792168e-05
5.6607000000e+01 4.1979927754e-05
7.1265000000e+01 3.1064114633e-05
8.9716000000e+01 2.2228998898e-05
1.1294000000e+02 1.5355051730e-05
1.4219000000e+02 1.0214085376e-05
1.7901000000e+02 6.5277565972e-06
2.2536000000e+02 4.0104660175e-06
2.8371000000e+02 2.4011589562e-06
3.5717000000e+02 1.4356206431e-06
4.4965000000e+02 8.3519506015e-07
5.6608000000e+02 4.7267511320e-07
7.1265000000e+02 2.6058494568e-07
8.9716000000e+02 1.4050965792e-07
1.1294000000e+03 7.4624779406e-08
1.4219000000e+03 3.9375403061e-08
1.7901000000e+03 2.0848699015e-08
2.2536000000e+03 1.1175956436e-08
2.8371000000e+03 6.1072187619e-09
3.5717000000e+03 3.4168483886e-09
4.4965000000e+03 1.9576103597e-09
5.6608000000e+03 1.1452245040e-09
7.1265000000e+03 6.8295899207e-10
8.9717000000e+03 4.1429443197e-10
1.1294000000e+04 2.6199212054e-10
1.4219000000e+04 1.7025481071e-10
1.7901000000e+04 1.1063916374e-10
2.2536000000e+04 7.1897851367e-11
2.8371000000e+04 4.6721061188e-11
3.5717000000e+04 3.0359531708e-11
4.4965000000e+04 1.9727487808e-11
5.6608000000e+04 1.2818486787e-11
7.1264000000e+04 8.3294898407e-12
8.9716000000e+04 5.4123233949e-12
1.1294000000e+05 3.5171271772e-12
1.4219000000e+05 2.2851242592e-12
1.7901000000e+05 1.4847557105e-12
2.2536000000e+05 9.6475219741e-13
2.8371000000e+05 6.2687260437e-13
3.5717000000e+05 4.0732186736e-13
4.4965000000e+05 2.6466543379e-13
5.6608000000e+05 1.7196886141e-13
7.1264000000e+05 1.1174357202e-13
8.9716000000e+05 7.2607498818e-14
