# particle=gamma
# bin=09
# theta_mid_deg=87.134016
# mu_high=0.100000
# mu_low=0.000000
# delta_omega_sr=0.6283185307
# black_hole_mode=No
# energy_unit=MeV
# flux_unit=cm^-2 s^-1 MeV^-1 sr^-1
# Energy Flux
1.1294000000e-02 2.0766143147e-02
1.4219000000e-02 4.9135682032e-02
1.7901000000e-02 1.1561210311e-01
2.2536000000e-02 2.6933892604e-01
2.8371000000e-02 6.1167127546e-01
3.5717000000e-02 1.2830390378e+00
4.4965000000e-02 2.1727275069e+00
5.6607000000e-02 2.4785464099e+00
7.1264000000e-02 1.9794293113e+00
8.9717000000e-02 1.3881291621e+00
1.1294000000e-01 9.4650202791e-01
1.4219000000e-01 6.3237613696e-01
1.7901000000e-01 4.1850979276e-01
2.2536000000e-01 2.7562228430e-01
2.8371000000e-01 1.8282186052e-01
3.5717000000e-01 1.2362195985e-01
4.4965000000e-01 8.5743160752e-02
5.6608000000e-01 1.5367287315e-01
7.1264000000e-01 4.4295157229e-02
8.9717000000e-01 3.2358337816e-02
1.1294000000e+00 2.3531865354e-02
1.4219000000e+00 1.6955918180e-02
1.7901000000e+00 1.2109945895e-02
2.2536000000e+00 8.5782998347e-03
2.8371000000e+00 6.0310130072e-03
3.5717000000e+00 4.2233827379e-03
4.4965000000e+00 2.9828756018e-03
5.6607000000e+00 2.1518340884e-03
7.1265000000e+00 1.5879360271e-03
8.9717000000e+00 1.1932843869e-03
1.1295000000e+01 9.0991908424e-04
1.4219000000e+01 7.0308955027e-04
1.7901000000e+01 5.4971975403e-04
2.2536000000e+01 4.3398691011e-04
2.8371000000e+01 3.4491159664e-04
3.5717000000e+01 2.7543527245e-04
4.4965000000e+01 2.2011251796e-04
5.6607000000e+01 1.7548759974e-04
7.1265000000e+01 1.3923285079e-04
8.9716000000e+01 1.0959946541e-04
1.1294000000e+02 8.5399636248e-05
1.4219000000e+02 6.5713265323e-05
1.7901000000e+02 4.9809089741e-05
2.2536000000e+02 3.7115182091e-05
2.8371000000e+02 2.7172755030e-05
3.5717000000e+02 1.9529518981e-05
4.4965000000e+02 1.3714102308e-05
5.6608000000e+02 9.4769593411e-06
7.1265000000e+02 6.4592720617e-06
8.9716000000e+02 4.3351181261e-06
1.1294000000e+03 2.8378476984e-06
1.4219000000e+03 1.8331642493e-06
1.7901000000e+03 1.1742673022e-06
2.2536000000e+03 7.4869860063e-07
2.8371000000e+03 4.7630664801e-07
3.5717000000e+03 3.0174030027e-07
4.4965000000e+03 1.9002144859e-07
5.6608000000e+03 1.1916934336e-07
7.1265000000e+03 7.4328983099e-08
8.9717000000e+03 4.5703171491e-08
1.1294000000e+04 2.7727431726e-08
1.4219000000e+04 1.6812812471e-08
1.7901000000e+04 1.0188050738e-08
2.2536000000e+04 6.1704248485e-09
2.8371000000e+04 3.7354869676e-09
3.5717000000e+04 2.2605718693e-09
4.4965000000e+04 1.3676258443e-09
5.6608000000e+04 8.2719940665e-10
7.1264000000e+04 5.0026346921e-10
8.9716000000e+04 3.0248891952e-10
1.1294000000e+05 1.8290211754e-10
1.4219000000e+05 1.1055902431e-10
1.7901000000e+05 6.6829349382e-11
2.2536000000e+05 4.0395665760e-11
2.8371000000e+05 2.4416682654e-11
3.5717000000e+05 1.4757664301e-11
4.4965000000e+05 8.9194468568e-12
5.6608000000e+05 5.3906443756e-12
7.1264000000e+05 3.2580627716e-12
8.9716000000e+05 1.9690471322e-12
