# particle=muminus
# bin=04
# theta_mid_deg=56.632987
# mu_high=0.600000
# mu_low=0.500000
# delta_omega_sr=0.6283185307
# black_hole_mode=No
# energy_unit=MeV
# flux_unit=cm^-2 s^-1 MeV^-1 sr^-1
# Energy Flux
1.1294000000e-02 3.1311007410e-11
1.4219000000e-02 3.7691871893e-11
1.7901000000e-02 4.5391619929e-11
2.2536000000e-02 5.4689122280e-11
2.8371000000e-02 6.5924759797e-11
3.5717000000e-02 7.9514204133e-11
4.4965000000e-02 9.5965125858e-11
5.6607000000e-02 1.1589987517e-10
7.1264000000e-02 1.4008653580e-10
8.9717000000e-02 1.6947101539e-10
1.1294000000e-01 2.0520980205e-10
1.4219000000e-01 2.4878585997e-10
1.7901000000e-01 3.0198795213e-10
2.2536000000e-01 3.6708243746e-10
2.8371000000e-01 4.4692206915e-10
3.5717000000e-01 5.4510990127e-10
4.4965000000e-01 6.6620988796e-10
5.6608000000e-01 8.1604810589e-10
7.1264000000e-01 1.0020462661e-09
8.9717000000e-01 1.2338139589e-09
1.1294000000e+00 1.5235541880e-09
1.4219000000e+00 1.8874224132e-09
1.7901000000e+00 2.3457828528e-09
2.2536000000e+00 2.9251221525e-09
2.8371000000e+00 3.6595002609e-09
3.5717000000e+00 4.5923769396e-09
4.4965000000e+00 5.7785182279e-09
5.6607000000e+00 7.2858514952e-09
7.1265000000e+00 9.1970050235e-09
8.9717000000e+00 1.1608046205e-08
1.1295000000e+01 1.4852930242e-08
1.4219000000e+01 1.9169648318e-08
1.7901000000e+01 2.4510291903e-08
2.2536000000e+01 3.1003901875e-08
2.8371000000e+01 3.8734795992e-08
3.5717000000e+01 4.7735408706e-08
4.4965000000e+01 5.7885262575e-08
5.6607000000e+01 6.9534048225e-08
7.1265000000e+01 8.3380980251e-08
8.9716000000e+01 9.9591541454e-08
1.1294000000e+02 1.1971415577e-07
1.4219000000e+02 1.4313117571e-07
1.7901000000e+02 1.6736843486e-07
2.2536000000e+02 1.9124642188e-07
2.8371000000e+02 2.1217958077e-07
3.5717000000e+02 2.2762841063e-07
4.4965000000e+02 2.3703398617e-07
5.6608000000e+02 2.3940047290e-07
7.1265000000e+02 2.2690646085e-07
8.9716000000e+02 2.0616420668e-07
1.1294000000e+03 1.8086929177e-07
1.4219000000e+03 1.5202242050e-07
1.7901000000e+03 1.2181848078e-07
2.2536000000e+03 9.3562950103e-08
2.8371000000e+03 6.9383057420e-08
3.5717000000e+03 4.9477408639e-08
4.4965000000e+03 3.3847886108e-08
5.6608000000e+03 2.2219033176e-08
7.1265000000e+03 1.4166001099e-08
8.9717000000e+03 8.7076216044e-09
1.1294000000e+04 5.1721282376e-09
1.4219000000e+04 3.0134020257e-09
1.7901000000e+04 1.7287939508e-09
2.2536000000e+04 9.7576333860e-10
2.8371000000e+04 5.4443758641e-10
3.5717000000e+04 3.0080552074e-10
4.4965000000e+04 1.6476186484e-10
5.6608000000e+04 8.9574544006e-11
7.1264000000e+04 4.8085450082e-11
8.9716000000e+04 2.4860648886e-11
1.1294000000e+05 1.3154455821e-11
1.4219000000e+05 7.1945082042e-12
1.7901000000e+05 3.9283630970e-12
2.2536000000e+05 2.1421973867e-12
2.8371000000e+05 1.1669619275e-12
3.5717000000e+05 5.9152362610e-13
4.4965000000e+05 2.9354896143e-13
5.6608000000e+05 1.4559058046e-13
7.1264000000e+05 7.2182125641e-14
8.9716000000e+05 3.5773174097e-14
