# particle=eplus
# bin=09
# theta_mid_deg=87.134016
# mu_high=0.100000
# mu_low=0.000000
# delta_omega_sr=0.6283185307
# black_hole_mode=No
# energy_unit=MeV
# flux_unit=cm^-2 s^-1 MeV^-1 sr^-1
# Energy Flux
1.1294000000e-02 2.6427828896e-05
1.4219000000e-02 3.1343846421e-05
1.7901000000e-02 3.7137612516e-05
2.2536000000e-02 4.3946245001e-05
2.8371000000e-02 5.1917700274e-05
3.5717000000e-02 6.1204843399e-05
4.4965000000e-02 7.1954863023e-05
5.6607000000e-02 8.4293782530e-05
7.1264000000e-02 9.8304663136e-05
8.9717000000e-02 1.1399284482e-04
1.1294000000e-01 1.3155227323e-04
1.4219000000e-01 1.5095024560e-04
1.7901000000e-01 1.7142309692e-04
2.2536000000e-01 1.9235754464e-04
2.8371000000e-01 2.1604211924e-04
3.5717000000e-01 2.3818637095e-04
4.4965000000e-01 2.5692959781e-04
5.6608000000e-01 2.7313428884e-04
7.1264000000e-01 2.8491800437e-04
8.9717000000e-01 2.9055649687e-04
1.1294000000e+00 2.8956678473e-04
1.4219000000e+00 2.8435990753e-04
1.7901000000e+00 2.7759198802e-04
2.2536000000e+00 2.7001577001e-04
2.8371000000e+00 2.6080152399e-04
3.5717000000e+00 2.4898299258e-04
4.4965000000e+00 2.3490328860e-04
5.6607000000e+00 2.1854846970e-04
7.1265000000e+00 1.9991111113e-04
8.9717000000e+00 1.7986727941e-04
1.1295000000e+01 1.5968107597e-04
1.4219000000e+01 1.4059517533e-04
1.7901000000e+01 1.2349445008e-04
2.2536000000e+01 1.0852843088e-04
2.8371000000e+01 9.5332715574e-05
3.5717000000e+01 8.3276992235e-05
4.4965000000e+01 7.1832339897e-05
5.6607000000e+01 6.0900966560e-05
7.1265000000e+01 5.0616644335e-05
8.9716000000e+01 4.1223568787e-05
1.1294000000e+02 3.2925358429e-05
1.4219000000e+02 2.5829325511e-05
1.7901000000e+02 1.9947330365e-05
2.2536000000e+02 1.5172717762e-05
2.8371000000e+02 1.1318482414e-05
3.5717000000e+02 8.2444766118e-06
4.4965000000e+02 5.9409196484e-06
5.6608000000e+02 4.2364917208e-06
7.1265000000e+02 2.9883977752e-06
8.9716000000e+02 2.0840331494e-06
1.1294000000e+03 1.4368037188e-06
1.4219000000e+03 9.7974563633e-07
1.7901000000e+03 6.6174887813e-07
2.2536000000e+03 4.4340327141e-07
2.8371000000e+03 2.9517906899e-07
3.5717000000e+03 1.9549841675e-07
4.4965000000e+03 1.2893112912e-07
5.6608000000e+03 8.4716546903e-08
7.1265000000e+03 5.5515097973e-08
8.9717000000e+03 3.6310282296e-08
1.1294000000e+04 2.3660273385e-08
1.4219000000e+04 1.5375559227e-08
1.7901000000e+04 9.9917236280e-09
2.2536000000e+04 6.4930304608e-09
2.8371000000e+04 4.2193371246e-09
3.5717000000e+04 2.7417420744e-09
4.4965000000e+04 1.7815717274e-09
5.6608000000e+04 1.1576260429e-09
7.1264000000e+04 7.5222875552e-10
8.9716000000e+04 4.8878207065e-10
1.1294000000e+05 3.1762860033e-10
1.4219000000e+05 2.0636752197e-10
1.7901000000e+05 1.3408695631e-10
2.2536000000e+05 8.7125905515e-11
2.8371000000e+05 5.6612302563e-11
3.5717000000e+05 3.6784872453e-11
4.4965000000e+05 2.3901697907e-11
5.6608000000e+05 1.5530353609e-11
7.1264000000e+05 1.0091461750e-11
8.9716000000e+05 6.5571180855e-12
