# particle=eplus
# bin=01
# theta_mid_deg=31.788331
# mu_high=0.900000
# mu_low=0.800000
# delta_omega_sr=0.6283185307
# black_hole_mode=No
# energy_unit=MeV
# flux_unit=cm^-2 s^-1 MeV^-1 sr^-1
# Energy Flux
1.1294000000e-02 2.3685033202e-05
1.4219000000e-02 2.8090844923e-05
1.7901000000e-02 3.3283308627e-05
2.2536000000e-02 3.9385311448e-05
2.8371000000e-02 4.6529454220e-05
3.5717000000e-02 5.4852737004e-05
4.4965000000e-02 6.4487072564e-05
5.6607000000e-02 7.5545405027e-05
7.1264000000e-02 8.8102175151e-05
8.9717000000e-02 1.0216216871e-04
1.1294000000e-01 1.1670978879e-04
1.4219000000e-01 1.3085260780e-04
1.7901000000e-01 1.4423051303e-04
2.2536000000e-01 1.5588616464e-04
2.8371000000e-01 1.6766680997e-04
3.5717000000e-01 1.7567553289e-04
4.4965000000e-01 1.7811866259e-04
5.6608000000e-01 1.7502983452e-04
7.1264000000e-01 1.6664251298e-04
8.9717000000e-01 1.5374785382e-04
1.1294000000e+00 1.3821538990e-04
1.4219000000e+00 1.2146548126e-04
1.7901000000e+00 1.0430582495e-04
2.2536000000e+00 8.7434066952e-05
2.8371000000e+00 7.1634274905e-05
3.5717000000e+00 5.7709464175e-05
4.4965000000e+00 4.5877653819e-05
5.6607000000e+00 3.5933110775e-05
7.1265000000e+00 2.7701610573e-05
8.9717000000e+00 2.1113876795e-05
1.1295000000e+01 1.6479784016e-05
1.4219000000e+01 1.3582243583e-05
1.7901000000e+01 1.1521324909e-05
2.2536000000e+01 1.0123459790e-05
2.8371000000e+01 9.1795980206e-06
3.5717000000e+01 8.5739625855e-06
4.4965000000e+01 8.3099992349e-06
5.6607000000e+01 7.8109597853e-06
7.1265000000e+01 7.0285322925e-06
8.9716000000e+01 6.0560852802e-06
1.1294000000e+02 4.9929035957e-06
1.4219000000e+02 3.9616227350e-06
1.7901000000e+02 3.0484647562e-06
2.2536000000e+02 2.2854775301e-06
2.8371000000e+02 1.6658767393e-06
3.5717000000e+02 1.1765678260e-06
4.4965000000e+02 8.1795315923e-07
5.6608000000e+02 5.6154058432e-07
7.1265000000e+02 3.8123417536e-07
8.9716000000e+02 2.5589562660e-07
1.1294000000e+03 1.6973778635e-07
1.4219000000e+03 1.1125799476e-07
1.7901000000e+03 7.2174337058e-08
2.2536000000e+03 4.6430842367e-08
2.8371000000e+03 2.9687103585e-08
3.5717000000e+03 1.8904073479e-08
4.4965000000e+03 1.2033168689e-08
5.6608000000e+03 7.6872116652e-09
7.1265000000e+03 4.9252956576e-09
8.9717000000e+03 3.1608965474e-09
1.1294000000e+04 2.0436454866e-09
1.4219000000e+04 1.3280570223e-09
1.7901000000e+04 8.6303064055e-10
2.2536000000e+04 5.6083258969e-10
2.8371000000e+04 3.6444334901e-10
3.5717000000e+04 2.3681674022e-10
4.4965000000e+04 1.5388245775e-10
5.6608000000e+04 9.9989429505e-11
7.1264000000e+04 6.4973420893e-11
8.9716000000e+04 4.2218331815e-11
1.1294000000e+05 2.7435027689e-11
1.4219000000e+05 1.7824902020e-11
1.7901000000e+05 1.1581700626e-11
2.2536000000e+05 7.5254609560e-12
2.8371000000e+05 4.8898622063e-12
3.5717000000e+05 3.1772768361e-12
4.4965000000e+05 2.0644984212e-12
5.6608000000e+05 1.3414273174e-12
7.1264000000e+05 8.7164547602e-13
8.9716000000e+05 5.6636812949e-13
