# particle=muminus
# bin=08
# theta_mid_deg=81.373073
# mu_high=0.200000
# mu_low=0.100000
# delta_omega_sr=0.6283185307
# black_hole_mode=No
# energy_unit=MeV
# flux_unit=cm^-2 s^-1 MeV^-1 sr^-1
# Energy Flux
1.1294000000e-02 2.9851550896e-11
1.4219000000e-02 3.5934993003e-11
1.7901000000e-02 4.3275843374e-11
2.2536000000e-02 5.2139974158e-11
2.8371000000e-02 6.2851900504e-11
3.5717000000e-02 7.5807918940e-11
4.4965000000e-02 9.1492036692e-11
5.6607000000e-02 1.1049759521e-10
7.1264000000e-02 1.3355687661e-10
8.9717000000e-02 1.6157169826e-10
1.1294000000e-01 1.9564464248e-10
1.4219000000e-01 2.3718955011e-10
1.7901000000e-01 2.8791180702e-10
2.2536000000e-01 3.4997213349e-10
2.8371000000e-01 4.2609031129e-10
3.5717000000e-01 5.1970145032e-10
4.4965000000e-01 6.3515677147e-10
5.6608000000e-01 7.7801078860e-10
7.1264000000e-01 9.5533927482e-10
8.9717000000e-01 1.1763039020e-09
1.1294000000e+00 1.4525388721e-09
1.4219000000e+00 1.7994466129e-09
1.7901000000e+00 2.2364421338e-09
2.2536000000e+00 2.7887774951e-09
2.8371000000e+00 3.4889250564e-09
3.5717000000e+00 4.3783188497e-09
4.4965000000e+00 5.5091721811e-09
5.6607000000e+00 6.9462462157e-09
7.1265000000e+00 8.7683177982e-09
8.9717000000e+00 1.1066976465e-08
1.1295000000e+01 1.4171790943e-08
1.4219000000e+01 1.8312638075e-08
1.7901000000e+01 2.3439057592e-08
2.2536000000e+01 2.9585648997e-08
2.8371000000e+01 3.6717865798e-08
3.5717000000e+01 4.4738187585e-08
4.4965000000e+01 5.3306867685e-08
5.6607000000e+01 6.2353633445e-08
7.1265000000e+01 7.2002872373e-08
8.9716000000e+01 8.2000636130e-08
1.1294000000e+02 9.3776544945e-08
1.4219000000e+02 1.0791151092e-07
1.7901000000e+02 1.2428587963e-07
2.2536000000e+02 1.4334639254e-07
2.8371000000e+02 1.6332562157e-07
3.5717000000e+02 1.8143396250e-07
4.4965000000e+02 1.9683684119e-07
5.6608000000e+02 2.0812311320e-07
7.1265000000e+02 2.0347568226e-07
8.9716000000e+02 1.9076804888e-07
1.1294000000e+03 1.7468580408e-07
1.4219000000e+03 1.6097724722e-07
1.7901000000e+03 1.4396129049e-07
2.2536000000e+03 1.1931811119e-07
2.8371000000e+03 9.3127578422e-08
3.5717000000e+03 6.9040362445e-08
4.4965000000e+03 4.8854397515e-08
5.6608000000e+03 3.3275732804e-08
7.1265000000e+03 2.2113814685e-08
8.9717000000e+03 1.4193966295e-08
1.1294000000e+04 8.7918576335e-09
1.4219000000e+04 5.3211701994e-09
1.7901000000e+04 3.1541333517e-09
2.2536000000e+04 1.8291153288e-09
2.8371000000e+04 1.0438287776e-09
3.5717000000e+04 5.8825544347e-10
4.4965000000e+04 3.2833343363e-10
5.6608000000e+04 1.8180912868e-10
7.1264000000e+04 9.9183440305e-11
8.9716000000e+04 5.1810615214e-11
1.1294000000e+05 2.7497180111e-11
1.4219000000e+05 1.5038910814e-11
1.7901000000e+05 8.2115831385e-12
2.2536000000e+05 4.4779037746e-12
2.8371000000e+05 2.4393378745e-12
3.5717000000e+05 1.2364807718e-12
4.4965000000e+05 6.1361479133e-13
5.6608000000e+05 3.0433265106e-13
7.1264000000e+05 1.5088460796e-13
8.9716000000e+05 7.4777811005e-14
