# particle=eminus
# bin=14
# theta_mid_deg=116.743684
# mu_high=-0.400000
# mu_low=-0.500000
# delta_omega_sr=0.6283185307
# black_hole_mode=No
# energy_unit=MeV
# flux_unit=cm^-2 s^-1 MeV^-1 sr^-1
# Energy Flux
1.1294000000e-02 1.1911921560e-02
1.4219000000e-02 1.1409747514e-02
1.7901000000e-02 1.0904246633e-02
2.2536000000e-02 1.0393210077e-02
2.8371000000e-02 9.8745388193e-03
3.5717000000e-02 9.3464149316e-03
4.4965000000e-02 8.8075140671e-03
5.6607000000e-02 8.2571911511e-03
7.1264000000e-02 7.6956555365e-03
8.9717000000e-02 7.1243209319e-03
1.1294000000e-01 6.5657293463e-03
1.4219000000e-01 6.0232784972e-03
1.7901000000e-01 5.4911616588e-03
2.2536000000e-01 4.9708711578e-03
2.8371000000e-01 4.4079316819e-03
3.5717000000e-01 3.8857549295e-03
4.4965000000e-01 3.4121671372e-03
5.6608000000e-01 2.9660561526e-03
7.1264000000e-01 2.5535542770e-03
8.9717000000e-01 2.1800479522e-03
1.1294000000e+00 1.8492099080e-03
1.4219000000e+00 1.5624428475e-03
1.7901000000e+00 1.3146345013e-03
2.2536000000e+00 1.1018536341e-03
2.8371000000e+00 9.2119109571e-04
3.5717000000e+00 7.6694952175e-04
4.4965000000e+00 6.3452328885e-04
5.6607000000e+00 5.2226282295e-04
7.1265000000e+00 4.2820750328e-04
8.9717000000e+00 3.4962443262e-04
1.1295000000e+01 2.8346786858e-04
1.4219000000e+01 2.2777902686e-04
1.7901000000e+01 1.8146772412e-04
2.2536000000e+01 1.4312686757e-04
2.8371000000e+01 1.1165549543e-04
3.5717000000e+01 8.6082820430e-05
4.4965000000e+01 6.5467697029e-05
5.6607000000e+01 4.9276298998e-05
7.1265000000e+01 3.6694315522e-05
8.9716000000e+01 2.6955080832e-05
1.1294000000e+02 1.9437783666e-05
1.4219000000e+02 1.3641637237e-05
1.7901000000e+02 9.2078884147e-06
2.2536000000e+02 5.9001145264e-06
2.8371000000e+02 3.5676298264e-06
3.5717000000e+02 2.0422006501e-06
4.4965000000e+02 1.0804292780e-06
5.6608000000e+02 5.2786320697e-07
7.1265000000e+02 2.3991950298e-07
8.9716000000e+02 1.0283072810e-07
1.1294000000e+03 4.2270325146e-08
1.4219000000e+03 1.6946337940e-08
1.7901000000e+03 6.7350249683e-09
2.2536000000e+03 2.6887025378e-09
2.8371000000e+03 1.0888527348e-09
3.5717000000e+03 4.5016254658e-10
4.4965000000e+03 1.9029673182e-10
5.6608000000e+03 8.2084076322e-11
7.1265000000e+03 3.6089593638e-11
8.9717000000e+03 1.6143951887e-11
1.1294000000e+04 7.5446477978e-12
1.4219000000e+04 3.6284306295e-12
1.7901000000e+04 1.7449959806e-12
2.2536000000e+04 8.3920789993e-13
2.8371000000e+04 4.0358296435e-13
3.5717000000e+04 1.9407843945e-13
4.4965000000e+04 9.3329141486e-14
5.6608000000e+04 4.4878838115e-14
7.1264000000e+04 2.1582298120e-14
8.9716000000e+04 1.0378360744e-14
1.1294000000e+05 4.9914659877e-15
1.4219000000e+05 2.3998757762e-15
1.7901000000e+05 1.1539589202e-15
2.2536000000e+05 5.5490577746e-16
2.8371000000e+05 2.6684152280e-16
3.5717000000e+05 1.2831557918e-16
4.4965000000e+05 6.1703171365e-17
5.6608000000e+05 2.9670446114e-17
7.1264000000e+05 1.4268391919e-17
8.9716000000e+05 6.8612405307e-18
