# particle=eplus
# bin=14
# theta_mid_deg=116.743684
# mu_high=-0.400000
# mu_low=-0.500000
# delta_omega_sr=0.6283185307
# black_hole_mode=No
# energy_unit=MeV
# flux_unit=cm^-2 s^-1 MeV^-1 sr^-1
# Energy Flux
1.1294000000e-02 2.8135969916e-05
1.4219000000e-02 3.3369730197e-05
1.7901000000e-02 3.9537971606e-05
2.2536000000e-02 4.6786674461e-05
2.8371000000e-02 5.5273358199e-05
3.5717000000e-02 6.5160768194e-05
4.4965000000e-02 7.6605606509e-05
5.6607000000e-02 8.9742041946e-05
7.1264000000e-02 1.0465850431e-04
8.9717000000e-02 1.2136067874e-04
1.1294000000e-01 1.4013994247e-04
1.4219000000e-01 1.6102582607e-04
1.7901000000e-01 1.8356809151e-04
2.2536000000e-01 2.0717337437e-04
2.8371000000e-01 2.2800900162e-04
3.5717000000e-01 2.4796771923e-04
4.4965000000e-01 2.6664849832e-04
5.6608000000e-01 2.8145649370e-04
7.1264000000e-01 2.9158421870e-04
8.9717000000e-01 2.9683671448e-04
1.1294000000e+00 2.9761396683e-04
1.4219000000e+00 2.9488627646e-04
1.7901000000e+00 2.8892323438e-04
2.2536000000e+00 2.8029778950e-04
2.8371000000e+00 2.6987861614e-04
3.5717000000e+00 2.5765877960e-04
4.4965000000e+00 2.4352260211e-04
5.6607000000e+00 2.2815831495e-04
7.1265000000e+00 2.1215384977e-04
8.9717000000e+00 1.9562068036e-04
1.1295000000e+01 1.7820336925e-04
1.4219000000e+01 1.5984411123e-04
1.7901000000e+01 1.4097788318e-04
2.2536000000e+01 1.2179099386e-04
2.8371000000e+01 1.0268565969e-04
3.5717000000e+01 8.4178664026e-05
4.4965000000e+01 6.6785225842e-05
5.6607000000e+01 5.1341514260e-05
7.1265000000e+01 3.8204795389e-05
8.9716000000e+01 2.7477832757e-05
1.1294000000e+02 1.9088562454e-05
1.4219000000e+02 1.2792233562e-05
1.7901000000e+02 8.2609891387e-06
2.2536000000e+02 5.1432975181e-06
2.8371000000e+02 3.1145454215e-06
3.5717000000e+02 1.8644043611e-06
4.4965000000e+02 1.0855783477e-06
5.6608000000e+02 6.1463535363e-07
7.1265000000e+02 3.3880163346e-07
8.9716000000e+02 1.8253590758e-07
1.1294000000e+03 9.6788265711e-08
1.4219000000e+03 5.0941912921e-08
1.7901000000e+03 2.6881141314e-08
2.2536000000e+03 1.4349029952e-08
2.8371000000e+03 7.8036389785e-09
3.5717000000e+03 4.3438863644e-09
4.4965000000e+03 2.4762241015e-09
5.6608000000e+03 1.4416606510e-09
7.1265000000e+03 8.5595506449e-10
8.9717000000e+03 5.1721533883e-10
1.1294000000e+04 3.2653571497e-10
1.4219000000e+04 2.1219827614e-10
1.7901000000e+04 1.3789589687e-10
2.2536000000e+04 8.9610390772e-11
2.8371000000e+04 5.8231121942e-11
3.5717000000e+04 3.7838815045e-11
4.4965000000e+04 2.4587492642e-11
5.6608000000e+04 1.5976410815e-11
7.1264000000e+04 1.0381518020e-11
8.9716000000e+04 6.7456871823e-12
1.1294000000e+05 4.3835960985e-12
1.4219000000e+05 2.8480806302e-12
1.7901000000e+05 1.8505356821e-12
2.2536000000e+05 1.2024256604e-12
2.8371000000e+05 7.8130706237e-13
3.5717000000e+05 5.0766846311e-13
4.4965000000e+05 3.2986761767e-13
5.6608000000e+05 2.1433459524e-13
7.1264000000e+05 1.3927238388e-13
8.9716000000e+05 9.0494864844e-14
