# particle=alpha
# bin=11
# theta_mid_deg=98.626927
# mu_high=-0.100000
# mu_low=-0.200000
# delta_omega_sr=0.6283185307
# black_hole_mode=No
# energy_unit=MeV_per_nucleon
# flux_unit=cm^-2 s^-1 (MeV/n)^-1 sr^-1
# Energy Flux
1.1294000000e-02 1.7330649845e-06
1.4219000000e-02 1.4899374453e-06
1.7901000000e-02 1.3057641808e-06
2.2536000000e-02 1.1666310245e-06
2.8371000000e-02 1.0619125799e-06
3.5717000000e-02 9.8349900514e-07
4.4965000000e-02 9.2519971655e-07
5.6607000000e-02 8.8228203767e-07
7.1264000000e-02 8.5112367131e-07
8.9717000000e-02 8.2895711503e-07
1.1294000000e-01 8.1366487644e-07
1.4219000000e-01 8.0360123570e-07
1.7901000000e-01 7.9750207505e-07
2.2536000000e-01 7.9435075538e-07
2.8371000000e-01 7.9329464313e-07
3.5717000000e-01 7.9354559727e-07
4.4965000000e-01 7.9425697633e-07
5.6608000000e-01 7.9435076224e-07
7.1264000000e-01 7.9225815002e-07
8.9717000000e-01 7.8553620566e-07
1.1294000000e+00 7.7006056503e-07
1.4219000000e+00 7.3937751906e-07
1.7901000000e+00 6.8682885370e-07
2.2536000000e+00 6.0746833299e-07
2.8371000000e+00 5.0301802291e-07
3.5717000000e+00 3.8550520838e-07
4.4965000000e+00 2.7349162948e-07
5.6607000000e+00 1.8190686681e-07
7.1265000000e+00 1.1566008158e-07
8.9717000000e+00 7.1703342001e-08
1.1295000000e+01 4.4068347732e-08
1.4219000000e+01 2.6157486003e-08
1.7901000000e+01 1.6034453546e-08
2.2536000000e+01 9.7408134816e-09
2.8371000000e+01 5.9369503952e-09
3.5717000000e+01 3.6385538657e-09
4.4965000000e+01 2.2122749406e-09
5.6607000000e+01 1.3051771490e-09
7.1265000000e+01 7.5036551978e-10
8.9716000000e+01 4.2763902690e-10
1.1294000000e+02 2.4039384064e-10
1.4219000000e+02 1.3308901271e-10
1.7901000000e+02 7.4460627654e-11
2.2536000000e+02 4.1610044318e-11
2.8371000000e+02 2.3573388221e-11
3.5717000000e+02 1.0035727747e-11
4.4965000000e+02 5.0844961444e-12
5.6608000000e+02 3.6434225847e-12
7.1265000000e+02 3.6657878993e-12
8.9716000000e+02 5.3906833344e-12
1.1294000000e+03 9.5753158257e-12
1.4219000000e+03 1.6467515973e-11
1.7901000000e+03 3.2829567119e-11
2.2536000000e+03 8.3924924483e-11
2.8371000000e+03 2.6995305443e-10
3.5717000000e+03 1.1675146407e-09
4.4965000000e+03 6.8481426983e-09
5.6608000000e+03 1.1912476425e-08
7.1265000000e+03 6.7606282124e-09
8.9717000000e+03 3.5880935061e-09
1.1294000000e+04 1.9823408072e-09
1.4219000000e+04 1.1355398748e-09
1.7901000000e+04 6.4067458812e-10
2.2536000000e+04 3.5701362959e-10
2.8371000000e+04 1.9691934503e-10
3.5717000000e+04 1.0770874765e-10
4.4965000000e+04 5.8514256919e-11
5.6608000000e+04 3.1615018618e-11
7.1264000000e+04 1.7005377535e-11
8.9716000000e+04 9.1144627551e-12
1.1294000000e+05 4.8706730197e-12
1.4219000000e+05 2.5974314307e-12
1.7901000000e+05 1.3824027979e-12
2.2536000000e+05 7.3470701073e-13
2.8371000000e+05 3.9002492968e-13
3.5717000000e+05 2.0685226670e-13
4.4965000000e+05 1.0963156202e-13
5.6608000000e+05 5.8064841982e-14
7.1264000000e+05 3.0739845454e-14
8.9716000000e+05 1.6267817502e-14
