# particle=muminus
# bin=12
# theta_mid_deg=104.477512
# mu_high=-0.200000
# mu_low=-0.300000
# delta_omega_sr=0.6283185307
# black_hole_mode=No
# energy_unit=MeV
# flux_unit=cm^-2 s^-1 MeV^-1 sr^-1
# Energy Flux
1.1294000000e-02 7.4963521088e-11
1.4219000000e-02 9.0240323364e-11
1.7901000000e-02 1.0867474218e-10
2.2536000000e-02 1.3093443841e-10
2.8371000000e-02 1.5783433783e-10
3.5717000000e-02 1.9036962434e-10
4.4965000000e-02 2.2975574187e-10
5.6607000000e-02 2.7748269554e-10
7.1264000000e-02 3.3538939974e-10
8.9717000000e-02 4.0574050748e-10
1.1294000000e-01 4.9130483482e-10
1.4219000000e-01 5.9563283340e-10
1.7901000000e-01 7.2300708572e-10
2.2536000000e-01 8.7885361469e-10
2.8371000000e-01 1.0700023643e-09
3.5717000000e-01 1.3050796177e-09
4.4965000000e-01 1.5950122055e-09
5.6608000000e-01 1.9537486800e-09
7.1264000000e-01 2.3990577952e-09
8.9717000000e-01 2.9539464355e-09
1.1294000000e+00 3.6476305283e-09
1.4219000000e+00 4.5187888088e-09
1.7901000000e+00 5.6161764474e-09
2.2536000000e+00 7.0032066773e-09
2.8371000000e+00 8.7614244216e-09
3.5717000000e+00 1.0994879246e-08
4.4965000000e+00 1.3834689742e-08
5.6607000000e+00 1.7443484812e-08
7.1265000000e+00 2.2019089677e-08
8.9717000000e+00 2.7791504920e-08
1.1295000000e+01 3.4845344521e-08
1.4219000000e+01 4.3365080764e-08
1.7901000000e+01 5.3755961948e-08
2.2536000000e+01 6.6210877006e-08
2.8371000000e+01 8.0818515057e-08
3.5717000000e+01 9.7516399115e-08
4.4965000000e+01 1.1641730371e-07
5.6607000000e+01 1.3624022555e-07
7.1265000000e+01 1.5443971369e-07
8.9716000000e+01 1.6855286030e-07
1.1294000000e+02 1.8174816630e-07
1.4219000000e+02 1.9420600918e-07
1.7901000000e+02 1.9959762905e-07
2.2536000000e+02 1.9559915378e-07
2.8371000000e+02 1.8307725028e-07
3.5717000000e+02 1.6407097891e-07
4.4965000000e+02 1.3879177663e-07
5.6608000000e+02 1.0850889677e-07
7.1265000000e+02 8.7153195661e-08
8.9716000000e+02 6.8627452642e-08
1.1294000000e+03 5.0632121500e-08
1.4219000000e+03 3.4037538663e-08
1.7901000000e+03 2.2535237765e-08
2.2536000000e+03 1.4453662106e-08
2.8371000000e+03 8.5244742635e-09
3.5717000000e+03 4.7397099940e-09
4.4965000000e+03 2.5851788214e-09
5.6608000000e+03 1.3927869841e-09
7.1265000000e+03 5.8271449004e-10
8.9717000000e+03 2.7367507755e-10
1.1294000000e+04 1.8743273261e-10
1.4219000000e+04 1.2400509258e-10
1.7901000000e+04 7.9910700384e-11
2.2536000000e+04 5.4602667103e-11
2.8371000000e+04 3.6588757296e-11
3.5717000000e+04 2.3919576417e-11
4.4965000000e+04 1.5285756044e-11
5.6608000000e+04 9.6068916179e-12
7.1264000000e+04 6.3984147758e-12
8.9716000000e+04 5.2035038860e-12
1.1294000000e+05 3.3895086939e-12
1.4219000000e+05 1.8538089631e-12
1.7901000000e+05 1.0122213378e-12
2.2536000000e+05 5.5198001080e-13
2.8371000000e+05 3.0069108540e-13
3.5717000000e+05 1.5241789555e-13
4.4965000000e+05 7.5638762285e-14
5.6608000000e+05 3.7514325558e-14
7.1264000000e+05 1.8599168656e-14
8.9716000000e+05 9.2176739394e-15
