# particle=muminus
# bin=18
# theta_mid_deg=148.211669
# mu_high=-0.800000
# mu_low=-0.900000
# delta_omega_sr=0.6283185307
# black_hole_mode=No
# energy_unit=MeV
# flux_unit=cm^-2 s^-1 MeV^-1 sr^-1
# Energy Flux
1.1294000000e-02 7.3009897067e-11
1.4219000000e-02 8.7888570660e-11
1.7901000000e-02 1.0584257016e-10
2.2536000000e-02 1.2752215654e-10
2.8371000000e-02 1.5372101779e-10
3.5717000000e-02 1.8540840233e-10
4.4965000000e-02 2.2376807840e-10
5.6607000000e-02 2.7025122013e-10
7.1264000000e-02 3.2664881794e-10
8.9717000000e-02 3.9516650575e-10
1.1294000000e-01 4.7850094150e-10
1.4219000000e-01 5.8011004852e-10
1.7901000000e-01 7.0416480096e-10
2.2536000000e-01 8.5594981417e-10
2.8371000000e-01 1.0421170370e-09
3.5717000000e-01 1.2710679430e-09
4.4965000000e-01 1.5534445988e-09
5.6608000000e-01 1.9028320435e-09
7.1264000000e-01 2.3365359596e-09
8.9717000000e-01 2.8769636493e-09
1.1294000000e+00 3.5525696438e-09
1.4219000000e+00 4.4010246719e-09
1.7901000000e+00 5.4698132956e-09
2.2536000000e+00 6.8206961362e-09
2.8371000000e+00 8.5330929750e-09
3.5717000000e+00 1.0708341743e-08
4.4965000000e+00 1.3474143949e-08
5.6607000000e+00 1.6988890225e-08
7.1265000000e+00 2.1445250269e-08
8.9717000000e+00 2.7067230622e-08
1.1295000000e+01 3.3722264841e-08
1.4219000000e+01 4.1382597464e-08
1.7901000000e+01 5.0415951874e-08
2.2536000000e+01 6.0738909711e-08
2.8371000000e+01 7.2049121712e-08
3.5717000000e+01 8.3683383533e-08
4.4965000000e+01 9.4353625678e-08
5.6607000000e+01 1.0283070613e-07
7.1265000000e+01 1.0784063653e-07
8.9716000000e+01 1.0857843354e-07
1.1294000000e+02 1.0663401095e-07
1.4219000000e+02 1.0123381886e-07
1.7901000000e+02 9.0771461166e-08
2.2536000000e+02 7.6443915766e-08
2.8371000000e+02 6.0196578523e-08
3.5717000000e+02 4.4119287912e-08
4.4965000000e+02 2.9477396278e-08
5.6608000000e+02 1.8333513089e-08
7.1265000000e+02 1.3651219414e-08
8.9716000000e+02 1.0744447861e-08
1.1294000000e+03 7.9843571912e-09
1.4219000000e+03 5.4513873913e-09
1.7901000000e+03 3.7040295632e-09
2.2536000000e+03 2.4703859028e-09
2.8371000000e+03 1.5376069426e-09
3.5717000000e+03 9.1449042197e-10
4.4965000000e+03 5.4185772986e-10
5.6608000000e+03 3.3905652097e-10
7.1265000000e+03 1.6995053139e-10
8.9717000000e+03 8.9070872337e-11
1.1294000000e+04 7.0887754069e-11
1.4219000000e+04 4.2635675985e-11
1.7901000000e+04 2.1695695795e-11
2.2536000000e+04 1.3576253768e-11
2.8371000000e+04 8.4246695638e-12
3.5717000000e+04 5.1760746182e-12
4.4965000000e+04 3.1535699140e-12
5.6608000000e+04 1.9121457944e-12
7.1264000000e+04 1.6320110182e-12
8.9716000000e+04 2.4308059714e-12
1.1294000000e+05 1.8586535648e-12
1.4219000000e+05 1.0165451542e-12
1.7901000000e+05 5.5505648984e-13
2.2536000000e+05 3.0268092146e-13
2.8371000000e+05 1.6488541799e-13
3.5717000000e+05 8.3579093749e-14
4.4965000000e+05 4.1476882892e-14
5.6608000000e+05 2.0571162734e-14
7.1264000000e+05 1.0198944522e-14
8.9716000000e+05 5.0545563011e-15
