# particle=eplus
# bin=00
# theta_mid_deg=18.194872
# mu_high=1.000000
# mu_low=0.900000
# delta_omega_sr=0.6283185307
# black_hole_mode=No
# energy_unit=MeV
# flux_unit=cm^-2 s^-1 MeV^-1 sr^-1
# Energy Flux
1.1294000000e-02 2.3441181966e-05
1.4219000000e-02 2.7801633284e-05
1.7901000000e-02 3.2940637545e-05
2.2536000000e-02 3.8979816686e-05
2.8371000000e-02 4.6050406340e-05
3.5717000000e-02 5.4287996072e-05
4.4965000000e-02 6.3823140526e-05
5.6607000000e-02 7.4767621004e-05
7.1264000000e-02 8.7195111853e-05
8.9717000000e-02 1.0111034958e-04
1.1294000000e-01 1.1537263740e-04
1.4219000000e-01 1.2900508469e-04
1.7901000000e-01 1.4169512005e-04
2.2536000000e-01 1.5244977035e-04
2.8371000000e-01 1.6308266586e-04
3.5717000000e-01 1.6970822781e-04
4.4965000000e-01 1.7049715795e-04
5.6608000000e-01 1.6519087557e-04
7.1264000000e-01 1.5408249344e-04
8.9717000000e-01 1.3804158737e-04
1.1294000000e+00 1.1924952536e-04
1.4219000000e+00 1.0013001377e-04
1.7901000000e+00 8.2102924975e-05
2.2536000000e+00 6.5860357053e-05
2.8371000000e+00 5.1749089446e-05
3.5717000000e+00 3.9812875303e-05
4.4965000000e+00 2.9869197084e-05
5.6607000000e+00 2.1731438017e-05
7.1265000000e+00 1.5263489881e-05
8.9717000000e+00 1.0361380415e-05
1.1295000000e+01 7.3092773730e-06
1.4219000000e+01 5.8360811035e-06
1.7901000000e+01 4.9709019932e-06
2.2536000000e+01 4.5601475257e-06
2.8371000000e+01 4.4370053327e-06
3.5717000000e+01 4.5409777245e-06
4.4965000000e+01 4.9243747313e-06
5.6607000000e+01 5.0002570046e-06
7.1265000000e+01 4.7230774148e-06
8.9716000000e+01 4.1878241287e-06
1.1294000000e+02 3.4955597135e-06
1.4219000000e+02 2.7748816239e-06
1.7901000000e+02 2.1187366476e-06
2.2536000000e+02 1.5670047037e-06
2.8371000000e+02 1.1215049248e-06
3.5717000000e+02 7.7431434077e-07
4.4965000000e+02 5.2444189462e-07
5.6608000000e+02 3.5003648331e-07
7.1265000000e+02 2.3074847733e-07
8.9716000000e+02 1.5018631043e-07
1.1294000000e+03 9.6392472121e-08
1.4219000000e+03 6.0952072857e-08
1.7901000000e+03 3.8010203684e-08
2.2536000000e+03 2.3421047631e-08
2.8371000000e+03 1.4294949945e-08
3.5717000000e+03 8.6637612456e-09
4.4965000000e+03 5.2534673426e-09
5.6608000000e+03 3.2195988079e-09
7.1265000000e+03 1.9912566697e-09
8.9717000000e+03 1.2384339708e-09
1.1294000000e+04 7.9004259227e-10
1.4219000000e+04 5.1340686018e-10
1.7901000000e+04 3.3363465873e-10
2.2536000000e+04 2.1680943975e-10
2.8371000000e+04 1.4088831457e-10
3.5717000000e+04 9.1549788143e-11
4.4965000000e+04 5.9488642540e-11
5.6608000000e+04 3.8654408803e-11
7.1264000000e+04 2.5117746795e-11
8.9716000000e+04 1.6320971777e-11
1.1294000000e+05 1.0605968862e-11
1.4219000000e+05 6.8908388912e-12
1.7901000000e+05 4.4773111802e-12
2.2536000000e+05 2.9092299622e-12
2.8371000000e+05 1.8903471462e-12
3.5717000000e+05 1.2282874131e-12
4.4965000000e+05 7.9810402299e-13
5.6608000000e+05 5.1857561508e-13
7.1264000000e+05 3.3696502448e-13
8.9716000000e+05 2.1894939613e-13
