# particle=muminus
# bin=19
# theta_mid_deg=161.805128
# mu_high=-0.900000
# mu_low=-1.000000
# delta_omega_sr=0.6283185307
# black_hole_mode=No
# energy_unit=MeV
# flux_unit=cm^-2 s^-1 MeV^-1 sr^-1
# Energy Flux
1.1294000000e-02 7.1668787382e-11
1.4219000000e-02 8.6274156477e-11
1.7901000000e-02 1.0389836121e-10
2.2536000000e-02 1.2517971797e-10
2.8371000000e-02 1.5089733560e-10
3.5717000000e-02 1.8200265853e-10
4.4965000000e-02 2.1965771050e-10
5.6607000000e-02 2.6528700921e-10
7.1264000000e-02 3.2064864659e-10
8.9717000000e-02 3.8790774154e-10
1.1294000000e-01 4.6971141744e-10
1.4219000000e-01 5.6945407946e-10
1.7901000000e-01 6.9123008564e-10
2.2536000000e-01 8.4022697889e-10
2.8371000000e-01 1.0229745192e-09
3.5717000000e-01 1.2477198546e-09
4.4965000000e-01 1.5249095689e-09
5.6608000000e-01 1.8678791592e-09
7.1264000000e-01 2.2936164222e-09
8.9717000000e-01 2.8241170632e-09
1.1294000000e+00 3.4873129355e-09
1.4219000000e+00 4.3201827991e-09
1.7901000000e+00 5.3693389780e-09
2.2536000000e+00 6.6954076204e-09
2.8371000000e+00 8.3763496553e-09
3.5717000000e+00 1.0511641550e-08
4.4965000000e+00 1.3226639081e-08
5.6607000000e+00 1.6676823421e-08
7.1265000000e+00 2.1051325144e-08
8.9717000000e+00 2.6570036042e-08
1.1295000000e+01 3.3036117943e-08
1.4219000000e+01 4.0357465733e-08
1.7901000000e+01 4.8890682355e-08
2.2536000000e+01 5.8490032453e-08
2.8371000000e+01 6.8794661528e-08
3.5717000000e+01 7.9117364809e-08
4.4965000000e+01 8.8144937652e-08
5.6607000000e+01 9.4939525272e-08
7.1265000000e+01 9.8683336490e-08
8.9716000000e+01 9.8360744564e-08
1.1294000000e+02 9.4891286193e-08
1.4219000000e+02 8.7457633398e-08
1.7901000000e+02 7.5439797344e-08
2.2536000000e+02 6.0565489674e-08
2.8371000000e+02 4.4664954069e-08
3.5717000000e+02 2.9643018363e-08
4.4965000000e+02 1.6786466944e-08
5.6608000000e+02 8.1911317487e-09
7.1265000000e+02 5.5982936975e-09
8.9716000000e+02 4.5411799069e-09
1.1294000000e+03 3.5037870867e-09
1.4219000000e+03 2.4992303100e-09
1.7901000000e+03 1.7875301754e-09
2.2536000000e+03 1.2662886306e-09
2.8371000000e+03 8.4280621499e-10
3.5717000000e+03 5.3698777721e-10
4.4965000000e+03 3.4132132389e-10
5.6608000000e+03 2.3664785382e-10
7.1265000000e+03 1.3098897364e-10
8.9717000000e+03 7.1841384741e-11
1.1294000000e+04 6.0041540282e-11
1.4219000000e+04 3.5076210732e-11
1.7901000000e+04 1.6293820554e-11
2.2536000000e+04 9.7725406633e-12
2.8371000000e+04 5.8151042654e-12
3.5717000000e+04 3.4402160622e-12
4.4965000000e+04 2.0304226657e-12
5.6608000000e+04 1.2000213804e-12
7.1264000000e+04 1.1910051012e-12
8.9716000000e+04 2.1743064295e-12
1.1294000000e+05 1.7170477801e-12
1.4219000000e+05 9.3909733013e-13
1.7901000000e+05 5.1276823814e-13
2.2536000000e+05 2.7962048126e-13
2.8371000000e+05 1.5232324425e-13
3.5717000000e+05 7.7211428803e-14
4.4965000000e+05 3.8316871441e-14
5.6608000000e+05 1.9003901521e-14
7.1264000000e+05 9.4219145421e-15
8.9716000000e+05 4.6694633367e-15
