# particle=eminus
# bin=06
# theta_mid_deg=69.512685
# mu_high=0.400000
# mu_low=0.300000
# delta_omega_sr=0.6283185307
# black_hole_mode=No
# energy_unit=MeV
# flux_unit=cm^-2 s^-1 MeV^-1 sr^-1
# Energy Flux
1.1294000000e-02 1.0624836620e-02
1.4219000000e-02 1.0176922556e-02
1.7901000000e-02 9.7260411222e-03
2.2536000000e-02 9.2702221444e-03
2.8371000000e-02 8.8075933950e-03
3.5717000000e-02 8.3365333739e-03
4.4965000000e-02 7.8558608299e-03
5.6607000000e-02 7.3650003888e-03
7.1264000000e-02 6.8641387830e-03
8.9717000000e-02 6.3545369694e-03
1.1294000000e-01 5.8276823300e-03
1.4219000000e-01 5.2867040870e-03
1.7901000000e-01 4.7409885297e-03
2.2536000000e-01 4.2010060198e-03
2.8371000000e-01 3.7344787615e-03
3.5717000000e-01 3.2708788429e-03
4.4965000000e-01 2.8162796611e-03
5.6608000000e-01 2.4079505622e-03
7.1264000000e-01 2.0442954194e-03
8.9717000000e-01 1.7231352678e-03
1.1294000000e+00 1.4417084805e-03
1.4219000000e+00 1.1908627054e-03
1.7901000000e+00 9.6975723910e-04
2.2536000000e+00 7.7717588154e-04
2.8371000000e+00 6.1167788561e-04
3.5717000000e+00 4.7568547675e-04
4.4965000000e+00 3.6821358817e-04
5.6607000000e+00 2.8326681643e-04
7.1265000000e+00 2.1596478379e-04
8.9717000000e+00 1.6344416173e-04
1.1295000000e+01 1.2374582292e-04
1.4219000000e+01 9.4551564164e-05
1.7901000000e+01 7.3182834546e-05
2.2536000000e+01 5.7725967877e-05
2.8371000000e+01 4.6489146698e-05
3.5717000000e+01 3.8175337830e-05
4.4965000000e+01 3.1922490647e-05
5.6607000000e+01 2.6870318210e-05
7.1265000000e+01 2.2658546701e-05
8.9716000000e+01 1.9086234813e-05
1.1294000000e+02 1.5984502918e-05
1.4219000000e+02 1.3231162793e-05
1.7901000000e+02 1.0735787128e-05
2.2536000000e+02 8.4292637384e-06
2.8371000000e+02 6.2832312248e-06
3.5717000000e+02 4.3696372137e-06
4.4965000000e+02 2.8514958971e-06
5.6608000000e+02 1.7469915619e-06
7.1265000000e+02 1.0111215890e-06
8.9716000000e+02 5.5804551411e-07
1.1294000000e+03 2.9666516592e-07
1.4219000000e+03 1.5324275352e-07
1.7901000000e+03 7.7525744275e-08
2.2536000000e+03 3.8638029383e-08
2.8371000000e+03 1.9053784242e-08
3.5717000000e+03 9.3265305336e-09
4.4965000000e+03 4.5416694365e-09
5.6608000000e+03 2.2035315303e-09
7.1265000000e+03 1.0664484865e-09
8.9717000000e+03 5.1523439479e-10
1.1294000000e+04 2.4829762137e-10
1.4219000000e+04 1.1941322097e-10
1.7901000000e+04 5.7428572265e-11
2.2536000000e+04 2.7618694864e-11
2.8371000000e+04 1.3282089868e-11
3.5717000000e+04 6.3872053628e-12
4.4965000000e+04 3.0715024022e-12
5.6608000000e+04 1.4769819682e-12
7.1264000000e+04 7.1028276343e-13
8.9716000000e+04 3.4155633973e-13
1.1294000000e+05 1.6427130399e-13
1.4219000000e+05 7.8980949512e-14
1.7901000000e+05 3.7977287042e-14
2.2536000000e+05 1.8262189080e-14
2.8371000000e+05 8.7818698988e-15
3.5717000000e+05 4.2229211949e-15
4.4965000000e+05 2.0306780504e-15
5.6608000000e+05 9.7646721124e-16
7.1264000000e+05 4.6957894779e-16
8.9716000000e+05 2.2580639270e-16
