# particle=n
# bin=03
# theta_mid_deg=49.458398
# mu_high=0.700000
# mu_low=0.600000
# delta_omega_sr=0.6283185307
# black_hole_mode=No
# energy_unit=MeV
# flux_unit=cm^-2 s^-1 MeV^-1 sr^-1
# Energy Flux
1.1294000000e-08 7.4099604815e+02
1.4219000000e-08 7.7191755730e+02
1.7901000000e-08 7.9987644199e+02
2.2536000000e-08 8.2345177687e+02
2.8371000000e-08 8.4099133900e+02
3.5717000000e-08 8.5069420986e+02
4.4965000000e-08 8.5077148741e+02
5.6608000000e-08 8.3968722510e+02
7.1265000000e-08 8.1645471571e+02
8.9717000000e-08 7.8092145593e+02
1.1295000000e-07 7.3415181788e+02
1.4219000000e-07 6.7805737460e+02
1.7901000000e-07 6.1514332906e+02
2.2536000000e-07 5.4857187955e+02
2.8371000000e-07 4.8146680070e+02
3.5717000000e-07 4.1654638317e+02
4.4965000000e-07 3.5588106309e+02
5.6608000000e-07 3.0080537724e+02
7.1264000000e-07 2.5198843548e+02
8.9717000000e-07 2.0954031453e+02
1.1294000000e-06 1.7321703333e+02
1.4219000000e-06 1.4249493620e+02
1.7901000000e-06 1.1678117363e+02
2.2536000000e-06 9.5423550216e+01
2.8371000000e-06 7.7789433031e+01
3.5717000000e-06 6.3297299396e+01
4.4965000000e-06 5.1431099171e+01
5.6608000000e-06 4.1742081740e+01
7.1264000000e-06 3.3849202040e+01
8.9716000000e-06 2.7429240429e+01
1.1294000000e-05 2.2215691369e+01
1.4219000000e-05 1.7983557968e+01
1.7901000000e-05 1.4552942726e+01
2.2536000000e-05 1.1773655657e+01
2.8371000000e-05 9.5230164020e+00
3.5717000000e-05 7.7011555777e+00
4.4965000000e-05 6.2269403784e+00
5.6607000000e-05 5.0344073228e+00
7.1264000000e-05 4.0698830927e+00
8.9717000000e-05 3.2899398756e+00
1.1295000000e-04 2.6593568552e+00
1.4219000000e-04 2.1497783263e+00
1.7901000000e-04 1.7378120210e+00
2.2536000000e-04 1.4049154964e+00
2.8371000000e-04 1.1359141808e+00
3.5717000000e-04 9.1854932739e-01
4.4965000000e-04 7.4292256253e-01
5.6607000000e-04 6.0102614166e-01
7.1265000000e-04 4.8636496646e-01
8.9716000000e-04 3.9372964800e-01
1.1295000000e-03 3.1885864024e-01
1.4219000000e-03 2.5837316135e-01
1.7901000000e-03 2.0947398188e-01
2.2536000000e-03 1.6995025945e-01
2.8371000000e-03 1.3799675646e-01
3.5717000000e-03 1.1215809926e-01
4.4965000000e-03 9.1261222900e-02
5.6607000000e-03 7.4358213004e-02
7.1265000000e-03 6.0680348319e-02
8.9717000000e-03 4.9611311072e-02
1.1294000000e-02 4.0655503503e-02
1.4219000000e-02 3.3406634325e-02
1.7901000000e-02 2.7540657220e-02
2.2536000000e-02 2.2788120338e-02
2.8371000000e-02 1.8931762024e-02
3.5717000000e-02 1.5796507546e-02
4.4965000000e-02 1.3241114680e-02
5.6607000000e-02 1.1151513465e-02
7.1264000000e-02 9.4356964808e-03
8.9717000000e-02 8.0201402932e-03
1.1294000000e-01 6.8465493053e-03
1.4219000000e-01 5.8672202929e-03
1.7901000000e-01 5.0453290024e-03
2.2536000000e-01 4.3504077601e-03
2.8371000000e-01 3.7575052991e-03
3.5717000000e-01 3.2460856758e-03
4.4965000000e-01 2.7993353414e-03
5.6608000000e-01 2.4036730630e-03
7.1264000000e-01 2.0486148049e-03
8.9717000000e-01 1.7264495409e-03
1.1294000000e+00 1.4325206512e-03
1.4219000000e+00 1.1645125164e-03
1.7901000000e+00 9.2287030024e-04
2.2536000000e+00 7.0954376678e-04
2.8371000000e+00 5.2720499773e-04
3.5717000000e+00 3.7805586562e-04
4.4965000000e+00 2.6261640301e-04
5.6607000000e+00 1.7880528308e-04
7.1265000000e+00 1.2185091855e-04
8.9717000000e+00 8.5312298347e-05
1.1295000000e+01 6.2442143343e-05
1.4219000000e+01 4.7602194803e-05
1.7901000000e+01 3.7102784900e-05
2.2536000000e+01 2.9082940941e-05
2.8371000000e+01 2.2736207228e-05
3.5717000000e+01 1.7667245505e-05
4.4965000000e+01 1.3676984779e-05
5.6607000000e+01 1.0908383920e-05
7.1265000000e+01 8.6276208348e-06
8.9716000000e+01 6.7283565098e-06
1.1294000000e+02 5.1520470821e-06
1.4219000000e+02 3.8259583987e-06
1.7901000000e+02 2.9677962056e-06
2.2536000000e+02 2.4231109055e-06
2.8371000000e+02 1.9508254995e-06
3.5717000000e+02 1.5381671234e-06
4.4965000000e+02 1.2059801249e-06
5.6608000000e+02 9.4947306688e-07
7.1265000000e+02 7.4915778168e-07
8.9716000000e+02 5.9597409595e-07
1.1294000000e+03 4.7760792719e-07
1.4219000000e+03 3.8661436915e-07
1.7901000000e+03 3.1404310407e-07
2.2536000000e+03 2.5384675016e-07
2.8371000000e+03 2.0327383554e-07
3.5717000000e+03 1.6073596422e-07
4.4965000000e+03 1.2531234199e-07
5.6608000000e+03 9.6310966909e-08
7.1265000000e+03 7.3044443990e-08
8.9717000000e+03 5.4761500602e-08
1.1294000000e+04 4.0349412374e-08
1.4219000000e+04 2.9313693903e-08
1.7901000000e+04 2.1212828670e-08
2.2536000000e+04 1.5299972264e-08
2.8371000000e+04 1.1004967306e-08
3.5717000000e+04 7.8978426729e-09
4.4965000000e+04 5.6577580700e-09
5.6608000000e+04 4.0471542727e-09
7.1264000000e+04 2.8918631216e-09
8.9716000000e+04 2.0644761445e-09
1.1294000000e+05 1.4729109662e-09
1.4219000000e+05 1.0501526074e-09
1.7901000000e+05 7.4847423553e-10
2.2536000000e+05 5.3332068610e-10
2.8371000000e+05 3.7993779872e-10
3.5717000000e+05 2.7062685881e-10
4.4965000000e+05 1.9274824245e-10
5.6608000000e+05 1.3727201594e-10
7.1264000000e+05 9.7764306948e-11
8.9716000000e+05 6.9625605686e-11
