# particle=muplus
# bin=00
# theta_mid_deg=18.194872
# mu_high=1.000000
# mu_low=0.900000
# delta_omega_sr=0.6283185307
# black_hole_mode=No
# energy_unit=MeV
# flux_unit=cm^-2 s^-1 MeV^-1 sr^-1
# Energy Flux
1.1294000000e-02 9.9167067032e-11
1.4219000000e-02 1.1533519960e-10
1.7901000000e-02 1.3416332199e-10
2.2536000000e-02 1.5609774665e-10
2.8371000000e-02 1.8166351627e-10
3.5717000000e-02 2.1147809443e-10
4.4965000000e-02 2.4626712107e-10
5.6607000000e-02 2.8688751031e-10
7.1264000000e-02 3.3436036247e-10
8.9717000000e-02 3.8989717110e-10
1.1294000000e-01 4.5491998254e-10
1.4219000000e-01 5.3121902846e-10
1.7901000000e-01 6.2084910799e-10
2.2536000000e-01 7.2635508899e-10
2.8371000000e-01 8.5085521301e-10
3.5717000000e-01 9.9819323871e-10
4.4965000000e-01 1.1731360875e-09
5.6608000000e-01 1.3816746032e-09
7.1264000000e-01 1.6313390632e-09
8.9717000000e-01 1.9318353762e-09
1.1294000000e+00 2.2954096172e-09
1.4219000000e+00 2.7384083634e-09
1.7901000000e+00 3.2814555974e-09
2.2536000000e+00 3.9517213345e-09
2.8371000000e+00 4.7846511528e-09
3.5717000000e+00 5.8262779543e-09
4.4965000000e+00 7.1358265646e-09
5.6607000000e+00 8.7885288154e-09
7.1265000000e+00 1.0878396402e-08
8.9717000000e+00 1.3518225556e-08
1.1295000000e+01 1.7248321830e-08
1.4219000000e+01 2.2495884045e-08
1.7901000000e+01 2.9233013216e-08
2.2536000000e+01 3.7851731671e-08
2.8371000000e+01 4.8736910921e-08
3.5717000000e+01 6.2187470275e-08
4.4965000000e+01 7.8263815558e-08
5.6607000000e+01 9.7340553034e-08
7.1265000000e+01 1.1979986916e-07
8.9716000000e+01 1.4483816710e-07
1.1294000000e+02 1.7310305026e-07
1.4219000000e+02 2.0254536467e-07
1.7901000000e+02 2.2967900000e-07
2.2536000000e+02 2.5369880764e-07
2.8371000000e+02 2.7251722031e-07
3.5717000000e+02 2.8422510714e-07
4.4965000000e+02 2.8847939795e-07
5.6608000000e+02 2.8427532111e-07
7.1265000000e+02 2.6529119503e-07
8.9716000000e+02 2.3778064283e-07
1.1294000000e+03 2.0491865961e-07
1.4219000000e+03 1.6298437137e-07
1.7901000000e+03 1.1663945732e-07
2.2536000000e+03 8.2196637672e-08
2.8371000000e+03 5.6827739215e-08
3.5717000000e+03 3.7856205411e-08
4.4965000000e+03 2.4163265538e-08
5.6608000000e+03 1.4756262752e-08
7.1265000000e+03 8.6832291056e-09
8.9717000000e+03 4.8788823032e-09
1.1294000000e+04 2.6313259159e-09
1.4219000000e+04 1.3919530569e-09
1.7901000000e+04 7.3119787836e-10
2.2536000000e+04 3.8403841755e-10
2.8371000000e+04 2.0362917599e-10
3.5717000000e+04 1.0937330715e-10
4.4965000000e+04 5.9553795632e-11
5.6608000000e+04 3.2852290197e-11
7.1264000000e+04 1.8201236657e-11
8.9716000000e+04 9.8185701852e-12
1.1294000000e+05 5.2949835702e-12
1.4219000000e+05 2.8978881510e-12
1.7901000000e+05 1.5831837731e-12
2.2536000000e+05 8.6372802175e-13
2.8371000000e+05 4.7069284917e-13
3.5717000000e+05 2.3862641754e-13
4.4965000000e+05 1.1845436758e-13
5.6608000000e+05 5.8763269541e-14
7.1264000000e+05 2.9139785667e-14
8.9716000000e+05 1.4443859152e-14
