# particle=n
# bin=13
# theta_mid_deg=110.487315
# mu_high=-0.300000
# mu_low=-0.400000
# delta_omega_sr=0.6283185307
# black_hole_mode=No
# energy_unit=MeV
# flux_unit=cm^-2 s^-1 MeV^-1 sr^-1
# Energy Flux
1.1294000000e-08 1.4637509719e+03
1.4219000000e-08 1.5248327943e+03
1.7901000000e-08 1.5800622989e+03
2.2536000000e-08 1.6266326139e+03
2.8371000000e-08 1.6612799662e+03
3.5717000000e-08 1.6804468520e+03
4.4965000000e-08 1.6805995047e+03
5.6608000000e-08 1.6587038418e+03
7.1265000000e-08 1.6128107384e+03
8.9717000000e-08 1.5426189423e+03
1.1295000000e-07 1.4491181282e+03
1.4219000000e-07 1.3362543884e+03
1.7901000000e-07 1.2100813315e+03
2.2536000000e-07 1.0769453021e+03
2.8371000000e-07 9.4308366395e+02
3.5717000000e-07 8.1389599403e+02
4.4965000000e-07 6.9346815957e+02
5.6608000000e-07 5.8440617819e+02
7.1264000000e-07 4.8798530417e+02
8.9717000000e-07 4.0436927868e+02
1.1294000000e-06 3.3302208795e+02
1.4219000000e-06 2.7286009597e+02
1.7901000000e-06 2.2266911085e+02
2.2536000000e-06 1.8112556431e+02
2.8371000000e-06 1.4695199308e+02
3.5717000000e-06 1.1897858047e+02
4.4965000000e-06 9.6170525071e+01
5.6608000000e-06 7.7630739318e+01
7.1264000000e-06 6.2599553206e+01
8.9716000000e-06 5.0434660061e+01
1.1294000000e-05 4.0607787522e+01
1.4219000000e-05 3.2674761281e+01
1.7901000000e-05 2.6281144546e+01
2.2536000000e-05 2.1132311208e+01
2.8371000000e-05 1.6988523547e+01
3.5717000000e-05 1.3655412512e+01
4.4965000000e-05 1.0975757920e+01
5.6607000000e-05 8.8223431661e+00
7.1264000000e-05 7.0921962098e+00
8.9717000000e-05 5.7024433316e+00
1.1295000000e-04 4.5862634621e+00
1.4219000000e-04 3.6901666905e+00
1.7901000000e-04 2.9703631104e+00
2.2536000000e-04 2.3923352170e+00
2.8371000000e-04 1.9280526775e+00
3.5717000000e-04 1.5550364829e+00
4.4965000000e-04 1.2552716941e+00
5.6607000000e-04 1.0142974545e+00
7.1265000000e-04 8.2047884915e-01
8.9716000000e-04 6.6455407159e-01
1.1295000000e-03 5.3901020418e-01
1.4219000000e-03 4.3793133994e-01
1.7901000000e-03 3.5645711519e-01
2.2536000000e-03 2.9077189336e-01
2.8371000000e-03 2.3777978949e-01
3.5717000000e-03 1.9499707816e-01
4.4965000000e-03 1.6042912536e-01
5.6607000000e-03 1.3246858962e-01
7.1265000000e-03 1.0981538651e-01
8.9717000000e-03 9.1429192654e-02
1.1294000000e-02 7.6473559767e-02
1.4219000000e-02 6.4268906842e-02
1.7901000000e-02 5.4286731780e-02
2.2536000000e-02 4.6095285642e-02
2.8371000000e-02 3.9350327445e-02
3.5717000000e-02 3.3777816336e-02
4.4965000000e-02 2.9159338142e-02
5.6607000000e-02 2.5319775408e-02
7.1264000000e-02 2.2117423732e-02
8.9717000000e-02 1.9437160524e-02
1.1294000000e-01 1.7184888920e-02
1.4219000000e-01 1.5279962947e-02
1.7901000000e-01 1.3657490345e-02
2.2536000000e-01 1.2261262254e-02
2.8371000000e-01 1.1043212823e-02
3.5717000000e-01 9.9618799827e-03
4.4965000000e-01 8.9816103509e-03
5.6608000000e-01 8.0723842127e-03
7.1264000000e-01 7.2103346261e-03
8.9717000000e-01 6.3774423935e-03
1.1294000000e+00 5.5627639763e-03
1.4219000000e+00 4.7616876215e-03
1.7901000000e+00 3.9791399994e-03
2.2536000000e+00 3.2284224579e-03
2.8371000000e+00 2.5306853472e-03
3.5717000000e+00 1.9114316851e-03
4.4965000000e+00 1.3942880630e-03
5.6607000000e+00 9.9329802576e-04
7.1265000000e+00 7.0682753331e-04
8.9717000000e+00 5.1698646969e-04
1.1295000000e+01 3.9595963879e-04
1.4219000000e+01 3.1658058806e-04
1.7901000000e+01 2.5979268150e-04
2.2536000000e+01 2.1590717113e-04
2.8371000000e+01 1.8099054943e-04
3.5717000000e+01 1.5318087268e-04
4.4965000000e+01 1.3119250395e-04
5.6607000000e+01 1.1213116751e-04
7.1265000000e+01 9.5395608152e-05
8.9716000000e+01 7.9092690607e-05
1.1294000000e+02 6.2927385126e-05
1.4219000000e+02 4.7503938072e-05
1.7901000000e+02 3.3578513696e-05
2.2536000000e+02 2.2074103610e-05
2.8371000000e+02 1.3634200285e-05
3.5717000000e+02 8.0365633480e-06
4.4965000000e+02 4.6110038181e-06
5.6608000000e+02 2.6281915507e-06
7.1265000000e+02 1.5176992281e-06
8.9716000000e+02 8.9716673075e-07
1.1294000000e+03 5.4568872936e-07
1.4219000000e+03 3.3812391530e-07
1.7901000000e+03 2.1098480656e-07
2.2536000000e+03 1.3147289803e-07
2.8371000000e+03 8.0976241983e-08
3.5717000000e+03 4.8960153648e-08
4.4965000000e+03 2.8953261876e-08
5.6608000000e+03 1.6735898245e-08
7.1265000000e+03 9.4783911229e-09
8.9717000000e+03 5.2810965827e-09
1.1294000000e+04 3.3728914118e-09
1.4219000000e+04 2.4503927218e-09
1.7901000000e+04 1.7732245262e-09
2.2536000000e+04 1.2789565452e-09
2.8371000000e+04 9.1992813597e-10
3.5717000000e+04 6.6019711702e-10
4.4965000000e+04 4.7294377989e-10
5.6608000000e+04 3.3831005423e-10
7.1264000000e+04 2.4173686091e-10
8.9716000000e+04 1.7257386038e-10
1.1294000000e+05 1.2312369514e-10
1.4219000000e+05 8.7784443490e-11
1.7901000000e+05 6.2566520116e-11
2.2536000000e+05 4.4581386841e-11
2.8371000000e+05 3.1759791851e-11
3.5717000000e+05 2.2622262734e-11
4.4965000000e+05 1.6112227003e-11
5.6608000000e+05 1.1474853694e-11
7.1264000000e+05 8.1723220212e-12
8.9716000000e+05 5.8201493812e-12
