# particle=alpha
# bin=17
# theta_mid_deg=138.590378
# mu_high=-0.700000
# mu_low=-0.800000
# delta_omega_sr=0.6283185307
# black_hole_mode=No
# energy_unit=MeV_per_nucleon
# flux_unit=cm^-2 s^-1 (MeV/n)^-1 sr^-1
# Energy Flux
1.1294000000e-02 1.9436012748e-06
1.4219000000e-02 1.6709381033e-06
1.7901000000e-02 1.4643910927e-06
2.2536000000e-02 1.3083557551e-06
2.8371000000e-02 1.1909158990e-06
3.5717000000e-02 1.1029764823e-06
4.4965000000e-02 1.0375948765e-06
5.6607000000e-02 9.8946346992e-07
7.1264000000e-02 9.5451992129e-07
8.9717000000e-02 9.2966052626e-07
1.1294000000e-01 9.1251055515e-07
1.4219000000e-01 9.0122436269e-07
1.7901000000e-01 8.9438426348e-07
2.2536000000e-01 8.9085011503e-07
2.8371000000e-01 8.8966570411e-07
3.5717000000e-01 8.8994714467e-07
4.4965000000e-01 8.9074494351e-07
5.6608000000e-01 8.9085012273e-07
7.1264000000e-01 8.8850329569e-07
8.9717000000e-01 8.8096475573e-07
1.1294000000e+00 8.5725768705e-07
1.4219000000e+00 8.0913930270e-07
1.7901000000e+00 7.3593112979e-07
2.2536000000e+00 6.3527425671e-07
2.8371000000e+00 5.1270383258e-07
3.5717000000e+00 3.8340610103e-07
4.4965000000e+00 2.6635933234e-07
5.6607000000e+00 1.7429678641e-07
7.1265000000e+00 1.0943078081e-07
8.9717000000e+00 6.7042346620e-08
1.1295000000e+01 4.0550339377e-08
1.4219000000e+01 2.3154126200e-08
1.7901000000e+01 1.2898340695e-08
2.2536000000e+01 7.2736503612e-09
2.8371000000e+01 4.0093434950e-09
3.5717000000e+01 2.2141823599e-09
4.4965000000e+01 1.2298399114e-09
5.6607000000e+01 6.7270327947e-10
7.1265000000e+01 3.6660873356e-10
8.9716000000e+01 2.0236965751e-10
1.1294000000e+02 1.1113795684e-10
1.4219000000e+02 6.0248565105e-11
1.7901000000e+02 3.1824914473e-11
2.2536000000e+02 1.6122619709e-11
2.8371000000e+02 7.4482262188e-12
3.5717000000e+02 3.3549008976e-12
4.4965000000e+02 2.0379516035e-12
5.6608000000e+02 1.4051530349e-12
7.1265000000e+02 1.3368020784e-12
8.9716000000e+02 1.8739895932e-12
1.1294000000e+03 3.2908353071e-12
1.4219000000e+03 8.5119626502e-12
1.7901000000e+03 1.9333370344e-11
2.2536000000e+03 5.0058499420e-11
2.8371000000e+03 1.5059192356e-10
3.5717000000e+03 5.5013435433e-10
4.4965000000e+03 3.0455955487e-09
5.6608000000e+03 4.3129895074e-09
7.1265000000e+03 2.2283521309e-09
8.9717000000e+03 1.2594275783e-09
1.1294000000e+04 7.1853477864e-10
1.4219000000e+04 4.1159667885e-10
1.7901000000e+04 2.3222393026e-10
2.2536000000e+04 1.2940595703e-10
2.8371000000e+04 7.1376928465e-11
3.5717000000e+04 3.9040956463e-11
4.4965000000e+04 2.1209535964e-11
5.6608000000e+04 1.1459427321e-11
7.1264000000e+04 6.1639023613e-12
8.9716000000e+04 3.3036995729e-12
1.1294000000e+05 1.7654622996e-12
1.4219000000e+05 9.4148534465e-13
1.7901000000e+05 5.0107654787e-13
2.2536000000e+05 2.6630765880e-13
2.8371000000e+05 1.4137149147e-13
3.5717000000e+05 7.4977293068e-14
4.4965000000e+05 3.9737914823e-14
5.6608000000e+05 2.1046637505e-14
7.1264000000e+05 1.1142205199e-14
8.9716000000e+05 5.8965605739e-15
