# particle=muplus
# bin=14
# theta_mid_deg=116.743684
# mu_high=-0.400000
# mu_low=-0.500000
# delta_omega_sr=0.6283185307
# black_hole_mode=No
# energy_unit=MeV
# flux_unit=cm^-2 s^-1 MeV^-1 sr^-1
# Energy Flux
1.1294000000e-02 2.1606782744e-10
1.4219000000e-02 2.5129538214e-10
1.7901000000e-02 2.9231859298e-10
2.2536000000e-02 3.4010989734e-10
2.8371000000e-02 3.9581327210e-10
3.5717000000e-02 4.6077406323e-10
4.4965000000e-02 5.3657331423e-10
5.6607000000e-02 6.2507809222e-10
7.1264000000e-02 7.2851319760e-10
8.9717000000e-02 8.4951826455e-10
1.1294000000e-01 9.9119168519e-10
1.4219000000e-01 1.1574340637e-09
1.7901000000e-01 1.3527224506e-09
2.2536000000e-01 1.5826016714e-09
2.8371000000e-01 1.8538658331e-09
3.5717000000e-01 2.1748898189e-09
4.4965000000e-01 2.5560599231e-09
5.6608000000e-01 3.0104291543e-09
7.1264000000e-01 3.5544046804e-09
8.9717000000e-01 4.2091339918e-09
1.1294000000e+00 5.0012991603e-09
1.4219000000e+00 5.9665165406e-09
1.7901000000e+00 7.1497222112e-09
2.2536000000e+00 8.6101149198e-09
2.8371000000e+00 1.0424924429e-08
3.5717000000e+00 1.2694448443e-08
4.4965000000e+00 1.5547727577e-08
5.6607000000e+00 1.9148678935e-08
7.1265000000e+00 2.3702137686e-08
8.9717000000e+00 2.9453867237e-08
1.1295000000e+01 3.6451665342e-08
1.4219000000e+01 4.4875634812e-08
1.7901000000e+01 5.5198039285e-08
2.2536000000e+01 6.7617556438e-08
2.8371000000e+01 8.2200373389e-08
3.5717000000e+01 9.8754055980e-08
4.4965000000e+01 1.1684665341e-07
5.6607000000e+01 1.3478610742e-07
7.1265000000e+01 1.4951726936e-07
8.9716000000e+01 1.5931071553e-07
1.1294000000e+02 1.6739776586e-07
1.4219000000e+02 1.7352987909e-07
1.7901000000e+02 1.7236277170e-07
2.2536000000e+02 1.6261638754e-07
2.8371000000e+02 1.4612494926e-07
3.5717000000e+02 1.2552697368e-07
4.4965000000e+02 1.0178877693e-07
5.6608000000e+02 7.6842094560e-08
7.1265000000e+02 6.0870756020e-08
8.9716000000e+02 4.7736953712e-08
1.1294000000e+03 3.5141576580e-08
1.4219000000e+03 2.3623783509e-08
1.7901000000e+03 1.5679327285e-08
2.2536000000e+03 1.0108470225e-08
2.8371000000e+03 6.0118166489e-09
3.5717000000e+03 3.3819130600e-09
4.4965000000e+03 1.8730835040e-09
5.6608000000e+03 1.0361303748e-09
7.1265000000e+03 4.4727899696e-10
8.9717000000e+03 2.1543426196e-10
1.1294000000e+04 1.5346237192e-10
1.4219000000e+04 9.9477966115e-11
1.7901000000e+04 6.1067227848e-11
2.2536000000e+04 4.1130981925e-11
2.8371000000e+04 2.7242905462e-11
3.5717000000e+04 1.7655967498e-11
4.4965000000e+04 1.1213628988e-11
5.6608000000e+04 7.0173977502e-12
7.1264000000e+04 4.8805992629e-12
8.9716000000e+04 4.5947026860e-12
1.1294000000e+05 3.1505430318e-12
1.4219000000e+05 1.7242586686e-12
1.7901000000e+05 9.4200265938e-13
2.2536000000e+05 5.1392270897e-13
2.8371000000e+05 2.8006471719e-13
3.5717000000e+05 1.4198397163e-13
4.4965000000e+05 7.0480970796e-14
5.6608000000e+05 3.4964453983e-14
7.1264000000e+05 1.7338325505e-14
8.9716000000e+05 8.5941720502e-15
