# particle=p
# bin=15
# theta_mid_deg=123.367013
# mu_high=-0.500000
# mu_low=-0.600000
# delta_omega_sr=0.6283185307
# black_hole_mode=No
# energy_unit=MeV
# flux_unit=cm^-2 s^-1 MeV^-1 sr^-1
# Energy Flux
1.1294000000e-02 1.5525869327e-06
1.4219000000e-02 1.4587783082e-06
1.7901000000e-02 1.3719278709e-06
2.2536000000e-02 1.2920037383e-06
2.8371000000e-02 1.2191097901e-06
3.5717000000e-02 1.1535225293e-06
4.4965000000e-02 1.0957340920e-06
5.6607000000e-02 1.0464970903e-06
7.1264000000e-02 1.0068816031e-06
8.9717000000e-02 9.7835760554e-07
1.1294000000e-01 9.6287074998e-07
1.4219000000e-01 9.6290339695e-07
1.7901000000e-01 9.8157155124e-07
2.2536000000e-01 1.0226278457e-06
2.8371000000e-01 1.0904541495e-06
3.5717000000e-01 1.1899418898e-06
4.4965000000e-01 1.3262326073e-06
5.6608000000e-01 1.5043269319e-06
7.1264000000e-01 1.7284750034e-06
8.9717000000e-01 2.0016333630e-06
1.1294000000e+00 2.3235933638e-06
1.4219000000e+00 2.6933116364e-06
1.7901000000e+00 3.1078102001e-06
2.2536000000e+00 3.5615844132e-06
2.8371000000e+00 4.0487051818e-06
3.5717000000e+00 4.5681219347e-06
4.4965000000e+00 5.1282576267e-06
5.6607000000e+00 5.7010550324e-06
7.1265000000e+00 6.2630186657e-06
8.9717000000e+00 6.8175836105e-06
1.1295000000e+01 7.3502236195e-06
1.4219000000e+01 7.8244900411e-06
1.7901000000e+01 8.2517174567e-06
2.2536000000e+01 8.6440031392e-06
2.8371000000e+01 8.9313688037e-06
3.5717000000e+01 9.1349969474e-06
4.4965000000e+01 9.1875931281e-06
5.6607000000e+01 9.0181850896e-06
7.1265000000e+01 8.5891573499e-06
8.9716000000e+01 7.9059932120e-06
1.1294000000e+02 7.0118382973e-06
1.4219000000e+02 5.9789286870e-06
1.7901000000e+02 4.8936186119e-06
2.2536000000e+02 3.8452535057e-06
2.8371000000e+02 2.8972051489e-06
3.5717000000e+02 2.1065405356e-06
4.4965000000e+02 1.4929247615e-06
5.6608000000e+02 1.0340474012e-06
7.1265000000e+02 6.9432099156e-07
8.9716000000e+02 4.4423113839e-07
1.1294000000e+03 2.7867220550e-07
1.4219000000e+03 1.7544564159e-07
1.7901000000e+03 1.0950445231e-07
2.2536000000e+03 6.7143781073e-08
2.8371000000e+03 3.9986359731e-08
3.5717000000e+03 2.2735528471e-08
4.4965000000e+03 1.2494885285e-08
5.6608000000e+03 7.4253697297e-09
7.1265000000e+03 5.4717415734e-09
8.9717000000e+03 7.2683675914e-09
1.1294000000e+04 1.5279237242e-08
1.4219000000e+04 1.5066733869e-08
1.7901000000e+04 9.1134967445e-09
2.2536000000e+04 5.2330707720e-09
2.8371000000e+04 2.9620956017e-09
3.5717000000e+04 1.6569634365e-09
4.4965000000e+04 9.1788859847e-10
5.6608000000e+04 5.0446191252e-10
7.1264000000e+04 2.7546326464e-10
8.9716000000e+04 1.4964053869e-10
1.1294000000e+05 8.0943453685e-11
1.4219000000e+05 4.3646869170e-11
1.7901000000e+05 2.3468988254e-11
2.2536000000e+05 1.2593036729e-11
2.8371000000e+05 6.7457473817e-12
3.5717000000e+05 3.6085421459e-12
4.4965000000e+05 1.9283716769e-12
5.6608000000e+05 1.0295161975e-12
7.1264000000e+05 5.4927663628e-13
8.9716000000e+05 2.9289538399e-13
