# particle=muminus
# bin=11
# theta_mid_deg=98.626927
# mu_high=-0.100000
# mu_low=-0.200000
# delta_omega_sr=0.6283185307
# black_hole_mode=No
# energy_unit=MeV
# flux_unit=cm^-2 s^-1 MeV^-1 sr^-1
# Energy Flux
1.1294000000e-02 7.4673228788e-11
1.4219000000e-02 8.9890872449e-11
1.7901000000e-02 1.0825390495e-10
2.2536000000e-02 1.3042740167e-10
2.8371000000e-02 1.5722313264e-10
3.5717000000e-02 1.8963242797e-10
4.4965000000e-02 2.2886602482e-10
5.6607000000e-02 2.7640815837e-10
7.1264000000e-02 3.3409062190e-10
8.9717000000e-02 4.0416929867e-10
1.1294000000e-01 4.8940228264e-10
1.4219000000e-01 5.9332627652e-10
1.7901000000e-01 7.2020727873e-10
2.2536000000e-01 8.7545030020e-10
2.8371000000e-01 1.0658588363e-09
3.5717000000e-01 1.3000257654e-09
4.4965000000e-01 1.5888356045e-09
5.6608000000e-01 1.9461828908e-09
7.1264000000e-01 2.3897675698e-09
8.9717000000e-01 2.9425074330e-09
1.1294000000e+00 3.6335052706e-09
1.4219000000e+00 4.5012900364e-09
1.7901000000e+00 5.5944280989e-09
2.2536000000e+00 6.9760871271e-09
2.8371000000e+00 8.7274962654e-09
3.5717000000e+00 1.0952302154e-08
4.4965000000e+00 1.3781115633e-08
5.6607000000e+00 1.7375935833e-08
7.1265000000e+00 2.1933821908e-08
8.9717000000e+00 2.7683883776e-08
1.1295000000e+01 3.4736605984e-08
1.4219000000e+01 4.3297316172e-08
1.7901000000e+01 5.3766159191e-08
2.2536000000e+01 6.6359982614e-08
2.8371000000e+01 8.1201726578e-08
3.5717000000e+01 9.8301094601e-08
4.4965000000e+01 1.1800636925e-07
5.6607000000e+01 1.3925596237e-07
7.1265000000e+01 1.6025451467e-07
8.9716000000e+01 1.7828667569e-07
1.1294000000e+02 1.9590002862e-07
1.4219000000e+02 2.1326289790e-07
1.7901000000e+02 2.2375155179e-07
2.2536000000e+02 2.2446570299e-07
2.8371000000e+02 2.1536241346e-07
3.5717000000e+02 1.9784438869e-07
4.4965000000e+02 1.7137367454e-07
5.6608000000e+02 1.3665043909e-07
7.1265000000e+02 1.1097002910e-07
8.9716000000e+02 8.7977151691e-08
1.1294000000e+03 6.5288579526e-08
1.4219000000e+03 4.4096333654e-08
1.7901000000e+03 2.9295205061e-08
2.2536000000e+03 1.8830856856e-08
2.8371000000e+03 1.1113014314e-08
3.5717000000e+03 6.1718028358e-09
4.4965000000e+03 3.3560057061e-09
5.6608000000e+03 1.7955392469e-09
7.1265000000e+03 7.4667606347e-10
8.9717000000e+03 3.4810893559e-10
1.1294000000e+04 2.3460155774e-10
1.4219000000e+04 1.5701213971e-10
1.7901000000e+04 1.0356219349e-10
2.2536000000e+04 7.1289105443e-11
2.8371000000e+04 4.8053128861e-11
3.5717000000e+04 3.1554028377e-11
4.4965000000e+04 2.0229805472e-11
5.6608000000e+04 1.2743899106e-11
7.1264000000e+04 8.3422213306e-12
8.9716000000e+04 6.3344853496e-12
1.1294000000e+05 4.0140130603e-12
1.4219000000e+05 2.1953663676e-12
1.7901000000e+05 1.1987193534e-12
2.2536000000e+05 6.5368027418e-13
2.8371000000e+05 3.5609229918e-13
3.5717000000e+05 1.8050032574e-13
4.4965000000e+05 8.9574922827e-14
5.6608000000e+05 4.4426200472e-14
7.1264000000e+05 2.2025996284e-14
8.9716000000e+05 1.0915996069e-14
