# particle=eminus
# bin=10
# theta_mid_deg=92.865984
# mu_high=0.000000
# mu_low=-0.100000
# delta_omega_sr=0.6283185307
# black_hole_mode=No
# energy_unit=MeV
# flux_unit=cm^-2 s^-1 MeV^-1 sr^-1
# Energy Flux
1.1294000000e-02 1.2086431610e-02
1.4219000000e-02 1.1576900697e-02
1.7901000000e-02 1.1063994211e-02
2.2536000000e-02 1.0545470953e-02
2.8371000000e-02 1.0019201144e-02
3.5717000000e-02 9.4833402234e-03
4.4965000000e-02 8.9365444432e-03
5.6607000000e-02 8.3781592780e-03
7.1264000000e-02 7.8083971479e-03
8.9717000000e-02 7.2286924721e-03
1.1294000000e-01 6.6652907436e-03
1.4219000000e-01 6.1225626372e-03
1.7901000000e-01 5.5924467715e-03
2.2536000000e-01 5.0774237585e-03
2.8371000000e-01 4.5244926707e-03
3.5717000000e-01 4.0192097521e-03
4.4965000000e-01 3.5718504881e-03
5.6608000000e-01 3.1640574994e-03
7.1264000000e-01 2.8062773464e-03
8.9717000000e-01 2.4994060130e-03
1.1294000000e+00 2.2136160736e-03
1.4219000000e+00 1.9339901431e-03
1.7901000000e+00 1.6736215454e-03
2.2536000000e+00 1.4466390020e-03
2.8371000000e+00 1.2554571773e-03
3.5717000000e+00 1.0911719039e-03
4.4965000000e+00 9.4368576559e-04
5.6607000000e+00 8.0892906338e-04
7.1265000000e+00 6.8636554570e-04
8.9717000000e+00 5.7666179596e-04
1.1295000000e+01 4.7972116918e-04
1.4219000000e+01 3.9568897812e-04
1.7901000000e+01 3.2473632620e-04
2.2536000000e+01 2.6529412960e-04
2.8371000000e+01 2.1557657865e-04
3.5717000000e+01 1.7374568252e-04
4.4965000000e+01 1.3817920607e-04
5.6607000000e+01 1.0849291709e-04
7.1265000000e+01 8.3967200934e-05
8.9716000000e+01 6.3913153889e-05
1.1294000000e+02 4.7719183618e-05
1.4219000000e+02 3.4750482270e-05
1.7901000000e+02 2.4468770616e-05
2.2536000000e+02 1.6437710784e-05
2.8371000000e+02 1.0358422062e-05
3.5717000000e+02 6.0379533572e-06
4.4965000000e+02 3.2483652026e-06
5.6608000000e+02 1.6112473441e-06
7.1265000000e+02 7.4202309020e-07
8.9716000000e+02 3.2147125464e-07
1.1294000000e+03 1.3319730877e-07
1.4219000000e+03 5.3653877559e-08
1.7901000000e+03 2.1354062536e-08
2.2536000000e+03 8.5094879291e-09
2.8371000000e+03 3.4304739938e-09
3.5717000000e+03 1.4090072148e-09
4.4965000000e+03 5.9103020484e-10
5.6608000000e+03 2.5282232093e-10
7.1265000000e+03 1.1023894828e-10
8.9717000000e+03 4.8930350396e-11
1.1294000000e+04 2.2788386822e-11
1.4219000000e+04 1.0959568022e-11
1.7901000000e+04 5.2707090475e-12
2.2536000000e+04 2.5348027848e-12
2.8371000000e+04 1.2190104764e-12
3.5717000000e+04 5.8620821947e-13
4.4965000000e+04 2.8189792751e-13
5.6608000000e+04 1.3555521086e-13
7.1264000000e+04 6.5188696843e-14
8.9716000000e+04 3.1347533450e-14
1.1294000000e+05 1.5076576241e-14
1.4219000000e+05 7.2487542135e-15
1.7901000000e+05 3.4854989863e-15
2.2536000000e+05 1.6760765838e-15
2.8371000000e+05 8.0598697311e-16
3.5717000000e+05 3.8757343377e-16
4.4965000000e+05 1.8637261472e-16
5.6608000000e+05 8.9618710025e-17
7.1264000000e+05 4.3097258229e-17
8.9716000000e+05 2.0724175267e-17
