# particle=n
# bin=06
# theta_mid_deg=69.512685
# mu_high=0.400000
# mu_low=0.300000
# delta_omega_sr=0.6283185307
# black_hole_mode=No
# energy_unit=MeV
# flux_unit=cm^-2 s^-1 MeV^-1 sr^-1
# Energy Flux
1.1294000000e-08 8.4646953294e+02
1.4219000000e-08 8.8179241417e+02
1.7901000000e-08 9.1373097055e+02
2.2536000000e-08 9.4066202202e+02
2.8371000000e-08 9.6069816796e+02
3.5717000000e-08 9.7178214686e+02
4.4965000000e-08 9.7187042411e+02
5.6608000000e-08 9.5920842629e+02
7.1265000000e-08 9.3266899816e+02
8.9717000000e-08 8.9207792904e+02
1.1295000000e-07 8.3902805707e+02
1.4219000000e-07 7.7559984436e+02
1.7901000000e-07 7.0427654641e+02
2.2536000000e-07 6.2865195166e+02
2.8371000000e-07 5.5228885211e+02
3.5717000000e-07 4.7829840849e+02
4.4965000000e-07 4.0906037088e+02
5.6608000000e-07 3.4611884145e+02
7.1264000000e-07 2.9025935269e+02
8.9717000000e-07 2.4162778687e+02
1.1294000000e-06 1.9996308932e+02
1.4219000000e-06 1.6468125603e+02
1.7901000000e-06 1.3511616889e+02
2.2536000000e-06 1.1053078397e+02
2.8371000000e-06 9.0207851813e+01
3.5717000000e-06 7.3486483992e+01
4.4965000000e-06 5.9779048044e+01
5.6608000000e-06 4.8573644121e+01
7.1264000000e-06 3.9434942347e+01
8.9716000000e-06 3.1993095848e+01
1.1294000000e-05 2.5942764827e+01
1.4219000000e-05 2.1025756252e+01
1.7901000000e-05 1.7035427161e+01
2.2536000000e-05 1.3799006629e+01
2.8371000000e-05 1.1175192851e+01
3.5717000000e-05 9.0488181346e+00
4.4965000000e-05 7.3262112436e+00
5.6607000000e-05 5.9311250348e+00
7.1264000000e-05 4.8014454547e+00
8.9717000000e-05 3.8868595588e+00
1.1295000000e-04 3.1465169423e+00
1.4219000000e-04 2.5474962302e+00
1.7901000000e-04 2.0626033748e+00
2.2536000000e-04 1.6702641068e+00
2.8371000000e-04 1.3528017719e+00
3.5717000000e-04 1.0959212285e+00
4.4965000000e-04 8.8806769334e-01
5.6607000000e-04 7.1988331626e-01
7.1265000000e-04 5.8376932564e-01
8.9716000000e-04 4.7362508994e-01
1.1295000000e-03 3.8445354888e-01
1.4219000000e-03 3.1228937916e-01
1.7901000000e-03 2.5384237706e-01
2.2536000000e-03 2.0651170459e-01
2.8371000000e-03 1.6817077918e-01
3.5717000000e-03 1.3710307266e-01
4.4965000000e-03 1.1192331014e-01
5.6607000000e-03 9.1510607167e-02
7.1265000000e-03 7.4954621892e-02
8.9717000000e-03 6.1524662924e-02
1.1294000000e-02 5.0632835245e-02
1.4219000000e-02 4.1796458519e-02
1.7901000000e-02 3.4629541681e-02
2.2536000000e-02 2.8810126336e-02
2.8371000000e-02 2.4078149049e-02
3.5717000000e-02 2.0223569997e-02
4.4965000000e-02 1.7076395771e-02
5.6607000000e-02 1.4498722936e-02
7.1264000000e-02 1.2378641161e-02
8.9717000000e-02 1.0626019017e-02
1.1294000000e-01 9.1687370741e-03
1.4219000000e-01 7.9472717024e-03
1.7901000000e-01 6.9154349542e-03
2.2536000000e-01 6.0350862734e-03
2.8371000000e-01 5.2752652807e-03
3.5717000000e-01 4.6108249875e-03
4.4965000000e-01 4.0214517034e-03
5.6608000000e-01 3.4909057221e-03
7.1264000000e-01 3.0067746730e-03
8.9717000000e-01 2.5600546681e-03
1.1294000000e+00 2.1456465564e-03
1.4219000000e+00 1.7615300441e-03
1.7901000000e+00 1.4095617664e-03
2.2536000000e+00 1.0938823318e-03
2.8371000000e+00 8.1989992418e-04
3.5717000000e+00 5.9253761468e-04
4.4965000000e+00 4.1427239506e-04
5.6607000000e+00 2.8348716177e-04
7.1265000000e+00 1.9401218108e-04
8.9717000000e+00 1.3643679741e-04
1.1295000000e+01 1.0036795081e-04
1.4219000000e+01 7.6967349731e-05
1.7901000000e+01 6.0426964695e-05
2.2536000000e+01 4.7828409458e-05
2.8371000000e+01 3.7927129482e-05
3.5717000000e+01 3.0112282618e-05
4.4965000000e+01 2.3912286291e-05
5.6607000000e+01 1.9219824227e-05
7.1265000000e+01 1.5404324577e-05
8.9716000000e+01 1.2199144131e-05
1.1294000000e+02 9.4450457590e-06
1.4219000000e+02 7.0100042051e-06
1.7901000000e+02 5.1690453328e-06
2.2536000000e+02 3.9640290610e-06
2.8371000000e+02 3.0873197864e-06
3.5717000000e+02 2.4136574160e-06
4.4965000000e+02 1.9097518095e-06
5.6608000000e+02 1.5341316076e-06
7.1265000000e+02 1.2376989209e-06
8.9716000000e+02 9.9982387080e-07
1.1294000000e+03 8.0396642191e-07
1.4219000000e+03 6.4607840921e-07
1.7901000000e+03 5.1835768669e-07
2.2536000000e+03 4.1368184464e-07
2.8371000000e+03 3.2775741068e-07
3.5717000000e+03 2.5724814028e-07
4.4965000000e+03 1.9973547579e-07
5.6608000000e+03 1.5332305964e-07
7.1265000000e+03 1.1638042053e-07
8.9717000000e+03 8.7407252004e-08
1.1294000000e+04 6.4398558820e-08
1.4219000000e+04 4.6785306896e-08
1.7901000000e+04 3.3856145962e-08
2.2536000000e+04 2.4419095739e-08
2.8371000000e+04 1.7564172380e-08
3.5717000000e+04 1.2605132417e-08
4.4965000000e+04 9.0299076102e-09
5.6608000000e+04 6.4593481577e-09
7.1264000000e+04 4.6154778070e-09
8.9716000000e+04 3.2949498048e-09
1.1294000000e+05 2.3507986341e-09
1.4219000000e+05 1.6760668985e-09
1.7901000000e+05 1.1945815130e-09
2.2536000000e+05 8.5119166681e-10
2.8371000000e+05 6.0638916998e-10
3.5717000000e+05 4.3192648071e-10
4.4965000000e+05 3.0763047833e-10
5.6608000000e+05 2.1908918799e-10
7.1264000000e+05 1.5603400647e-10
8.9716000000e+05 1.1112401394e-10
