# particle=muminus
# bin=06
# theta_mid_deg=69.512685
# mu_high=0.400000
# mu_low=0.300000
# delta_omega_sr=0.6283185307
# black_hole_mode=No
# energy_unit=MeV
# flux_unit=cm^-2 s^-1 MeV^-1 sr^-1
# Energy Flux
1.1294000000e-02 3.0594941613e-11
1.4219000000e-02 3.6829879178e-11
1.7901000000e-02 4.4353538142e-11
2.2536000000e-02 5.3438411646e-11
2.8371000000e-02 6.4417096213e-11
3.5717000000e-02 7.7695757311e-11
4.4965000000e-02 9.3770455357e-11
5.6607000000e-02 1.1324930774e-10
7.1264000000e-02 1.3688283253e-10
8.9717000000e-02 1.6559530497e-10
1.1294000000e-01 2.0051676492e-10
1.4219000000e-01 2.4309626197e-10
1.7901000000e-01 2.9508165107e-10
2.2536000000e-01 3.5868746074e-10
2.8371000000e-01 4.3670120327e-10
3.5717000000e-01 5.3264353279e-10
4.4965000000e-01 6.5097402831e-10
5.6608000000e-01 7.9738552728e-10
7.1264000000e-01 9.7913001021e-10
8.9717000000e-01 1.2055973013e-09
1.1294000000e+00 1.4887113281e-09
1.4219000000e+00 1.8442580839e-09
1.7901000000e+00 2.2921360683e-09
2.2536000000e+00 2.8582261917e-09
2.8371000000e+00 3.5758094701e-09
3.5717000000e+00 4.4873517639e-09
4.4965000000e+00 5.6463666428e-09
5.6607000000e+00 7.1192280139e-09
7.1265000000e+00 8.9866744952e-09
8.9717000000e+00 1.1342576469e-08
1.1295000000e+01 1.4507926540e-08
1.4219000000e+01 1.8705342236e-08
1.7901000000e+01 2.3883631123e-08
2.2536000000e+01 3.0113795576e-08
2.8371000000e+01 3.7403820841e-08
3.5717000000e+01 4.5696146613e-08
4.4965000000e+01 5.4731117372e-08
5.6607000000e+01 6.4641036128e-08
7.1265000000e+01 7.5897311801e-08
8.9716000000e+01 8.8642318246e-08
1.1294000000e+02 1.0462392429e-07
1.4219000000e+02 1.2406569049e-07
1.7901000000e+02 1.4563722240e-07
2.2536000000e+02 1.6858490293e-07
2.8371000000e+02 1.9028058540e-07
3.5717000000e+02 2.0779680162e-07
4.4965000000e+02 2.2035270706e-07
5.6608000000e+02 2.2677366721e-07
7.1265000000e+02 2.1766967257e-07
8.9716000000e+02 2.0018975206e-07
1.1294000000e+03 1.7847106425e-07
1.4219000000e+03 1.5585295539e-07
1.7901000000e+03 1.3193936221e-07
2.2536000000e+03 1.0533151077e-07
2.8371000000e+03 8.0294419712e-08
3.5717000000e+03 5.8566291154e-08
4.4965000000e+03 4.0880194319e-08
5.6608000000e+03 2.7399669653e-08
7.1265000000e+03 1.7870033481e-08
8.9717000000e+03 1.1246449799e-08
1.1294000000e+04 6.8348129072e-09
1.4219000000e+04 4.0656719638e-09
1.7901000000e+04 2.3739384261e-09
2.2536000000e+04 1.3590140894e-09
2.8371000000e+04 7.6672281751e-10
3.5717000000e+04 4.2733954136e-10
4.4965000000e+04 2.3574595818e-10
5.6608000000e+04 1.2890483896e-10
7.1264000000e+04 6.9461109923e-11
8.9716000000e+04 3.5942227783e-11
1.1294000000e+05 1.9013620282e-11
1.4219000000e+05 1.0399035047e-11
1.7901000000e+05 5.6781067398e-12
2.2536000000e+05 3.0963597608e-12
2.8371000000e+05 1.6867418367e-12
3.5717000000e+05 8.5499588639e-13
4.4965000000e+05 4.2429945889e-13
5.6608000000e+05 2.1043850473e-13
7.1264000000e+05 1.0433297635e-13
8.9716000000e+05 5.1707007711e-14
