# particle=eminus
# bin=19
# theta_mid_deg=161.805128
# mu_high=-0.900000
# mu_low=-1.000000
# delta_omega_sr=0.6283185307
# black_hole_mode=No
# energy_unit=MeV
# flux_unit=cm^-2 s^-1 MeV^-1 sr^-1
# Energy Flux
1.1294000000e-02 1.1850618140e-02
1.4219000000e-02 1.1351028479e-02
1.7901000000e-02 1.0848129103e-02
2.2536000000e-02 1.0339722542e-02
2.8371000000e-02 9.8237205700e-03
3.5717000000e-02 9.2983146150e-03
4.4965000000e-02 8.7621871457e-03
5.6607000000e-02 8.2146964072e-03
7.1264000000e-02 7.6560506751e-03
8.9717000000e-02 7.0876563824e-03
1.1294000000e-01 6.5307266172e-03
1.4219000000e-01 5.9882951593e-03
1.7901000000e-01 5.4553398805e-03
2.2536000000e-01 4.9329487796e-03
2.8371000000e-01 4.3660054082e-03
3.5717000000e-01 3.8369026215e-03
4.4965000000e-01 3.3520485184e-03
5.6608000000e-01 2.8882813570e-03
7.1264000000e-01 2.4480775136e-03
8.9717000000e-01 2.0331170759e-03
1.1294000000e+00 1.6539787561e-03
1.4219000000e+00 1.3262322300e-03
1.7901000000e+00 1.0507092798e-03
2.2536000000e+00 8.2040057645e-04
2.8371000000e+00 6.2875635275e-04
3.5717000000e+00 4.7100979001e-04
4.4965000000e+00 3.4593245715e-04
5.6607000000e+00 2.5275748791e-04
7.1265000000e+00 1.8668748055e-04
8.9717000000e+00 1.4026972855e-04
1.1295000000e+01 1.0649907760e-04
1.4219000000e+01 8.0749439917e-05
1.7901000000e+01 6.0493413710e-05
2.2536000000e+01 4.4361203775e-05
2.8371000000e+01 3.1783443143e-05
3.5717000000e+01 2.2417988536e-05
4.4965000000e+01 1.5757900186e-05
5.6607000000e+01 1.1182498821e-05
7.1265000000e+01 7.9852576057e-06
8.9716000000e+01 5.6430453642e-06
1.1294000000e+02 3.8546901848e-06
1.4219000000e+02 2.4679690872e-06
1.7901000000e+02 1.4154799523e-06
2.2536000000e+02 6.9423013214e-07
2.8371000000e+02 3.1476853841e-07
3.5717000000e+02 1.8376011073e-07
4.4965000000e+02 9.9943025171e-08
5.6608000000e+02 5.0696891176e-08
7.1265000000e+02 2.4208595982e-08
8.9716000000e+02 1.1047083051e-08
1.1294000000e+03 4.9013317219e-09
1.4219000000e+03 2.1473194251e-09
1.7901000000e+03 9.4116063964e-10
2.2536000000e+03 4.1611346693e-10
2.8371000000e+03 1.8636744121e-10
3.5717000000e+03 8.4648159510e-11
4.4965000000e+03 3.8927237380e-11
5.6608000000e+03 1.8072759505e-11
7.1265000000e+03 8.4587715848e-12
8.9717000000e+03 3.9858030716e-12
1.1294000000e+04 1.9027081153e-12
1.4219000000e+04 9.1506516800e-13
1.7901000000e+04 4.4007594555e-13
2.2536000000e+04 2.1164244170e-13
2.8371000000e+04 1.0178083882e-13
3.5717000000e+04 4.8945243258e-14
4.4965000000e+04 2.3536965497e-14
5.6608000000e+04 1.1318133301e-14
7.1264000000e+04 5.4429066647e-15
8.9716000000e+04 2.6173509672e-15
1.1294000000e+05 1.2588132802e-15
1.4219000000e+05 6.0523211124e-16
1.7901000000e+05 2.9102047719e-16
2.2536000000e+05 1.3994340814e-16
2.8371000000e+05 6.7295590801e-17
3.5717000000e+05 3.2360303670e-17
4.4965000000e+05 1.5561114057e-17
5.6608000000e+05 7.4826817791e-18
7.1264000000e+05 3.5983899879e-18
8.9716000000e+05 1.7303575182e-18
