# particle=p
# bin=02
# theta_mid_deg=41.409622
# mu_high=0.800000
# mu_low=0.700000
# delta_omega_sr=0.6283185307
# black_hole_mode=No
# energy_unit=MeV
# flux_unit=cm^-2 s^-1 MeV^-1 sr^-1
# Energy Flux
1.1294000000e-02 1.1794141664e-06
1.4219000000e-02 1.1081529582e-06
1.7901000000e-02 1.0421774988e-06
2.2536000000e-02 9.8146356888e-07
2.8371000000e-02 9.2609008004e-07
3.5717000000e-02 8.7626707634e-07
4.4965000000e-02 8.3236840619e-07
5.6607000000e-02 7.9496578731e-07
7.1264000000e-02 7.6487209933e-07
8.9717000000e-02 7.4320400066e-07
1.1294000000e-01 7.3143949560e-07
1.4219000000e-01 7.3146429569e-07
1.7901000000e-01 7.4564545692e-07
2.2536000000e-01 7.7683364633e-07
2.8371000000e-01 8.2835752677e-07
3.5717000000e-01 9.0393284427e-07
4.4965000000e-01 1.0074653419e-06
5.6608000000e-01 1.1427537209e-06
7.1264000000e-01 1.3130265767e-06
8.9717000000e-01 1.5205298296e-06
1.1294000000e+00 1.7658368745e-06
1.4219000000e+00 2.0469094363e-06
1.7901000000e+00 2.3589012972e-06
2.2536000000e+00 2.6946892334e-06
2.8371000000e+00 3.0440294456e-06
3.5717000000e+00 3.3897337876e-06
4.4965000000e+00 3.7141352246e-06
5.6607000000e+00 4.0276436304e-06
7.1265000000e+00 4.3172232286e-06
8.9717000000e+00 4.5643412800e-06
1.1295000000e+01 4.7584237786e-06
1.4219000000e+01 4.8961316843e-06
1.7901000000e+01 4.9672127259e-06
2.2536000000e+01 4.9538092921e-06
2.8371000000e+01 4.8719601800e-06
3.5717000000e+01 4.7031800496e-06
4.4965000000e+01 4.4571407573e-06
5.6607000000e+01 4.1490248936e-06
7.1265000000e+01 3.7892221444e-06
8.9716000000e+01 3.3857271872e-06
1.1294000000e+02 2.9507748648e-06
1.4219000000e+02 2.5065261673e-06
1.7901000000e+02 2.0924458791e-06
2.2536000000e+02 1.7483835047e-06
2.8371000000e+02 1.4751220905e-06
3.5717000000e+02 1.2251892281e-06
4.4965000000e+02 9.5721430185e-07
5.6608000000e+02 7.3943261257e-07
7.1265000000e+02 6.9787036322e-07
8.9716000000e+02 6.5969627508e-07
1.1294000000e+03 5.5266370555e-07
1.4219000000e+03 4.3548298842e-07
1.7901000000e+03 3.3351353242e-07
2.2536000000e+03 2.5130014098e-07
2.8371000000e+03 1.8798616509e-07
3.5717000000e+03 1.4089809867e-07
4.4965000000e+03 1.0723026825e-07
5.6608000000e+03 8.7067862226e-08
7.1265000000e+03 9.1379959838e-08
8.9717000000e+03 1.7898431449e-07
1.1294000000e+04 4.5719043898e-07
1.4219000000e+04 4.5083184208e-07
1.7901000000e+04 2.7269709287e-07
2.2536000000e+04 1.5658569113e-07
2.8371000000e+04 8.8632813730e-08
3.5717000000e+04 4.9580213258e-08
4.4965000000e+04 2.7465369155e-08
5.6608000000e+04 1.5094677802e-08
7.1264000000e+04 8.2425037904e-09
8.9716000000e+04 4.4775941685e-09
1.1294000000e+05 2.4220170507e-09
1.4219000000e+05 1.3060161944e-09
1.7901000000e+05 7.0224690356e-10
2.2536000000e+05 3.7681305022e-10
2.8371000000e+05 2.0184850577e-10
3.5717000000e+05 1.0797600309e-10
4.4965000000e+05 5.7701381261e-11
5.6608000000e+05 3.0805527448e-11
7.1264000000e+05 1.6435638931e-11
8.9716000000e+05 8.7641134866e-12
