# particle=gamma
# bin=12
# theta_mid_deg=104.477512
# mu_high=-0.200000
# mu_low=-0.300000
# delta_omega_sr=0.6283185307
# black_hole_mode=No
# energy_unit=MeV
# flux_unit=cm^-2 s^-1 MeV^-1 sr^-1
# Energy Flux
1.1294000000e-02 2.1218162334e-02
1.4219000000e-02 5.0019511265e-02
1.7901000000e-02 1.1924970096e-01
2.2536000000e-02 2.8780691170e-01
2.8371000000e-02 6.9327479468e-01
3.5717000000e-02 1.5708770456e+00
4.4965000000e-02 2.8777035923e+00
5.6607000000e-02 3.5158186073e+00
7.1264000000e-02 2.9460887418e+00
8.9717000000e-02 2.0105741976e+00
1.1294000000e-01 1.3226598786e+00
1.4219000000e-01 8.8311248550e-01
1.7901000000e-01 6.0440791292e-01
2.2536000000e-01 4.2477961249e-01
2.8371000000e-01 3.0553704258e-01
3.5717000000e-01 2.2400523043e-01
4.4965000000e-01 1.6660787875e-01
5.6608000000e-01 3.1468465945e-01
7.1264000000e-01 9.3735209335e-02
8.9717000000e-01 7.0117662603e-02
1.1294000000e+00 5.2733183181e-02
1.4219000000e+00 3.9885298594e-02
1.7901000000e+00 3.0299129998e-02
2.2536000000e+00 2.3109165350e-02
2.8371000000e+00 1.7685312615e-02
3.5717000000e+00 1.3559368722e-02
4.4965000000e+00 1.0378981318e-02
5.6607000000e+00 7.9116942910e-03
7.1265000000e+00 6.0064280693e-03
8.9717000000e+00 4.5448786288e-03
1.1295000000e+01 3.4268427429e-03
1.4219000000e+01 2.5725648829e-03
1.7901000000e+01 1.9199678324e-03
2.2536000000e+01 1.4226852928e-03
2.8371000000e+01 1.0452409456e-03
3.5717000000e+01 7.5880985449e-04
4.4965000000e+01 5.4384817906e-04
5.6607000000e+01 3.8431519555e-04
7.1265000000e+01 2.6698692131e-04
8.9716000000e+01 1.8224833274e-04
1.1294000000e+02 1.2200818640e-04
1.4219000000e+02 7.9934089157e-05
1.7901000000e+02 5.1159966099e-05
2.2536000000e+02 3.1947099999e-05
2.8371000000e+02 1.9453818473e-05
3.5717000000e+02 1.1546428910e-05
4.4965000000e+02 6.6969172602e-06
5.6608000000e+02 3.7846384649e-06
7.1265000000e+02 2.0775139677e-06
8.9716000000e+02 1.1098894314e-06
1.1294000000e+03 5.9217026173e-07
1.4219000000e+03 3.1413245322e-07
1.7901000000e+03 1.6479190513e-07
2.2536000000e+03 8.4508756637e-08
2.8371000000e+03 4.1610313338e-08
3.5717000000e+03 1.9550609840e-08
4.4965000000e+03 8.7795421409e-09
5.6608000000e+03 3.6945459139e-09
7.1265000000e+03 1.4999738473e-09
8.9717000000e+03 8.2001792654e-10
1.1294000000e+04 5.6810060042e-10
1.4219000000e+04 3.4447362287e-10
1.7901000000e+04 2.0874049203e-10
2.2536000000e+04 1.2642433298e-10
2.8371000000e+04 7.6535483348e-11
3.5717000000e+04 4.6316306859e-11
4.4965000000e+04 2.8020953075e-11
5.6608000000e+04 1.6948287322e-11
7.1264000000e+04 1.0249776468e-11
8.9716000000e+04 6.1976218532e-12
1.1294000000e+05 3.7474369722e-12
1.4219000000e+05 2.2652169416e-12
1.7901000000e+05 1.3692502748e-12
2.2536000000e+05 8.2765696439e-13
2.8371000000e+05 5.0026746845e-13
3.5717000000e+05 3.0236619219e-13
4.4965000000e+05 1.8274837586e-13
5.6608000000e+05 1.1044760065e-13
7.1264000000e+05 6.6753655189e-14
8.9716000000e+05 4.0343327470e-14
