# particle=eminus
# bin=05
# theta_mid_deg=63.256316
# mu_high=0.500000
# mu_low=0.400000
# delta_omega_sr=0.6283185307
# black_hole_mode=No
# energy_unit=MeV
# flux_unit=cm^-2 s^-1 MeV^-1 sr^-1
# Energy Flux
1.1294000000e-02 1.0489335727e-02
1.4219000000e-02 1.0047134011e-02
1.7901000000e-02 9.6020027676e-03
2.2536000000e-02 9.1519969501e-03
2.8371000000e-02 8.6952682075e-03
3.5717000000e-02 8.2302157190e-03
4.4965000000e-02 7.7556732984e-03
5.6607000000e-02 7.2710729091e-03
7.1264000000e-02 6.7765989022e-03
8.9717000000e-02 6.2734961533e-03
1.1294000000e-01 5.7464986725e-03
1.4219000000e-01 5.1989052610e-03
1.7901000000e-01 4.6460142307e-03
2.2536000000e-01 4.0988658598e-03
2.8371000000e-01 3.6254413193e-03
3.5717000000e-01 3.1566884488e-03
4.4965000000e-01 2.6984568951e-03
5.6608000000e-01 2.2858034920e-03
7.1264000000e-01 1.9199974596e-03
8.9717000000e-01 1.6005620375e-03
1.1294000000e+00 1.3256803177e-03
1.4219000000e+00 1.0840217234e-03
1.7901000000e+00 8.7210759360e-04
2.2536000000e+00 6.8862155500e-04
2.8371000000e+00 5.3307663320e-04
3.5717000000e+00 4.0779789000e-04
4.4965000000e+00 3.1074487683e-04
5.6607000000e+00 2.3552140361e-04
7.1265000000e+00 1.7708263038e-04
8.9717000000e+00 1.3232898192e-04
1.1295000000e+01 9.9222912609e-05
1.4219000000e+01 7.5391719075e-05
1.7901000000e+01 5.8149670554e-05
2.2536000000e+01 4.5813792082e-05
2.8371000000e+01 3.6934906789e-05
3.5717000000e+01 3.0441297378e-05
4.4965000000e+01 2.5649230787e-05
5.6607000000e+01 2.1750185163e-05
7.1265000000e+01 1.8453340682e-05
8.9716000000e+01 1.5615099165e-05
1.1294000000e+02 1.3112687077e-05
1.4219000000e+02 1.0865606379e-05
1.7901000000e+02 8.8151488456e-06
2.2536000000e+02 6.9143187319e-06
2.8371000000e+02 5.1453299265e-06
3.5717000000e+02 3.5702184703e-06
4.4965000000e+02 2.3237461341e-06
5.6608000000e+02 1.4197795575e-06
7.1265000000e+02 8.1951550659e-07
8.9716000000e+02 4.5109606581e-07
1.1294000000e+03 2.3917796093e-07
1.4219000000e+03 1.2322203311e-07
1.7901000000e+03 6.2174370293e-08
2.2536000000e+03 3.0906985240e-08
2.8371000000e+03 1.5203323640e-08
3.5717000000e+03 7.4241989714e-09
4.4965000000e+03 3.6077944094e-09
5.6608000000e+03 1.7476028600e-09
7.1265000000e+03 8.4471432627e-10
8.9717000000e+03 4.0767582345e-10
1.1294000000e+04 1.9637895049e-10
1.4219000000e+04 9.4444090436e-11
1.7901000000e+04 4.5420341472e-11
2.2536000000e+04 2.1843666006e-11
2.8371000000e+04 1.0504824227e-11
3.5717000000e+04 5.0516500270e-12
4.4965000000e+04 2.4292557248e-12
5.6608000000e+04 1.1681471905e-12
7.1264000000e+04 5.6176367241e-13
8.9716000000e+04 2.7013740671e-13
1.1294000000e+05 1.2992241365e-13
1.4219000000e+05 6.2466148037e-14
1.7901000000e+05 3.0036291651e-14
2.2536000000e+05 1.4443591950e-14
2.8371000000e+05 6.9455936973e-15
3.5717000000e+05 3.3399145255e-15
4.4965000000e+05 1.6060662285e-15
5.6608000000e+05 7.7228934000e-16
7.1264000000e+05 3.7139067394e-16
8.9716000000e+05 1.7859060496e-16
