# particle=alpha
# bin=07
# theta_mid_deg=75.522488
# mu_high=0.300000
# mu_low=0.200000
# delta_omega_sr=0.6283185307
# black_hole_mode=No
# energy_unit=MeV_per_nucleon
# flux_unit=cm^-2 s^-1 (MeV/n)^-1 sr^-1
# Energy Flux
1.1294000000e-02 2.0468927904e-06
1.4219000000e-02 1.7597390994e-06
1.7901000000e-02 1.5422152727e-06
2.2536000000e-02 1.3778875314e-06
2.8371000000e-02 1.2542064050e-06
3.5717000000e-02 1.1615935011e-06
4.4965000000e-02 1.0927372294e-06
5.6607000000e-02 1.0420479083e-06
7.1264000000e-02 1.0052473059e-06
8.9717000000e-02 9.7906677333e-07
1.1294000000e-01 9.6100537736e-07
1.4219000000e-01 9.4911938702e-07
1.7901000000e-01 9.4191577487e-07
2.2536000000e-01 9.3819380624e-07
2.8371000000e-01 9.3694645051e-07
3.5717000000e-01 9.3724284806e-07
4.4965000000e-01 9.3808304545e-07
5.6608000000e-01 9.3819381434e-07
7.1264000000e-01 9.3572226660e-07
8.9717000000e-01 9.2778309549e-07
1.1294000000e+00 9.1472255426e-07
1.4219000000e+00 8.9150823944e-07
1.7901000000e+00 8.4497987621e-07
2.2536000000e+00 7.6521039003e-07
2.8371000000e+00 6.4870881280e-07
3.5717000000e+00 5.0620120490e-07
4.4965000000e+00 3.6144905345e-07
5.6607000000e+00 2.3793900599e-07
7.1265000000e+00 1.4671311660e-07
8.9717000000e+00 8.6173852934e-08
1.1295000000e+01 4.8859633304e-08
1.4219000000e+01 2.8994824236e-08
1.7901000000e+01 1.6446873537e-08
2.2536000000e+01 9.4991869917e-09
2.8371000000e+01 5.5306845631e-09
3.5717000000e+01 3.1226896676e-09
4.4965000000e+01 1.7103217501e-09
5.6607000000e+01 9.2662566094e-10
7.1265000000e+01 5.1157962880e-10
8.9716000000e+01 2.9425267185e-10
1.1294000000e+02 1.7430855134e-10
1.4219000000e+02 1.0668972594e-10
1.7901000000e+02 6.8115563620e-11
2.2536000000e+02 4.5916334358e-11
2.8371000000e+02 3.5201610615e-11
3.5717000000e+02 3.3076462231e-11
4.4965000000e+02 3.2039030512e-11
5.6608000000e+02 3.5759164982e-11
7.1265000000e+02 4.5667678368e-11
8.9716000000e+02 6.5493465018e-11
1.1294000000e+03 1.0504642942e-10
1.4219000000e+03 1.9056450728e-10
1.7901000000e+03 4.1035162848e-10
2.2536000000e+03 1.1057195422e-09
2.8371000000e+03 4.0077802710e-09
3.5717000000e+03 2.0899242475e-08
4.4965000000e+03 1.3953945491e-07
5.6608000000e+03 3.0138047019e-07
7.1265000000e+03 1.9544418461e-07
8.9717000000e+03 1.1219998071e-07
1.1294000000e+04 6.4290964323e-08
1.4219000000e+04 3.6827650076e-08
1.7901000000e+04 2.0778257169e-08
2.2536000000e+04 1.1578609712e-08
2.8371000000e+04 6.3864571317e-09
3.5717000000e+04 3.4931931115e-09
4.4965000000e+04 1.8977251491e-09
5.6608000000e+04 1.0253332962e-09
7.1264000000e+04 5.5151572142e-10
8.9716000000e+04 2.9559881817e-10
1.1294000000e+05 1.5796489897e-10
1.4219000000e+05 8.4239486387e-11
1.7901000000e+05 4.4833869452e-11
2.2536000000e+05 2.3827901864e-11
2.8371000000e+05 1.2649226989e-11
3.5717000000e+05 6.7086000803e-12
4.4965000000e+05 3.5555535238e-12
5.6608000000e+05 1.8831497948e-12
7.1264000000e+05 9.9694981823e-13
8.9716000000e+05 5.2759529080e-13
