# particle=eminus
# bin=08
# theta_mid_deg=81.373073
# mu_high=0.200000
# mu_low=0.100000
# delta_omega_sr=0.6283185307
# black_hole_mode=No
# energy_unit=MeV
# flux_unit=cm^-2 s^-1 MeV^-1 sr^-1
# Energy Flux
1.1294000000e-02 1.0951671970e-02
1.4219000000e-02 1.0489979422e-02
1.7901000000e-02 1.0025228222e-02
2.2536000000e-02 9.5553875931e-03
2.8371000000e-02 9.0785277138e-03
3.5717000000e-02 8.5929772047e-03
4.4965000000e-02 8.0975184777e-03
5.6607000000e-02 7.5915584591e-03
7.1264000000e-02 7.0752896254e-03
8.9717000000e-02 6.5500117226e-03
1.1294000000e-01 6.0225961857e-03
1.4219000000e-01 5.4960315446e-03
1.7901000000e-01 4.9663702989e-03
2.2536000000e-01 4.4425690100e-03
2.8371000000e-01 3.9920109484e-03
3.5717000000e-01 3.5399032175e-03
4.4965000000e-01 3.0921804052e-03
5.6608000000e-01 2.6881488816e-03
7.1264000000e-01 2.3201913713e-03
8.9717000000e-01 1.9831705963e-03
1.1294000000e+00 1.6757011849e-03
1.4219000000e+00 1.4008247161e-03
1.7901000000e+00 1.1637763365e-03
2.2536000000e+00 9.6080102671e-04
2.8371000000e+00 7.8486830531e-04
3.5717000000e+00 6.3422172201e-04
4.4965000000e+00 5.0892965018e-04
5.6607000000e+00 4.0483758707e-04
7.1265000000e+00 3.1830324933e-04
8.9717000000e+00 2.4768858467e-04
1.1295000000e+01 1.9176983724e-04
1.4219000000e+01 1.4881367859e-04
1.7901000000e+01 1.1650677898e-04
2.2536000000e+01 9.2544348037e-05
2.8371000000e+01 7.4722193955e-05
3.5717000000e+01 6.1211603482e-05
4.4965000000e+01 5.0705259905e-05
5.6607000000e+01 4.2242105308e-05
7.1265000000e+01 3.5288383907e-05
8.9716000000e+01 2.9492903265e-05
1.1294000000e+02 2.4563012909e-05
1.4219000000e+02 2.0262213675e-05
1.7901000000e+02 1.6412655029e-05
2.2536000000e+02 1.2882809765e-05
2.8371000000e+02 9.6125927651e-06
3.5717000000e+02 6.6998963826e-06
4.4965000000e+02 4.3856491126e-06
5.6608000000e+02 2.6964224498e-06
7.1265000000e+02 1.5664198487e-06
8.9716000000e+02 8.6777081721e-07
1.1294000000e+03 4.6307437918e-07
1.4219000000e+03 2.4012118615e-07
1.7901000000e+03 1.2194450307e-07
2.2536000000e+03 6.1005064383e-08
2.8371000000e+03 3.0192736595e-08
3.5717000000e+03 1.4829311471e-08
4.4965000000e+03 7.2428757753e-09
5.6608000000e+03 3.5222734721e-09
7.1265000000e+03 1.7078093668e-09
8.9717000000e+03 8.2635115942e-10
1.1294000000e+04 3.9847559816e-10
1.4219000000e+04 1.9163798022e-10
1.7901000000e+04 9.2163124877e-11
2.2536000000e+04 4.4323324146e-11
2.8371000000e+04 2.1315503048e-11
3.5717000000e+04 1.0250382036e-11
4.4965000000e+04 4.9292407646e-12
5.6608000000e+04 2.3703057243e-12
7.1264000000e+04 1.1398834490e-12
8.9716000000e+04 5.4814003465e-13
1.1294000000e+05 2.6362760044e-13
1.4219000000e+05 1.2675103743e-13
1.7901000000e+05 6.0947108907e-14
2.2536000000e+05 2.9307718202e-14
2.8371000000e+05 1.4093412742e-14
3.5717000000e+05 6.7770727721e-15
4.4965000000e+05 3.2588940898e-15
5.6608000000e+05 1.5670643720e-15
7.1264000000e+05 7.5359462194e-16
8.9716000000e+05 3.6238098820e-16
