# particle=alpha
# bin=02
# theta_mid_deg=41.409622
# mu_high=0.800000
# mu_low=0.700000
# delta_omega_sr=0.6283185307
# black_hole_mode=No
# energy_unit=MeV_per_nucleon
# flux_unit=cm^-2 s^-1 (MeV/n)^-1 sr^-1
# Energy Flux
1.1294000000e-02 2.1397987875e-06
1.4219000000e-02 1.8396115365e-06
1.7901000000e-02 1.6122145654e-06
2.2536000000e-02 1.4404281859e-06
2.8371000000e-02 1.3111333223e-06
3.5717000000e-02 1.2143168303e-06
4.4965000000e-02 1.1423352554e-06
5.6607000000e-02 1.0893452071e-06
7.1264000000e-02 1.0508742697e-06
8.9717000000e-02 1.0235054343e-06
1.1294000000e-01 1.0046242533e-06
1.4219000000e-01 9.9219877222e-07
1.7901000000e-01 9.8466819680e-07
2.2536000000e-01 9.8077729250e-07
2.8371000000e-01 9.7947332080e-07
3.5717000000e-01 9.7978317148e-07
4.4965000000e-01 9.8066150440e-07
5.6608000000e-01 9.8077730097e-07
7.1264000000e-01 9.7819357265e-07
8.9717000000e-01 9.6989405213e-07
1.1294000000e+00 9.5528337960e-07
1.4219000000e+00 9.2902973170e-07
1.7901000000e+00 8.7827488895e-07
2.2536000000e+00 7.9288657328e-07
2.8371000000e+00 6.6960813124e-07
3.5717000000e+00 5.2005039132e-07
4.4965000000e+00 3.6917858199e-07
5.6607000000e+00 2.4128205233e-07
7.1265000000e+00 1.4745867387e-07
8.9717000000e+00 8.5677278079e-08
1.1295000000e+01 4.7868936019e-08
1.4219000000e+01 2.6403057946e-08
1.7901000000e+01 1.4868174238e-08
2.2536000000e+01 7.7877300814e-09
2.8371000000e+01 3.9953023616e-09
3.5717000000e+01 2.0522668461e-09
4.4965000000e+01 1.0788076913e-09
5.6607000000e+01 5.9203451962e-10
7.1265000000e+01 3.3164851291e-10
8.9716000000e+01 1.8479205099e-10
1.1294000000e+02 1.0484662813e-10
1.4219000000e+02 6.1932317807e-11
1.7901000000e+02 3.7832425839e-11
2.2536000000e+02 2.5871465939e-11
2.8371000000e+02 1.9345789608e-11
3.5717000000e+02 1.8042765836e-11
4.4965000000e+02 1.8973938097e-11
5.6608000000e+02 2.2272829559e-11
7.1265000000e+02 2.8759593206e-11
8.9716000000e+02 4.0322912112e-11
1.1294000000e+03 6.3518696470e-11
1.4219000000e+03 1.1710811747e-10
1.7901000000e+03 2.6346703546e-10
2.2536000000e+03 7.5361206566e-10
2.8371000000e+03 2.9632979826e-09
3.5717000000e+03 1.7200424150e-08
4.4965000000e+03 1.2844199044e-07
5.6608000000e+03 3.0707391864e-07
7.1265000000e+03 2.1746452376e-07
8.9717000000e+03 1.3494261706e-07
1.1294000000e+04 8.0008600902e-08
1.4219000000e+04 4.5831148873e-08
1.7901000000e+04 2.5858054903e-08
2.2536000000e+04 1.4409308885e-08
2.8371000000e+04 7.9477964783e-09
3.5717000000e+04 4.3471970980e-09
4.4965000000e+04 2.3616745475e-09
5.6608000000e+04 1.2760032977e-09
7.1264000000e+04 6.8634841164e-10
8.9716000000e+04 3.6786581317e-10
1.1294000000e+05 1.9658362091e-10
1.4219000000e+05 1.0483406988e-10
1.7901000000e+05 5.5794701568e-11
2.2536000000e+05 2.9653266375e-11
2.8371000000e+05 1.5741667037e-11
3.5717000000e+05 8.3486958407e-12
4.4965000000e+05 4.4248031721e-12
5.6608000000e+05 2.3435358601e-12
7.1264000000e+05 1.2406807234e-12
8.9716000000e+05 6.5657999540e-13
