# particle=muplus
# bin=10
# theta_mid_deg=92.865984
# mu_high=0.000000
# mu_low=-0.100000
# delta_omega_sr=0.6283185307
# black_hole_mode=No
# energy_unit=MeV
# flux_unit=cm^-2 s^-1 MeV^-1 sr^-1
# Energy Flux
1.1294000000e-02 2.1321865710e-10
1.4219000000e-02 2.4798168496e-10
1.7901000000e-02 2.8846394476e-10
2.2536000000e-02 3.3562505086e-10
2.8371000000e-02 3.9059389515e-10
3.5717000000e-02 4.5469808323e-10
4.4965000000e-02 5.2949781024e-10
5.6607000000e-02 6.1683552328e-10
7.1264000000e-02 7.1890668551e-10
8.9717000000e-02 8.3831612365e-10
1.1294000000e-01 9.7812137301e-10
1.4219000000e-01 1.1421716026e-09
1.7901000000e-01 1.3348848265e-09
2.2536000000e-01 1.5617327535e-09
2.8371000000e-01 1.8294199005e-09
3.5717000000e-01 2.1462107154e-09
4.4965000000e-01 2.5223545343e-09
5.6608000000e-01 2.9707322426e-09
7.1264000000e-01 3.5075346557e-09
8.9717000000e-01 4.1536304035e-09
1.1294000000e+00 4.9353497155e-09
1.4219000000e+00 5.8878392929e-09
1.7901000000e+00 7.0554426661e-09
2.2536000000e+00 8.4965779607e-09
2.8371000000e+00 1.0287456552e-08
3.5717000000e+00 1.2527053572e-08
4.4965000000e+00 1.5342708047e-08
5.6607000000e+00 1.8896175595e-08
7.1265000000e+00 2.3389590332e-08
8.9717000000e+00 2.9065474916e-08
1.1295000000e+01 3.6087457247e-08
1.4219000000e+01 4.4729504631e-08
1.7901000000e+01 5.5446941860e-08
2.2536000000e+01 6.8555824252e-08
2.8371000000e+01 8.4296936513e-08
3.5717000000e+01 1.0282771228e-07
4.4965000000e+01 1.2469849066e-07
5.6607000000e+01 1.4901650117e-07
7.1265000000e+01 1.7530828398e-07
8.9716000000e+01 2.0119626138e-07
1.1294000000e+02 2.2792795405e-07
1.4219000000e+02 2.5498348580e-07
1.7901000000e+02 2.7580955866e-07
2.2536000000e+02 2.8684323840e-07
2.8371000000e+02 2.8606478756e-07
3.5717000000e+02 2.7316738303e-07
4.4965000000e+02 2.4550905019e-07
5.6608000000e+02 2.0209177981e-07
7.1265000000e+02 1.6779785968e-07
8.9716000000e+02 1.3534012575e-07
1.1294000000e+03 1.0205698295e-07
1.4219000000e+03 6.9930680830e-08
1.7901000000e+03 4.7054712164e-08
2.2536000000e+03 3.0591051491e-08
2.8371000000e+03 1.8220425287e-08
3.5717000000e+03 1.0185664445e-08
4.4965000000e+03 5.5597583805e-09
5.6608000000e+03 2.9775594764e-09
7.1265000000e+03 1.2489296675e-09
8.9717000000e+03 5.8237298454e-10
1.1294000000e+04 3.8711575142e-10
1.4219000000e+04 2.6363872889e-10
1.7901000000e+04 1.7910226173e-10
2.2536000000e+04 1.2464954452e-10
2.8371000000e+04 8.4766547108e-11
3.5717000000e+04 5.6043078680e-11
4.4965000000e+04 3.6117053643e-11
5.6608000000e+04 2.2842196269e-11
7.1264000000e+04 1.4698425562e-11
8.9716000000e+04 1.0312923580e-11
1.1294000000e+05 6.3106527272e-12
1.4219000000e+05 3.4537530704e-12
1.7901000000e+05 1.8868657217e-12
2.2536000000e+05 1.0294059507e-12
2.8371000000e+05 5.6097985442e-13
3.5717000000e+05 2.8439907937e-13
4.4965000000e+05 1.4117595795e-13
5.6608000000e+05 7.0035077971e-14
7.1264000000e+05 3.4729299053e-14
8.9716000000e+05 1.7214440412e-14
