# particle=n
# bin=12
# theta_mid_deg=104.477512
# mu_high=-0.200000
# mu_low=-0.300000
# delta_omega_sr=0.6283185307
# black_hole_mode=No
# energy_unit=MeV
# flux_unit=cm^-2 s^-1 MeV^-1 sr^-1
# Energy Flux
1.1294000000e-08 1.4386837146e+03
1.4219000000e-08 1.4987194890e+03
1.7901000000e-08 1.5530031687e+03
2.2536000000e-08 1.5987759504e+03
2.8371000000e-08 1.6328299544e+03
3.5717000000e-08 1.6516686005e+03
4.4965000000e-08 1.6518186390e+03
5.6608000000e-08 1.6302979470e+03
7.1265000000e-08 1.5851907795e+03
8.9717000000e-08 1.5162010429e+03
1.1295000000e-07 1.4237650144e+03
1.4219000000e-07 1.3118981070e+03
1.7901000000e-07 1.1870880750e+03
2.2536000000e-07 1.0556024675e+03
2.8371000000e-07 9.2358384487e+02
3.5717000000e-07 7.9633471589e+02
4.4965000000e-07 6.7785340948e+02
5.6608000000e-07 5.7067570361e+02
7.1264000000e-07 4.7602617320e+02
8.9717000000e-07 3.9403749904e+02
1.1294000000e-06 3.2415741242e+02
1.4219000000e-06 2.6529982882e+02
1.7901000000e-06 2.1625439721e+02
2.2536000000e-06 1.7570757158e+02
2.8371000000e-06 1.4239472993e+02
3.5717000000e-06 1.1515999769e+02
4.4965000000e-06 9.2982510558e+01
5.6608000000e-06 7.4978551671e+01
7.1264000000e-06 6.0400740798e+01
8.9716000000e-06 4.8618055057e+01
1.1294000000e-05 3.9112116300e+01
1.4219000000e-05 3.1447766050e+01
1.7901000000e-05 2.5278123938e+01
2.2536000000e-05 2.0315319576e+01
2.8371000000e-05 1.6325466818e+01
3.5717000000e-05 1.3119237592e+01
4.4965000000e-05 1.0543737713e+01
5.6607000000e-05 8.4754611876e+00
7.1264000000e-05 6.8146151949e+00
8.9717000000e-05 5.4810245578e+00
1.1295000000e-04 4.4101580448e+00
1.4219000000e-04 3.5504467608e+00
1.7901000000e-04 2.8597468013e+00
2.2536000000e-04 2.3048888728e+00
2.8371000000e-04 1.8589767152e+00
3.5717000000e-04 1.5004681877e+00
4.4965000000e-04 1.2121176568e+00
5.6607000000e-04 9.8009328216e-01
7.1265000000e-04 7.9327229550e-01
8.9716000000e-04 6.4280375594e-01
1.1295000000e-03 5.2150747057e-01
1.4219000000e-03 4.2372947403e-01
1.7901000000e-03 3.4482155141e-01
2.2536000000e-03 2.8113368114e-01
2.8371000000e-03 2.2970235273e-01
3.5717000000e-03 1.8814859337e-01
4.4965000000e-03 1.5456024568e-01
5.6607000000e-03 1.2739393422e-01
7.1265000000e-03 1.0539763118e-01
8.9717000000e-03 8.7565917941e-02
1.1294000000e-02 7.3089340770e-02
1.4219000000e-02 6.1307811430e-02
1.7901000000e-02 5.1701280937e-02
2.2536000000e-02 4.3841965452e-02
2.8371000000e-02 3.7388818715e-02
3.5717000000e-02 3.2070678198e-02
4.4965000000e-02 2.7671822518e-02
5.6607000000e-02 2.4019971888e-02
7.1264000000e-02 2.0976633338e-02
8.9717000000e-02 1.8430218004e-02
1.1294000000e-01 1.6290301396e-02
1.4219000000e-01 1.4480025398e-02
1.7901000000e-01 1.2938016645e-02
2.2536000000e-01 1.1611497315e-02
2.8371000000e-01 1.0455567783e-02
3.5717000000e-01 9.4313912806e-03
4.4965000000e-01 8.5050577026e-03
5.6608000000e-01 7.6473769188e-03
7.1264000000e-01 6.8347873049e-03
8.9717000000e-01 6.0495332881e-03
1.1294000000e+00 5.2809408435e-03
1.4219000000e+00 4.5245539397e-03
1.7901000000e+00 3.7849828077e-03
2.2536000000e+00 3.0747443068e-03
2.8371000000e+00 2.4138049869e-03
3.5717000000e+00 1.8263573915e-03
4.4965000000e+00 1.3349875674e-03
5.6607000000e+00 9.5336680498e-04
7.1265000000e+00 6.8036614086e-04
8.9717000000e+00 4.9934026724e-04
1.1295000000e+01 3.8402164972e-04
1.4219000000e+01 3.0857041366e-04
1.7901000000e+01 2.5476725932e-04
2.2536000000e+01 2.1331796517e-04
2.8371000000e+01 1.8045139740e-04
3.5717000000e+01 1.5438759781e-04
4.4965000000e+01 1.3393809879e-04
5.6607000000e+01 1.1591292355e-04
7.1265000000e+01 1.0013261046e-04
8.9716000000e+01 8.4413322963e-05
1.1294000000e+02 6.8315146639e-05
1.4219000000e+02 5.2482778816e-05
1.7901000000e+02 3.7789741094e-05
2.2536000000e+02 2.5353398669e-05
2.8371000000e+02 1.6020145260e-05
3.5717000000e+02 9.6660886769e-06
4.4965000000e+02 5.6648530995e-06
5.6608000000e+02 3.2846264186e-06
7.1265000000e+02 1.9190963146e-06
8.9716000000e+02 1.1441162273e-06
1.1294000000e+03 6.9866494603e-07
1.4219000000e+03 4.3399365724e-07
1.7901000000e+03 2.7118213223e-07
2.2536000000e+03 1.6899013928e-07
2.8371000000e+03 1.0402321083e-07
3.5717000000e+03 6.2820922152e-08
4.4965000000e+03 3.7081651121e-08
5.6608000000e+03 2.1377542487e-08
7.1265000000e+03 1.2062665717e-08
8.9717000000e+03 6.6873846196e-09
1.1294000000e+04 4.2575594217e-09
1.4219000000e+04 3.0931006505e-09
1.7901000000e+04 2.2383195504e-09
2.2536000000e+04 1.6144111458e-09
2.8371000000e+04 1.1612139925e-09
3.5717000000e+04 8.3335871590e-10
4.4965000000e+04 5.9699112725e-10
5.6608000000e+04 4.2704462819e-10
7.1264000000e+04 3.0514147184e-10
8.9716000000e+04 2.1783786536e-10
1.1294000000e+05 1.5541752885e-10
1.4219000000e+05 1.1080922533e-10
1.7901000000e+05 7.8976950244e-11
2.2536000000e+05 5.6274537305e-11
2.8371000000e+05 4.0089995354e-11
3.5717000000e+05 2.8555804526e-11
4.4965000000e+05 2.0338266344e-11
5.6608000000e+05 1.4484566947e-11
7.1264000000e+05 1.0315821760e-11
8.9716000000e+05 7.3467031127e-12
