# particle=eminus
# bin=02
# theta_mid_deg=41.409622
# mu_high=0.800000
# mu_low=0.700000
# delta_omega_sr=0.6283185307
# black_hole_mode=No
# energy_unit=MeV
# flux_unit=cm^-2 s^-1 MeV^-1 sr^-1
# Energy Flux
1.1294000000e-02 1.0134640964e-02
1.4219000000e-02 9.7073922086e-03
1.7901000000e-02 9.2773129882e-03
2.2536000000e-02 8.8425240263e-03
2.8371000000e-02 8.4012394736e-03
3.5717000000e-02 7.9519126409e-03
4.4965000000e-02 7.4934167761e-03
5.6607000000e-02 7.0252030509e-03
7.1264000000e-02 6.5474495824e-03
8.9717000000e-02 6.0613591511e-03
1.1294000000e-01 5.5328460985e-03
1.4219000000e-01 4.9659104514e-03
1.7901000000e-01 4.3924596490e-03
2.2536000000e-01 3.8249517048e-03
2.8371000000e-01 3.3322477828e-03
3.5717000000e-01 2.8486590080e-03
4.4965000000e-01 2.3790020607e-03
5.6608000000e-01 1.9501899873e-03
7.1264000000e-01 1.5709247782e-03
8.9717000000e-01 1.2452327598e-03
1.1294000000e+00 9.7615094510e-04
1.4219000000e+00 7.5551974917e-04
1.7901000000e+00 5.7499694183e-04
2.2536000000e+00 4.2896403775e-04
2.8371000000e+00 3.1380071442e-04
3.5717000000e+00 2.2692617558e-04
4.4965000000e+00 1.6321915744e-04
5.6607000000e+00 1.1661707098e-04
7.1265000000e+00 8.2658505431e-05
8.9717000000e+00 5.8342534539e-05
1.1295000000e+01 4.1941823817e-05
1.4219000000e+01 3.1311053819e-05
1.7901000000e+01 2.3998818406e-05
2.2536000000e+01 1.9028505380e-05
2.8371000000e+01 1.5620228894e-05
3.5717000000e+01 1.3285438571e-05
4.4965000000e+01 1.1785580061e-05
5.6607000000e+01 1.0456833149e-05
7.1265000000e+01 9.1805675645e-06
8.9716000000e+01 7.9512583450e-06
1.1294000000e+02 6.7554505031e-06
1.4219000000e+02 5.6102538053e-06
1.7901000000e+02 4.5310821306e-06
2.2536000000e+02 3.5219551515e-06
2.8371000000e+02 2.5885548940e-06
3.5717000000e+02 1.7690961097e-06
4.4965000000e+02 1.1323235903e-06
5.6608000000e+02 6.8007338622e-07
7.1265000000e+02 3.8598427806e-07
8.9716000000e+02 2.0897897659e-07
1.1294000000e+03 1.0899304945e-07
1.4219000000e+03 5.5223941667e-08
1.7901000000e+03 2.7398590045e-08
2.2536000000e+03 1.3392193813e-08
2.8371000000e+03 6.4794560188e-09
3.5717000000e+03 3.1138743757e-09
4.4965000000e+03 1.4917078885e-09
5.6608000000e+03 7.1449266058e-10
7.1265000000e+03 3.4228211368e-10
8.9717000000e+03 1.6395998502e-10
1.1294000000e+04 7.8737825237e-11
1.4219000000e+04 3.7867206587e-11
1.7901000000e+04 1.8211213066e-11
2.2536000000e+04 8.7581828513e-12
2.8371000000e+04 4.2118924259e-12
3.5717000000e+04 2.0254509763e-12
4.4965000000e+04 9.7400618674e-13
5.6608000000e+04 4.6836674249e-13
7.1264000000e+04 2.2523824347e-13
8.9716000000e+04 1.0831115996e-13
1.1294000000e+05 5.2092183379e-14
1.4219000000e+05 2.5045701870e-14
1.7901000000e+05 1.2043002964e-14
2.2536000000e+05 5.7911350270e-15
2.8371000000e+05 2.7848246533e-15
3.5717000000e+05 1.3391333723e-15
4.4965000000e+05 6.4394967846e-16
5.6608000000e+05 3.0964817224e-16
7.1264000000e+05 1.4890849506e-16
8.9716000000e+05 7.1605616629e-17
