# particle=muplus
# bin=05
# theta_mid_deg=63.256316
# mu_high=0.500000
# mu_low=0.400000
# delta_omega_sr=0.6283185307
# black_hole_mode=No
# energy_unit=MeV
# flux_unit=cm^-2 s^-1 MeV^-1 sr^-1
# Energy Flux
1.1294000000e-02 8.9059729681e-11
1.4219000000e-02 1.0357996870e-10
1.7901000000e-02 1.2048908521e-10
2.2536000000e-02 1.4018790246e-10
2.8371000000e-02 1.6314794958e-10
3.5717000000e-02 1.8992375682e-10
4.4965000000e-02 2.2116700522e-10
5.6607000000e-02 2.5764727022e-10
7.1264000000e-02 3.0028157924e-10
8.9717000000e-02 3.5015794761e-10
1.1294000000e-01 4.0855348337e-10
1.4219000000e-01 4.7707595367e-10
1.7901000000e-01 5.5757072772e-10
2.2536000000e-01 6.5232329456e-10
2.8371000000e-01 7.6413407733e-10
3.5717000000e-01 8.9645506992e-10
4.4965000000e-01 1.0535673381e-09
5.6608000000e-01 1.2408511248e-09
7.1264000000e-01 1.4650692042e-09
8.9717000000e-01 1.7349382365e-09
1.1294000000e+00 2.0614561480e-09
1.4219000000e+00 2.4593034351e-09
1.7901000000e+00 2.9470020362e-09
2.2536000000e+00 3.5489527356e-09
2.8371000000e+00 4.2969884161e-09
3.5717000000e+00 5.2324501993e-09
4.4965000000e+00 6.4085265796e-09
5.6607000000e+00 7.8927815859e-09
7.1265000000e+00 9.7696450239e-09
8.9717000000e+00 1.2140416671e-08
1.1295000000e+01 1.5350258259e-08
1.4219000000e+01 1.9642858873e-08
1.7901000000e+01 2.4986131058e-08
2.2536000000e+01 3.1513600988e-08
2.8371000000e+01 3.9309421072e-08
3.5717000000e+01 4.8399265896e-08
4.4965000000e+01 5.8622604558e-08
5.6607000000e+01 7.0271780466e-08
7.1265000000e+01 8.4024557787e-08
8.9716000000e+01 1.0013455566e-07
1.1294000000e+02 1.2025838648e-07
1.4219000000e+02 1.4416436734e-07
1.7901000000e+02 1.6989469559e-07
2.2536000000e+02 1.9629415140e-07
2.8371000000e+02 2.2043013602e-07
3.5717000000e+02 2.3925355679e-07
4.4965000000e+02 2.5199487886e-07
5.6608000000e+02 2.5744692674e-07
7.1265000000e+02 2.4613981221e-07
8.9716000000e+02 2.2556901936e-07
1.1294000000e+03 2.0000412696e-07
1.4219000000e+03 1.7178481198e-07
1.7901000000e+03 1.4208567859e-07
2.2536000000e+03 1.1178450939e-07
2.8371000000e+03 8.4485289710e-08
3.5717000000e+03 6.1273281009e-08
4.4965000000e+03 4.2583665449e-08
5.6608000000e+03 2.8401133380e-08
7.1265000000e+03 1.8410114556e-08
8.9717000000e+03 1.1507657427e-08
1.1294000000e+04 6.9461564182e-09
1.4219000000e+04 4.1064988842e-09
1.7901000000e+04 2.3855255744e-09
2.2536000000e+04 1.3602095362e-09
2.8371000000e+04 7.6505555361e-10
3.5717000000e+04 4.2534773863e-10
4.4965000000e+04 2.3411283225e-10
5.6608000000e+04 1.2773986725e-10
7.1264000000e+04 6.8724685338e-11
8.9716000000e+04 3.5548491332e-11
1.1294000000e+05 1.8815634453e-11
1.4219000000e+05 1.0297596473e-11
1.7901000000e+05 5.6258167286e-12
2.2536000000e+05 3.0692428992e-12
2.8371000000e+05 1.6725990690e-12
3.5717000000e+05 8.4795493390e-13
4.4965000000e+05 4.2092558933e-13
5.6608000000e+05 2.0881428324e-13
7.1264000000e+05 1.0354773492e-13
8.9716000000e+05 5.1326008910e-14
