# particle=muminus
# bin=16
# theta_mid_deg=130.541602
# mu_high=-0.600000
# mu_low=-0.700000
# delta_omega_sr=0.6283185307
# black_hole_mode=No
# energy_unit=MeV
# flux_unit=cm^-2 s^-1 MeV^-1 sr^-1
# Energy Flux
1.1294000000e-02 7.4511553927e-11
1.4219000000e-02 8.9696249898e-11
1.7901000000e-02 1.0801952463e-10
2.2536000000e-02 1.3014501356e-10
2.8371000000e-02 1.5688272915e-10
3.5717000000e-02 1.8922185517e-10
4.4965000000e-02 2.2837050744e-10
5.6607000000e-02 2.7580970761e-10
7.1264000000e-02 3.3336728295e-10
8.9717000000e-02 4.0329423251e-10
1.1294000000e-01 4.8834267872e-10
1.4219000000e-01 5.9204166696e-10
1.7901000000e-01 7.1864795937e-10
2.2536000000e-01 8.7355486448e-10
2.8371000000e-01 1.0635511474e-09
3.5717000000e-01 1.2972110821e-09
4.4965000000e-01 1.5853956196e-09
5.6608000000e-01 1.9419692140e-09
7.1264000000e-01 2.3845934887e-09
8.9717000000e-01 2.9361366159e-09
1.1294000000e+00 3.6256383755e-09
1.4219000000e+00 4.4915443022e-09
1.7901000000e+00 5.5823156136e-09
2.2536000000e+00 6.9609832145e-09
2.8371000000e+00 8.7086003804e-09
3.5717000000e+00 1.0928589346e-08
4.4965000000e+00 1.3751278166e-08
5.6607000000e+00 1.7338315228e-08
7.1265000000e+00 2.1886333033e-08
8.9717000000e+00 2.7623945454e-08
1.1295000000e+01 3.4514178589e-08
1.4219000000e+01 4.2626993102e-08
1.7901000000e+01 5.2353935284e-08
2.2536000000e+01 6.3732096772e-08
2.8371000000e+01 7.6612612004e-08
3.5717000000e+01 9.0504946342e-08
4.4965000000e+01 1.0440732955e-07
5.6607000000e+01 1.1668766694e-07
7.1265000000e+01 1.2511641548e-07
8.9716000000e+01 1.2884120262e-07
1.1294000000e+02 1.3060410752e-07
1.4219000000e+02 1.2986756651e-07
1.7901000000e+02 1.2317008866e-07
2.2536000000e+02 1.1059867218e-07
2.8371000000e+02 9.4163591758e-08
3.5717000000e+02 7.6233877851e-08
4.4965000000e+02 5.7965992575e-08
5.6608000000e+02 4.1319526868e-08
7.1265000000e+02 3.2045402467e-08
8.9716000000e+02 2.5006901049e-08
1.1294000000e+03 1.8346824002e-08
1.4219000000e+03 1.2313658548e-08
1.7901000000e+03 8.1781092483e-09
2.2536000000e+03 5.2918629126e-09
2.8371000000e+03 3.1705977710e-09
3.5717000000e+03 1.8036894561e-09
4.4965000000e+03 1.0149689466e-09
5.6608000000e+03 5.8134799738e-10
7.1265000000e+03 2.6291159967e-10
8.9717000000e+03 1.3031284753e-10
1.1294000000e+04 9.6871528659e-11
1.4219000000e+04 6.0754568559e-11
1.7901000000e+04 3.4647619438e-11
2.2536000000e+04 2.2698507936e-11
2.8371000000e+04 1.4684180272e-11
3.5717000000e+04 9.3404161069e-12
4.4965000000e+04 5.8483056900e-12
5.6608000000e+04 3.6208790992e-12
7.1264000000e+04 2.6902742905e-12
8.9716000000e+04 3.0463452905e-12
1.1294000000e+05 2.1984828669e-12
1.4219000000e+05 1.2024064878e-12
1.7901000000e+05 6.5654095319e-13
2.2536000000e+05 3.5802197492e-13
2.8371000000e+05 1.9503245431e-13
3.5717000000e+05 9.8860384269e-14
4.4965000000e+05 4.9060361832e-14
5.6608000000e+05 2.4332317586e-14
7.1264000000e+05 1.2063681590e-14
8.9716000000e+05 5.9787125682e-15
