# particle=muplus
# bin=16
# theta_mid_deg=130.541602
# mu_high=-0.600000
# mu_low=-0.700000
# delta_omega_sr=0.6283185307
# black_hole_mode=No
# energy_unit=MeV
# flux_unit=cm^-2 s^-1 MeV^-1 sr^-1
# Energy Flux
1.1294000000e-02 2.1451585517e-10
1.4219000000e-02 2.4949037735e-10
1.7901000000e-02 2.9021892662e-10
2.2536000000e-02 3.3766695553e-10
2.8371000000e-02 3.9297022402e-10
3.5717000000e-02 4.5746441469e-10
4.4965000000e-02 5.3271921474e-10
5.6607000000e-02 6.2058828050e-10
7.1264000000e-02 7.2328043208e-10
8.9717000000e-02 8.4341634367e-10
1.1294000000e-01 9.8407215228e-10
1.4219000000e-01 1.1491204448e-09
1.7901000000e-01 1.3430061140e-09
2.2536000000e-01 1.5712341581e-09
2.8371000000e-01 1.8405498832e-09
3.5717000000e-01 2.1592680175e-09
4.4965000000e-01 2.5377002526e-09
5.6608000000e-01 2.9888058399e-09
7.1264000000e-01 3.5288740979e-09
8.9717000000e-01 4.1789006188e-09
1.1294000000e+00 4.9653758222e-09
1.4219000000e+00 5.9236602380e-09
1.7901000000e+00 7.0983671774e-09
2.2536000000e+00 8.5482701753e-09
2.8371000000e+00 1.0350044269e-08
3.5717000000e+00 1.2603266742e-08
4.4965000000e+00 1.5436051339e-08
5.6607000000e+00 1.9011137780e-08
7.1265000000e+00 2.3531889941e-08
8.9717000000e+00 2.9242305962e-08
1.1295000000e+01 3.6119184782e-08
1.4219000000e+01 4.4274651912e-08
1.7901000000e+01 5.4167290288e-08
2.2536000000e+01 6.5897510592e-08
2.8371000000e+01 7.9381235791e-08
3.5717000000e+01 9.4175679630e-08
4.4965000000e+01 1.0928113492e-07
5.6607000000e+01 1.2298643111e-07
7.1265000000e+01 1.3287205157e-07
8.9716000000e+01 1.3789945578e-07
1.1294000000e+02 1.4063992433e-07
1.4219000000e+02 1.4045551911e-07
1.7901000000e+02 1.3374117913e-07
2.2536000000e+02 1.2051951311e-07
2.8371000000e+02 1.0293918251e-07
3.5717000000e+02 8.3582454835e-08
4.4965000000e+02 6.3729164065e-08
5.6608000000e+02 4.5551463950e-08
7.1265000000e+02 3.5427048960e-08
8.9716000000e+02 2.7729501753e-08
1.1294000000e+03 2.0412018069e-08
1.4219000000e+03 1.3750211492e-08
1.7901000000e+03 9.1691771089e-09
2.2536000000e+03 5.9591403016e-09
2.8371000000e+03 3.5869271314e-09
3.5717000000e+03 2.0502710587e-09
4.4965000000e+03 1.1592521831e-09
5.6608000000e+03 6.6709943362e-10
7.1265000000e+03 3.0303926943e-10
8.9717000000e+03 1.5082709150e-10
1.1294000000e+04 1.1254697598e-10
1.4219000000e+04 7.0826011490e-11
1.7901000000e+04 4.0512615315e-11
2.2536000000e+04 2.6610281602e-11
2.8371000000e+04 1.7253621711e-11
3.5717000000e+04 1.0995941054e-11
4.4965000000e+04 6.8961163345e-12
5.6608000000e+04 4.2754847309e-12
7.1264000000e+04 3.1803008881e-12
8.9716000000e+04 3.6046955431e-12
1.1294000000e+05 2.6035159520e-12
1.4219000000e+05 1.4248765701e-12
1.7901000000e+05 7.7844324795e-13
2.2536000000e+05 4.2469058742e-13
2.8371000000e+05 2.3143723207e-13
3.5717000000e+05 1.1733137155e-13
4.4965000000e+05 5.8243398019e-14
5.6608000000e+05 2.8893594780e-14
7.1264000000e+05 1.4327881440e-14
8.9716000000e+05 7.1019706129e-15
