# particle=p
# bin=19
# theta_mid_deg=161.805128
# mu_high=-0.900000
# mu_low=-1.000000
# delta_omega_sr=0.6283185307
# black_hole_mode=No
# energy_unit=MeV
# flux_unit=cm^-2 s^-1 MeV^-1 sr^-1
# Energy Flux
1.1294000000e-02 1.4630276568e-06
1.4219000000e-02 1.3746302800e-06
1.7901000000e-02 1.2927897150e-06
2.2536000000e-02 1.2174759184e-06
2.8371000000e-02 1.1487867777e-06
3.5717000000e-02 1.0869828462e-06
4.4965000000e-02 1.0325278715e-06
5.6607000000e-02 9.8613105234e-07
7.1264000000e-02 9.4880074119e-07
8.9717000000e-02 9.2192211913e-07
1.1294000000e-01 9.0732860587e-07
1.4219000000e-01 9.0735936963e-07
1.7901000000e-01 9.2495067190e-07
2.2536000000e-01 9.6363867902e-07
2.8371000000e-01 1.0275524968e-06
3.5717000000e-01 1.1213013958e-06
4.4965000000e-01 1.2497303326e-06
5.6608000000e-01 1.4175514813e-06
7.1264000000e-01 1.6287698169e-06
8.9717000000e-01 1.8861713358e-06
1.1294000000e+00 2.1879013039e-06
1.4219000000e+00 2.5297545828e-06
1.7901000000e+00 2.9078066132e-06
2.2536000000e+00 3.3148031951e-06
2.8371000000e+00 3.7429668546e-06
3.5717000000e+00 4.1892362129e-06
4.4965000000e+00 4.6596534854e-06
5.6607000000e+00 5.1251398575e-06
7.1265000000e+00 5.5617293868e-06
8.9717000000e+00 5.9717338314e-06
1.1295000000e+01 6.3478791115e-06
1.4219000000e+01 6.6652839164e-06
1.7901000000e+01 6.8938231393e-06
2.2536000000e+01 7.0167342748e-06
2.8371000000e+01 6.9854399423e-06
3.5717000000e+01 6.7537823742e-06
4.4965000000e+01 6.3029651688e-06
5.6607000000e+01 5.6389700264e-06
7.1265000000e+01 4.7944198338e-06
8.9716000000e+01 3.8360967535e-06
1.1294000000e+02 2.8644272654e-06
1.4219000000e+02 1.9904981919e-06
1.7901000000e+02 1.2967654302e-06
2.2536000000e+02 8.3634527879e-07
2.8371000000e+02 5.3040905307e-07
3.5717000000e+02 3.2900989343e-07
4.4965000000e+02 1.9500062471e-07
5.6608000000e+02 1.3001508930e-07
7.1265000000e+02 1.0245353674e-07
8.9716000000e+02 7.7169324249e-08
1.1294000000e+03 5.4769621412e-08
1.4219000000e+03 3.7271331765e-08
1.7901000000e+03 2.4516178086e-08
2.2536000000e+03 1.5773026779e-08
2.8371000000e+03 9.7165988474e-09
3.5717000000e+03 5.1968796285e-09
4.4965000000e+03 2.2531550495e-09
5.6608000000e+03 1.5513903081e-09
7.1265000000e+03 1.3858715211e-09
8.9717000000e+03 2.3452294779e-09
1.1294000000e+04 5.6305983357e-09
1.4219000000e+04 5.5522880691e-09
1.7901000000e+04 3.3584424921e-09
2.2536000000e+04 1.9284548772e-09
2.8371000000e+04 1.0915708880e-09
3.5717000000e+04 6.1061265165e-10
4.4965000000e+04 3.3825392805e-10
5.6608000000e+04 1.8590079858e-10
7.1264000000e+04 1.0151180814e-10
8.9716000000e+04 5.5144491493e-11
1.1294000000e+05 2.9828719089e-11
1.4219000000e+05 1.6084440932e-11
1.7901000000e+05 8.6486284693e-12
2.2536000000e+05 4.6406983886e-12
2.8371000000e+05 2.4858959500e-12
3.5717000000e+05 1.3297948765e-12
4.4965000000e+05 7.1063013045e-13
5.6608000000e+05 3.7939015516e-13
7.1264000000e+05 2.0241560917e-13
8.9716000000e+05 1.0793577163e-13
