# particle=gamma
# bin=17
# theta_mid_deg=138.590378
# mu_high=-0.700000
# mu_low=-0.800000
# delta_omega_sr=0.6283185307
# black_hole_mode=No
# energy_unit=MeV
# flux_unit=cm^-2 s^-1 MeV^-1 sr^-1
# Energy Flux
1.1294000000e-02 1.3470125060e-02
1.4219000000e-02 3.4126876383e-02
1.7901000000e-02 8.7463358062e-02
2.2536000000e-02 2.2648327425e-01
2.8371000000e-02 5.8328815582e-01
3.5717000000e-02 1.4065690217e+00
4.4965000000e-02 2.7337374613e+00
5.6607000000e-02 3.5099447376e+00
7.1264000000e-02 3.0682977155e+00
8.9717000000e-02 2.2343922281e+00
1.1294000000e-01 1.5225343932e+00
1.4219000000e-01 1.0350553060e+00
1.7901000000e-01 7.0609570613e-01
2.2536000000e-01 4.8228266187e-01
2.8371000000e-01 3.2920661614e-01
3.5717000000e-01 2.2468022083e-01
4.4965000000e-01 1.5347121837e-01
5.6608000000e-01 2.6397367315e-01
7.1264000000e-01 7.1385461950e-02
8.9717000000e-01 4.8586374623e-02
1.1294000000e+00 3.3456215636e-02
1.4219000000e+00 2.3358533011e-02
1.7901000000e+00 1.6509451842e-02
2.2536000000e+00 1.1785239670e-02
2.8371000000e+00 8.4687922054e-03
3.5717000000e+00 6.1096566894e-03
4.4965000000e+00 4.4153753517e-03
5.6607000000e+00 3.1906143042e-03
7.1265000000e+00 2.3040446993e-03
8.9717000000e+00 1.6630362003e-03
1.1295000000e+01 1.1997536349e-03
1.4219000000e+01 8.6530849677e-04
1.7901000000e+01 6.2408784373e-04
2.2536000000e+01 4.5039680588e-04
2.8371000000e+01 3.2525907395e-04
3.5717000000e+01 2.3433181971e-04
4.4965000000e+01 1.6803509644e-04
5.6607000000e+01 1.1943688352e-04
7.1265000000e+01 8.3610299464e-05
8.9716000000e+01 5.7438519849e-05
1.1294000000e+02 3.8540219417e-05
1.4219000000e+02 2.5146527019e-05
1.7901000000e+02 1.5949744453e-05
2.2536000000e+02 9.8190618583e-06
2.8371000000e+02 5.8299293366e-06
3.5717000000e+02 3.3326334418e-06
4.4965000000e+02 1.8822234855e-06
5.6608000000e+02 1.0234569959e-06
7.1265000000e+02 5.3188715169e-07
8.9716000000e+02 2.6906049222e-07
1.1294000000e+03 1.4937540391e-07
1.4219000000e+03 8.2776203712e-08
1.7901000000e+03 4.5058370447e-08
2.2536000000e+03 2.3514054945e-08
2.8371000000e+03 1.1324469276e-08
3.5717000000e+03 5.2070200329e-09
4.4965000000e+03 2.4549572351e-09
5.6608000000e+03 1.1216030912e-09
7.1265000000e+03 5.1688383066e-10
8.9717000000e+03 4.5426890262e-10
1.1294000000e+04 3.9373656574e-10
1.4219000000e+04 2.3874620297e-10
1.7901000000e+04 1.4467290547e-10
2.2536000000e+04 8.7621598458e-11
2.8371000000e+04 5.3044862737e-11
3.5717000000e+04 3.2100694114e-11
4.4965000000e+04 1.9420633994e-11
5.6608000000e+04 1.1746441458e-11
7.1264000000e+04 7.1038681937e-12
8.9716000000e+04 4.2954194071e-12
1.1294000000e+05 2.5972564765e-12
1.4219000000e+05 1.5699661971e-12
1.7901000000e+05 9.4899371769e-13
2.2536000000e+05 5.7362870330e-13
2.8371000000e+05 3.4672308889e-13
3.5717000000e+05 2.0956257751e-13
4.4965000000e+05 1.2665840848e-13
5.6608000000e+05 7.6548517891e-14
7.1264000000e+05 4.6265318018e-14
8.9716000000e+05 2.7960968879e-14
