# particle=alpha
# bin=14
# theta_mid_deg=116.743684
# mu_high=-0.400000
# mu_low=-0.500000
# delta_omega_sr=0.6283185307
# black_hole_mode=No
# energy_unit=MeV_per_nucleon
# flux_unit=cm^-2 s^-1 (MeV/n)^-1 sr^-1
# Energy Flux
1.1294000000e-02 1.8507217343e-06
1.4219000000e-02 1.5910884113e-06
1.7901000000e-02 1.3944117335e-06
2.2536000000e-02 1.2458329101e-06
2.8371000000e-02 1.1340051926e-06
3.5717000000e-02 1.0502681670e-06
4.4965000000e-02 9.8801097440e-07
5.6607000000e-02 9.4217963985e-07
7.1264000000e-02 9.0890595056e-07
8.9717000000e-02 8.8523451997e-07
1.1294000000e-01 8.6890410041e-07
1.4219000000e-01 8.5815724510e-07
1.7901000000e-01 8.5164401605e-07
2.2536000000e-01 8.4827875517e-07
2.8371000000e-01 8.4715094409e-07
3.5717000000e-01 8.4741893536e-07
4.4965000000e-01 8.4817860952e-07
5.6608000000e-01 8.4827876249e-07
7.1264000000e-01 8.4604408408e-07
8.9717000000e-01 8.3886579092e-07
1.1294000000e+00 8.1919085002e-07
1.4219000000e+00 7.7938053177e-07
1.7901000000e+00 7.1566872927e-07
2.2536000000e+00 6.2453901364e-07
2.8371000000e+00 5.0989079645e-07
3.5717000000e+00 3.8560406530e-07
4.4965000000e+00 2.7054855178e-07
5.6607000000e+00 1.7846314127e-07
7.1265000000e+00 1.1276600145e-07
8.9717000000e+00 6.9489668688e-08
1.1295000000e+01 4.2334715871e-08
1.4219000000e+01 2.4608379838e-08
1.7901000000e+01 1.4627128284e-08
2.2536000000e+01 8.7882072182e-09
2.8371000000e+01 5.1887451306e-09
3.5717000000e+01 3.0751489374e-09
4.4965000000e+01 1.8167895687e-09
5.6607000000e+01 1.0442211438e-09
7.1265000000e+01 5.8742373793e-10
8.9716000000e+01 3.2961427681e-10
1.1294000000e+02 1.8284643781e-10
1.4219000000e+02 9.9837663268e-11
1.7901000000e+02 5.4481435088e-11
2.2536000000e+02 2.9329027979e-11
2.8371000000e+02 1.5412597713e-11
3.5717000000e+02 6.3067710571e-12
4.4965000000e+02 3.4599976242e-12
5.6608000000e+02 2.4793472098e-12
7.1265000000e+02 2.4602624022e-12
8.9716000000e+02 3.5143656917e-12
1.1294000000e+03 6.0299971754e-12
1.4219000000e+03 1.1359298164e-11
1.7901000000e+03 2.4015610110e-11
2.2536000000e+03 6.1691675948e-11
2.8371000000e+03 1.9133651961e-10
3.5717000000e+03 7.6026091204e-10
4.4965000000e+03 4.3370556014e-09
5.6608000000e+03 6.8904072292e-09
7.1265000000e+03 3.7648667823e-09
8.9717000000e+03 2.0486641819e-09
1.1294000000e+04 1.1468626450e-09
1.4219000000e+04 6.5695477770e-10
1.7901000000e+04 3.7065561585e-10
2.2536000000e+04 2.0654652018e-10
2.8371000000e+04 1.1392563785e-10
3.5717000000e+04 6.2313775093e-11
4.4965000000e+04 3.3852814418e-11
5.6608000000e+04 1.8290540024e-11
7.1264000000e+04 9.8382842081e-12
8.9716000000e+04 5.2730775783e-12
1.1294000000e+05 2.8178771894e-12
1.4219000000e+05 1.5027169243e-12
1.7901000000e+05 7.9977475291e-13
2.2536000000e+05 4.2505709541e-13
2.8371000000e+05 2.2564486432e-13
3.5717000000e+05 1.1967222631e-13
4.4965000000e+05 6.3426199337e-14
5.6608000000e+05 3.3592810083e-14
7.1264000000e+05 1.7784217697e-14
8.9716000000e+05 9.4115765265e-15
