# particle=muplus
# bin=17
# theta_mid_deg=138.590378
# mu_high=-0.700000
# mu_low=-0.800000
# delta_omega_sr=0.6283185307
# black_hole_mode=No
# energy_unit=MeV
# flux_unit=cm^-2 s^-1 MeV^-1 sr^-1
# Energy Flux
1.1294000000e-02 2.1280902051e-10
1.4219000000e-02 2.4750526149e-10
1.7901000000e-02 2.8790974661e-10
2.2536000000e-02 3.3498024659e-10
2.8371000000e-02 3.8984348451e-10
3.5717000000e-02 4.5382451535e-10
4.4965000000e-02 5.2848053681e-10
5.6607000000e-02 6.1565045626e-10
7.1264000000e-02 7.1752551893e-10
8.9717000000e-02 8.3670554716e-10
1.1294000000e-01 9.7624220209e-10
1.4219000000e-01 1.1399772576e-09
1.7901000000e-01 1.3323202401e-09
2.2536000000e-01 1.5587323459e-09
2.8371000000e-01 1.8259052112e-09
3.5717000000e-01 2.1420874063e-09
4.4965000000e-01 2.5175085760e-09
5.6608000000e-01 2.9650248592e-09
7.1264000000e-01 3.5007959652e-09
8.9717000000e-01 4.1456504311e-09
1.1294000000e+00 4.9258679007e-09
1.4219000000e+00 5.8765275511e-09
1.7901000000e+00 7.0418877197e-09
2.2536000000e+00 8.4802542991e-09
2.8371000000e+00 1.0267692247e-08
3.5717000000e+00 1.2502986544e-08
4.4965000000e+00 1.5313231572e-08
5.6607000000e+00 1.8859872182e-08
7.1265000000e+00 2.3344654152e-08
8.9717000000e+00 2.9009634202e-08
1.1295000000e+01 3.5786252282e-08
1.4219000000e+01 4.3741442939e-08
1.7901000000e+01 5.3322252676e-08
2.2536000000e+01 6.4567609989e-08
2.8371000000e+01 7.7308340290e-08
3.5717000000e+01 9.0990129091e-08
4.4965000000e+01 1.0441472537e-07
5.6607000000e+01 1.1602638382e-07
7.1265000000e+01 1.2389221912e-07
8.9716000000e+01 1.2708791029e-07
1.1294000000e+02 1.2763737711e-07
1.4219000000e+02 1.2475549143e-07
1.7901000000e+02 1.1580205959e-07
2.2536000000e+02 1.0142220955e-07
2.8371000000e+02 8.3775963734e-08
3.5717000000e+02 6.5321557199e-08
4.4965000000e+02 4.7419420107e-08
5.6608000000e+02 3.2313053123e-08
7.1265000000e+02 2.4775056382e-08
8.9716000000e+02 1.9426774482e-08
1.1294000000e+03 1.4347528997e-08
1.4219000000e+03 9.7125019276e-09
1.7901000000e+03 6.5221890246e-09
2.2536000000e+03 4.2804726049e-09
2.8371000000e+03 2.6098786160e-09
3.5717000000e+03 1.5153137885e-09
4.4965000000e+03 8.7310459482e-10
5.6608000000e+03 5.1973103178e-10
7.1265000000e+03 2.4608605845e-10
8.9717000000e+03 1.2542763853e-10
1.1294000000e+04 9.6479383240e-11
1.4219000000e+04 5.9581826946e-11
1.7901000000e+04 3.2449870279e-11
2.2536000000e+04 2.0916239112e-11
2.8371000000e+04 1.3337438134e-11
3.5717000000e+04 8.3854370390e-12
4.4965000000e+04 5.2040466314e-12
5.6608000000e+04 3.2010351768e-12
7.1264000000e+04 2.5140834520e-12
8.9716000000e+04 3.2168110124e-12
1.1294000000e+05 2.3891979315e-12
1.4219000000e+05 1.3075825986e-12
1.7901000000e+05 7.1436282016e-13
2.2536000000e+05 3.8973061495e-13
2.8371000000e+05 2.1238562249e-13
3.5717000000e+05 1.0767280684e-13
4.4965000000e+05 5.3448877839e-14
5.6608000000e+05 2.6515111931e-14
7.1264000000e+05 1.3148429021e-14
8.9716000000e+05 6.5173457013e-15
