# particle=gamma
# bin=06
# theta_mid_deg=69.512685
# mu_high=0.400000
# mu_low=0.300000
# delta_omega_sr=0.6283185307
# black_hole_mode=No
# energy_unit=MeV
# flux_unit=cm^-2 s^-1 MeV^-1 sr^-1
# Energy Flux
1.1294000000e-02 1.4033101594e-02
1.4219000000e-02 3.3572798557e-02
1.7901000000e-02 7.9340970941e-02
2.2536000000e-02 1.8375713155e-01
2.8371000000e-02 4.1196273757e-01
3.5717000000e-02 8.6398898918e-01
4.4965000000e-02 1.5051417874e+00
5.6607000000e-02 1.7961258294e+00
7.1264000000e-02 1.4686702595e+00
8.9717000000e-02 1.0254419924e+00
1.1294000000e-01 6.7583097965e-01
1.4219000000e-01 4.2736820145e-01
1.7901000000e-01 2.6607123025e-01
2.2536000000e-01 1.6593730725e-01
2.8371000000e-01 1.0486173806e-01
3.5717000000e-01 6.7351667051e-02
4.4965000000e-01 4.4018881613e-02
5.6608000000e-01 7.4210636217e-02
7.1264000000e-01 2.0562848253e-02
8.9717000000e-01 1.4879787353e-02
1.1294000000e+00 1.0725457403e-02
1.4219000000e+00 7.6286316601e-03
1.7901000000e+00 5.3680890012e-03
2.2536000000e+00 3.7384046385e-03
2.8371000000e+00 2.5833420189e-03
3.5717000000e+00 1.7809649592e-03
4.4965000000e+00 1.2417490717e-03
5.6607000000e+00 8.8705815137e-04
7.1265000000e+00 6.5007684291e-04
8.9717000000e+00 4.8630954103e-04
1.1295000000e+01 3.6987146982e-04
1.4219000000e+01 2.8551585736e-04
1.7901000000e+01 2.2333184153e-04
2.2536000000e+01 1.7663509632e-04
2.8371000000e+01 1.4083528091e-04
3.5717000000e+01 1.1390751752e-04
4.4965000000e+01 9.2770022888e-05
5.6607000000e+01 7.5725444211e-05
7.1265000000e+01 6.1943613174e-05
8.9716000000e+01 5.0356300530e-05
1.1294000000e+02 4.0543584560e-05
1.4219000000e+02 3.2218038493e-05
1.7901000000e+02 2.5180317124e-05
2.2536000000e+02 1.9303313278e-05
2.8371000000e+02 1.4500144438e-05
3.5717000000e+02 1.0660992047e-05
4.4965000000e+02 7.6345440589e-06
5.6608000000e+02 5.3633208467e-06
7.1265000000e+02 3.7045720794e-06
8.9716000000e+02 2.5122852277e-06
1.1294000000e+03 1.6578254788e-06
1.4219000000e+03 1.0771083032e-06
1.7901000000e+03 6.9241975975e-07
2.2536000000e+03 4.4212949462e-07
2.8371000000e+03 2.8117721098e-07
3.5717000000e+03 1.7781109471e-07
4.4965000000e+03 1.1164221264e-07
5.6608000000e+03 6.9727047235e-08
7.1265000000e+03 4.3270412151e-08
8.9717000000e+03 2.6450137859e-08
1.1294000000e+04 1.5997631521e-08
1.4219000000e+04 9.7003278703e-09
1.7901000000e+04 5.8781023513e-09
2.2536000000e+04 3.5600911051e-09
2.8371000000e+04 2.1552282465e-09
3.5717000000e+04 1.3042605658e-09
4.4965000000e+04 7.8906602428e-10
5.6608000000e+04 4.7726134295e-10
7.1264000000e+04 2.8863223695e-10
8.9716000000e+04 1.7452414351e-10
1.1294000000e+05 1.0552728827e-10
1.4219000000e+05 6.3788184558e-11
1.7901000000e+05 3.8557891577e-11
2.2536000000e+05 2.3306701546e-11
2.8371000000e+05 1.4087460243e-11
3.5717000000e+05 8.5145886547e-12
4.4965000000e+05 5.1461680836e-12
5.6608000000e+05 3.1101886116e-12
7.1264000000e+05 1.8797733669e-12
8.9716000000e+05 1.1360623219e-12
