# particle=eminus
# bin=17
# theta_mid_deg=138.590378
# mu_high=-0.700000
# mu_low=-0.800000
# delta_omega_sr=0.6283185307
# black_hole_mode=No
# energy_unit=MeV
# flux_unit=cm^-2 s^-1 MeV^-1 sr^-1
# Energy Flux
1.1294000000e-02 1.1870121716e-02
1.4219000000e-02 1.1369709837e-02
1.7901000000e-02 1.0865982797e-02
2.2536000000e-02 1.0356739508e-02
2.8371000000e-02 9.8398883075e-03
3.5717000000e-02 9.3136176469e-03
4.4965000000e-02 8.7766078267e-03
5.6607000000e-02 8.2282160359e-03
7.1264000000e-02 7.6686508927e-03
8.9717000000e-02 7.0993211449e-03
1.1294000000e-01 6.5418642181e-03
1.4219000000e-01 5.9994309145e-03
1.7901000000e-01 5.4667499317e-03
2.2536000000e-01 4.9450411657e-03
2.8371000000e-01 4.3793992920e-03
3.5717000000e-01 3.8525571310e-03
4.4965000000e-01 3.3714086380e-03
5.6608000000e-01 2.9135160143e-03
7.1264000000e-01 2.4826711197e-03
8.9717000000e-01 2.0821379497e-03
1.1294000000e+00 1.7209022245e-03
1.4219000000e+00 1.4097514085e-03
1.7901000000e+00 1.1465205628e-03
2.2536000000e+00 9.2451730398e-04
2.8371000000e+00 7.3828597181e-04
3.5717000000e+00 5.8270313118e-04
4.4965000000e+00 4.5529886443e-04
5.6607000000e+00 3.5502634946e-04
7.1265000000e+00 2.7825550071e-04
8.9717000000e+00 2.1943231410e-04
1.1295000000e+01 1.7314161345e-04
1.4219000000e+01 1.3582035035e-04
1.7901000000e+01 1.0550483972e-04
2.2536000000e+01 8.0818486801e-05
2.8371000000e+01 6.0995651821e-05
3.5717000000e+01 4.5463261118e-05
4.4965000000e+01 3.3555085211e-05
5.6607000000e+01 2.4671582680e-05
7.1265000000e+01 1.8046481424e-05
8.9716000000e+01 1.3043008804e-05
1.1294000000e+02 9.2216350876e-06
1.4219000000e+02 6.2888257949e-06
1.7901000000e+02 4.0630739793e-06
2.2536000000e+02 2.4526673318e-06
2.8371000000e+02 1.4075235628e-06
3.5717000000e+02 8.0483770722e-07
4.4965000000e+02 4.2600259553e-07
5.6608000000e+02 2.0864024863e-07
7.1265000000e+02 9.5298045872e-08
8.9716000000e+02 4.1172640892e-08
1.1294000000e+03 1.7121112496e-08
1.4219000000e+03 6.9703540732e-09
1.7901000000e+03 2.8237305485e-09
2.2536000000e+03 1.1525919590e-09
2.8371000000e+03 4.7817259745e-10
3.5717000000e+03 2.0260431049e-10
4.4965000000e+03 8.7697820971e-11
5.6608000000e+03 3.8669880816e-11
7.1265000000e+03 1.7340201849e-11
8.9717000000e+03 7.8905149760e-12
1.1294000000e+04 3.7140681902e-12
1.4219000000e+04 1.7861985268e-12
1.7901000000e+04 8.5902407073e-13
2.2536000000e+04 4.1312403835e-13
2.8371000000e+04 1.9867523179e-13
3.5717000000e+04 9.5540650498e-14
4.4965000000e+04 4.5943933356e-14
5.6608000000e+04 2.2092888830e-14
7.1264000000e+04 1.0624502173e-14
8.9716000000e+04 5.1090442574e-15
1.1294000000e+05 2.4571915806e-15
1.4219000000e+05 1.1814073393e-15
1.7901000000e+05 5.6806921057e-16
2.2536000000e+05 2.7316820504e-16
2.8371000000e+05 1.3136035481e-16
3.5717000000e+05 6.3167005764e-17
4.4965000000e+05 3.0375147011e-17
5.6608000000e+05 1.4606123845e-17
7.1264000000e+05 7.0240231186e-18
8.9716000000e+05 3.3776414597e-18
