# particle=alpha
# bin=05
# theta_mid_deg=63.256316
# mu_high=0.500000
# mu_low=0.400000
# delta_omega_sr=0.6283185307
# black_hole_mode=No
# energy_unit=MeV_per_nucleon
# flux_unit=cm^-2 s^-1 (MeV/n)^-1 sr^-1
# Energy Flux
1.1294000000e-02 2.0912201422e-06
1.4219000000e-02 1.7978478731e-06
1.7901000000e-02 1.5756133673e-06
2.2536000000e-02 1.4077269571e-06
2.8371000000e-02 1.2813674018e-06
3.5717000000e-02 1.1867488801e-06
4.4965000000e-02 1.1164014623e-06
5.6607000000e-02 1.0646144171e-06
7.1264000000e-02 1.0270168637e-06
8.9717000000e-02 1.0002693676e-06
1.1294000000e-01 9.8181683543e-07
1.4219000000e-01 9.6967344300e-07
1.7901000000e-01 9.6231382999e-07
2.2536000000e-01 9.5851125869e-07
2.8371000000e-01 9.5723689032e-07
3.5717000000e-01 9.5753970664e-07
4.4965000000e-01 9.5839809927e-07
5.6608000000e-01 9.5851126697e-07
7.1264000000e-01 9.5598619557e-07
8.9717000000e-01 9.4787509439e-07
1.1294000000e+00 9.3428644252e-07
1.4219000000e+00 9.1005846667e-07
1.7901000000e+00 8.6196073385e-07
2.2536000000e+00 7.7989455046e-07
2.8371000000e+00 6.6038608318e-07
3.5717000000e+00 5.1451435035e-07
4.4965000000e+00 3.6663094845e-07
5.6607000000e+00 2.4070325860e-07
7.1265000000e+00 1.4790798611e-07
8.9717000000e+00 8.6506682222e-08
1.1295000000e+01 4.8765135651e-08
1.4219000000e+01 2.8453924864e-08
1.7901000000e+01 1.6256422094e-08
2.2536000000e+01 9.2027873692e-09
2.8371000000e+01 5.1296741483e-09
3.5717000000e+01 2.7592804669e-09
4.4965000000e+01 1.4643872607e-09
5.6607000000e+01 7.7978041548e-10
7.1265000000e+01 4.2506479005e-10
8.9716000000e+01 2.4192417007e-10
1.1294000000e+02 1.4209556661e-10
1.4219000000e+02 8.6698031558e-11
1.7901000000e+02 5.5067049055e-11
2.2536000000e+02 3.7013132028e-11
2.8371000000e+02 2.7968341250e-11
3.5717000000e+02 2.6437450907e-11
4.4965000000e+02 2.6167731960e-11
5.6608000000e+02 2.9819896146e-11
7.1265000000e+02 3.8314347660e-11
8.9716000000e+02 5.4597639312e-11
1.1294000000e+03 8.7250530105e-11
1.4219000000e+03 1.5946510866e-10
1.7901000000e+03 3.4812473520e-10
2.2536000000e+03 9.5618019705e-10
2.8371000000e+03 3.5796599568e-09
3.5717000000e+03 1.9541099483e-08
4.4965000000e+03 1.3667998416e-07
5.6608000000e+03 3.0807703676e-07
7.1265000000e+03 2.0769137046e-07
8.9717000000e+03 1.2360638365e-07
1.1294000000e+04 7.1994315080e-08
1.4219000000e+04 4.1240343354e-08
1.7901000000e+04 2.3267910338e-08
2.2536000000e+04 1.2965960063e-08
2.8371000000e+04 7.1516831615e-09
3.5717000000e+04 3.9117479128e-09
4.4965000000e+04 2.1251107953e-09
5.6608000000e+04 1.1481888500e-09
7.1264000000e+04 6.1759839874e-10
8.9716000000e+04 3.3101750264e-10
1.1294000000e+05 1.7689227138e-10
1.4219000000e+05 9.4333071357e-11
1.7901000000e+05 5.0205868859e-11
2.2536000000e+05 2.6682963812e-11
2.8371000000e+05 1.4164858825e-11
3.5717000000e+05 7.5124253153e-12
4.4965000000e+05 3.9815803569e-12
5.6608000000e+05 2.1087890203e-12
7.1264000000e+05 1.1164044604e-12
8.9716000000e+05 5.9081181936e-13
