# particle=eplus
# bin=04
# theta_mid_deg=56.632987
# mu_high=0.600000
# mu_low=0.500000
# delta_omega_sr=0.6283185307
# black_hole_mode=No
# energy_unit=MeV
# flux_unit=cm^-2 s^-1 MeV^-1 sr^-1
# Energy Flux
1.1294000000e-02 2.4480044683e-05
1.4219000000e-02 2.9033741816e-05
1.7901000000e-02 3.4400495681e-05
2.2536000000e-02 4.0707318240e-05
2.8371000000e-02 4.8091261205e-05
3.5717000000e-02 5.6693923178e-05
4.4965000000e-02 6.6651644706e-05
5.6607000000e-02 7.8081160996e-05
7.1264000000e-02 9.1059411484e-05
8.9717000000e-02 1.0559134258e-04
1.1294000000e-01 1.2104826614e-04
1.4219000000e-01 1.3680225544e-04
1.7901000000e-01 1.5235045034e-04
2.2536000000e-01 1.6684625598e-04
2.8371000000e-01 1.8224744089e-04
3.5717000000e-01 1.9460224585e-04
4.4965000000e-01 2.0220662600e-04
5.6608000000e-01 2.0590690504e-04
7.1264000000e-01 2.0559595169e-04
8.9717000000e-01 2.0158937729e-04
1.1294000000e+00 1.9466189318e-04
1.4219000000e+00 1.8416901136e-04
1.7901000000e+00 1.7005496169e-04
2.2536000000e+00 1.5295259670e-04
2.8371000000e+00 1.3408439299e-04
3.5717000000e+00 1.1568750505e-04
4.4965000000e+00 9.9081334791e-05
5.6607000000e+00 8.4136341581e-05
7.1265000000e+00 7.0663076168e-05
8.9717000000e+00 5.8799011528e-05
1.1295000000e+01 4.9019545731e-05
1.4219000000e+01 4.1358963319e-05
1.7901000000e+01 3.5218883687e-05
2.2536000000e+01 3.0394637544e-05
2.8371000000e+01 2.6556062029e-05
3.5717000000e+01 2.3409759444e-05
4.4965000000e+01 2.0797120143e-05
5.6607000000e+01 1.8191753919e-05
7.1265000000e+01 1.5544927258e-05
8.9716000000e+01 1.2951301206e-05
1.1294000000e+02 1.0509007721e-05
1.4219000000e+02 8.3224956152e-06
1.7901000000e+02 6.4553005850e-06
2.2536000000e+02 4.9110107831e-06
2.8371000000e+02 3.6504317776e-06
3.5717000000e+02 2.6402159822e-06
4.4965000000e+02 1.8844217354e-06
5.6608000000e+02 1.3292952296e-06
7.1265000000e+02 9.2715319013e-07
8.9716000000e+02 6.3923053728e-07
1.1294000000e+03 4.3564838370e-07
1.4219000000e+03 2.9361419921e-07
1.7901000000e+03 1.9600631624e-07
2.2536000000e+03 1.2982739322e-07
2.8371000000e+03 8.5471546556e-08
3.5717000000e+03 5.6015430595e-08
4.4965000000e+03 3.6602243115e-08
5.6608000000e+03 2.3877321532e-08
7.1265000000e+03 1.5557993117e-08
8.9717000000e+03 1.0127799162e-08
1.1294000000e+04 6.5866589441e-09
1.4219000000e+04 4.2803209861e-09
1.7901000000e+04 2.7815433376e-09
2.2536000000e+04 1.8075605663e-09
2.8371000000e+04 1.1745990487e-09
3.5717000000e+04 7.6325914173e-10
4.4965000000e+04 4.9596237379e-10
5.6608000000e+04 3.2226541956e-10
7.1264000000e+04 2.0940900301e-10
8.9716000000e+04 1.3606946737e-10
1.1294000000e+05 8.8422953834e-11
1.4219000000e+05 5.7449567984e-11
1.7901000000e+05 3.7327761844e-11
2.2536000000e+05 2.4254522147e-11
2.8371000000e+05 1.5760000865e-11
3.5717000000e+05 1.0240346982e-11
4.4965000000e+05 6.6538678457e-12
5.6608000000e+05 4.3234133789e-12
7.1264000000e+05 2.8093089083e-12
8.9716000000e+05 1.8254015827e-12
