# particle=eplus
# bin=05
# theta_mid_deg=63.256316
# mu_high=0.500000
# mu_low=0.400000
# delta_omega_sr=0.6283185307
# black_hole_mode=No
# energy_unit=MeV
# flux_unit=cm^-2 s^-1 MeV^-1 sr^-1
# Energy Flux
1.1294000000e-02 2.4775820843e-05
1.4219000000e-02 2.9384537281e-05
1.7901000000e-02 3.4816134078e-05
2.2536000000e-02 4.1199157795e-05
2.8371000000e-02 4.8672316051e-05
3.5717000000e-02 5.7378918289e-05
4.4965000000e-02 6.7456952368e-05
5.6607000000e-02 7.9024563930e-05
7.1264000000e-02 9.2159622020e-05
8.9717000000e-02 1.0686713282e-04
1.1294000000e-01 1.2265415629e-04
1.4219000000e-01 1.3898710058e-04
1.7901000000e-01 1.5531503504e-04
2.2536000000e-01 1.7083039256e-04
2.8371000000e-01 1.8753313692e-04
3.5717000000e-01 2.0144266666e-04
4.4965000000e-01 2.1087462892e-04
5.6608000000e-01 2.1690561575e-04
7.1264000000e-01 2.1923989014e-04
8.9717000000e-01 2.1793354409e-04
1.1294000000e+00 2.1335651318e-04
1.4219000000e+00 2.0459188644e-04
1.7901000000e+00 1.9166707281e-04
2.2536000000e+00 1.7517671467e-04
2.8371000000e+00 1.5617387612e-04
3.5717000000e+00 1.3700081124e-04
4.4965000000e+00 1.1926024203e-04
5.6607000000e+00 1.0289104302e-04
7.1265000000e+00 8.7734945032e-05
8.9717000000e+00 7.4040264521e-05
1.1295000000e+01 6.2376936837e-05
1.4219000000e+01 5.2906198149e-05
1.7901000000e+01 4.5175071775e-05
2.2536000000e+01 3.8984345604e-05
2.8371000000e+01 3.3967743857e-05
3.5717000000e+01 2.9767934319e-05
4.4965000000e+01 2.6165418191e-05
5.6607000000e+01 2.2661755537e-05
7.1265000000e+01 1.9212951514e-05
8.9716000000e+01 1.5917929759e-05
1.1294000000e+02 1.2877103198e-05
1.4219000000e+02 1.0189053717e-05
1.7901000000e+02 7.9086372022e-06
2.2536000000e+02 6.0274081484e-06
2.8371000000e+02 4.4918796357e-06
3.5717000000e+02 3.2593912287e-06
4.4965000000e+02 2.3348205571e-06
5.6608000000e+02 1.6531682808e-06
7.1265000000e+02 1.1572764566e-06
8.9716000000e+02 8.0074537350e-07
1.1294000000e+03 5.4765654049e-07
1.4219000000e+03 3.7041431032e-07
1.7901000000e+03 2.4815320535e-07
2.2536000000e+03 1.6494396487e-07
2.8371000000e+03 1.0895986681e-07
3.5717000000e+03 7.1640515018e-08
4.4965000000e+03 4.6946194945e-08
5.6608000000e+03 3.0693532653e-08
7.1265000000e+03 2.0034515015e-08
8.9717000000e+03 1.3061002079e-08
1.1294000000e+04 8.4993683893e-09
1.4219000000e+04 5.5232896061e-09
1.7901000000e+04 3.5892797423e-09
2.2536000000e+04 2.3324607011e-09
2.8371000000e+04 1.5156925703e-09
3.5717000000e+04 9.8490307106e-10
4.4965000000e+04 6.3998560694e-10
5.6608000000e+04 4.1584854222e-10
7.1264000000e+04 2.7021958716e-10
8.9716000000e+04 1.7558287738e-10
1.1294000000e+05 1.1410022366e-10
1.4219000000e+05 7.4132431366e-11
1.7901000000e+05 4.8167424752e-11
2.2536000000e+05 3.1297828016e-11
2.8371000000e+05 2.0336570378e-11
3.5717000000e+05 1.3214056196e-11
4.4965000000e+05 8.5860941813e-12
5.6608000000e+05 5.5788956614e-12
7.1264000000e+05 3.6251081972e-12
8.9716000000e+05 2.3554825962e-12
