# particle=alpha
# bin=10
# theta_mid_deg=92.865984
# mu_high=0.000000
# mu_low=-0.100000
# delta_omega_sr=0.6283185307
# black_hole_mode=No
# energy_unit=MeV_per_nucleon
# flux_unit=cm^-2 s^-1 (MeV/n)^-1 sr^-1
# Energy Flux
1.1294000000e-02 1.6617242209e-06
1.4219000000e-02 1.4286049067e-06
1.7901000000e-02 1.2520130437e-06
2.2536000000e-02 1.1186072350e-06
2.8371000000e-02 1.0181994734e-06
3.5717000000e-02 9.4301375468e-07
4.4965000000e-02 8.8711432749e-07
5.6607000000e-02 8.4596333365e-07
7.1264000000e-02 8.1608758604e-07
8.9717000000e-02 7.9483350509e-07
1.1294000000e-01 7.8017076395e-07
1.4219000000e-01 7.7052138801e-07
1.7901000000e-01 7.6467329629e-07
2.2536000000e-01 7.6165169913e-07
2.8371000000e-01 7.6063906123e-07
3.5717000000e-01 7.6087968496e-07
4.4965000000e-01 7.6156178045e-07
5.6608000000e-01 7.6165170571e-07
7.1264000000e-01 7.5964523484e-07
8.9717000000e-01 7.5319999600e-07
1.1294000000e+00 7.3991164344e-07
1.4219000000e+00 7.1426921478e-07
1.7901000000e+00 6.6830569211e-07
2.2536000000e+00 5.9621809795e-07
2.8371000000e+00 4.9829945493e-07
3.5717000000e+00 3.8526153254e-07
4.4965000000e+00 2.7533046502e-07
5.6607000000e+00 1.8413882590e-07
7.1265000000e+00 1.1756551890e-07
8.9717000000e+00 7.3183028538e-08
1.1295000000e+01 4.5248353882e-08
1.4219000000e+01 2.7162639483e-08
1.7901000000e+01 1.6525552071e-08
2.2536000000e+01 9.9618334538e-09
2.8371000000e+01 6.1027426057e-09
3.5717000000e+01 3.7669937477e-09
4.4965000000e+01 2.3058006248e-09
5.6607000000e+01 1.3700664573e-09
7.1265000000e+01 7.9268360744e-10
8.9716000000e+01 4.5344956804e-10
1.1294000000e+02 2.5576298996e-10
1.4219000000e+02 1.4239388952e-10
1.7901000000e+02 8.0432880723e-11
2.2536000000e+02 4.5583668973e-11
2.8371000000e+02 2.6670583936e-11
3.5717000000e+02 1.2222008471e-11
4.4965000000e+02 5.9847539701e-12
5.6608000000e+02 4.2654555209e-12
7.1265000000e+02 4.3158614009e-12
8.9716000000e+02 6.4260932132e-12
1.1294000000e+03 1.1577359321e-11
1.4219000000e+03 2.0494205327e-11
1.7901000000e+03 4.0242287510e-11
2.2536000000e+03 1.0296283491e-10
2.8371000000e+03 3.3798293251e-10
3.5717000000e+03 1.5215216580e-09
4.4965000000e+03 9.0391730126e-09
5.6608000000e+03 1.6305988613e-08
7.1265000000e+03 9.3830889877e-09
8.9717000000e+03 4.9363033087e-09
1.1294000000e+04 2.7140322877e-09
1.4219000000e+04 1.5546730779e-09
1.7901000000e+04 8.7715064520e-10
2.2536000000e+04 4.8878906912e-10
2.8371000000e+04 2.6960321784e-10
3.5717000000e+04 1.4746456196e-10
4.4965000000e+04 8.0112149227e-11
5.6608000000e+04 4.3284273316e-11
7.1264000000e+04 2.3282143779e-11
8.9716000000e+04 1.2478654585e-11
1.1294000000e+05 6.6684617448e-12
1.4219000000e+05 3.5561558044e-12
1.7901000000e+05 1.8926542875e-12
2.2536000000e+05 1.0058908851e-12
2.8371000000e+05 5.3398499809e-13
3.5717000000e+05 2.8320242844e-13
4.4965000000e+05 1.5009709631e-13
5.6608000000e+05 7.9496853086e-14
7.1264000000e+05 4.2086069548e-14
8.9716000000e+05 2.2272346808e-14
