# particle=gamma
# bin=05
# theta_mid_deg=63.256316
# mu_high=0.500000
# mu_low=0.400000
# delta_omega_sr=0.6283185307
# black_hole_mode=No
# energy_unit=MeV
# flux_unit=cm^-2 s^-1 MeV^-1 sr^-1
# Energy Flux
1.1294000000e-02 1.2831666384e-02
1.4219000000e-02 3.0729767959e-02
1.7901000000e-02 7.2553326775e-02
2.2536000000e-02 1.6726380860e-01
2.8371000000e-02 3.7137496855e-01
3.5717000000e-02 7.6983380153e-01
4.4965000000e-02 1.3339478006e+00
5.6607000000e-02 1.6031436096e+00
7.1264000000e-02 1.3168662571e+00
8.9717000000e-02 9.1699816038e-01
1.1294000000e-01 5.9836527299e-01
1.4219000000e-01 3.7432390356e-01
1.7901000000e-01 2.3109229885e-01
2.2536000000e-01 1.4317315983e-01
2.8371000000e-01 8.9783312735e-02
3.5717000000e-01 5.6960906649e-02
4.4965000000e-01 3.6528287238e-02
5.6608000000e-01 6.0154382924e-02
7.1264000000e-01 1.6395751674e-02
8.9717000000e-01 1.1830777955e-02
1.1294000000e+00 8.5135708859e-03
1.4219000000e+00 6.0420515925e-03
1.7901000000e+00 4.2443531377e-03
2.2536000000e+00 2.9504782686e-03
2.8371000000e+00 2.0355208078e-03
3.5717000000e+00 1.4015300942e-03
4.4965000000e+00 9.7640813535e-04
5.6607000000e+00 6.9721508009e-04
7.1265000000e+00 5.1085967357e-04
8.9717000000e+00 3.8213017606e-04
1.1295000000e+01 2.9060177608e-04
1.4219000000e+01 2.2427841038e-04
1.7901000000e+01 1.7537972415e-04
2.2536000000e+01 1.3866267328e-04
2.8371000000e+01 1.1052494191e-04
3.5717000000e+01 8.9707697804e-05
4.4965000000e+01 7.3489169929e-05
5.6607000000e+01 6.0434203420e-05
7.1265000000e+01 4.9932679102e-05
8.9716000000e+01 4.1010325769e-05
1.1294000000e+02 3.3352812008e-05
1.4219000000e+02 2.6757458884e-05
1.7901000000e+02 2.1095048205e-05
2.2536000000e+02 1.6296305952e-05
2.8371000000e+02 1.2322558117e-05
3.5717000000e+02 9.1100162608e-06
4.4965000000e+02 6.5527041070e-06
5.6608000000e+02 4.6187612774e-06
7.1265000000e+02 3.1976689267e-06
8.9716000000e+02 2.1714386646e-06
1.1294000000e+03 1.4337017813e-06
1.4219000000e+03 9.3131619505e-07
1.7901000000e+03 5.9813923055e-07
2.2536000000e+03 3.8130177438e-07
2.8371000000e+03 2.4194114662e-07
3.5717000000e+03 1.5257357059e-07
4.4965000000e+03 9.5488905671e-08
5.6608000000e+03 5.9422885576e-08
7.1265000000e+03 3.6729909091e-08
8.9717000000e+03 2.2356785983e-08
1.1294000000e+04 1.3493500133e-08
1.4219000000e+04 8.1819221321e-09
1.7901000000e+04 4.9579948601e-09
2.2536000000e+04 3.0028251204e-09
2.8371000000e+04 1.8178673881e-09
3.5717000000e+04 1.1001028555e-09
4.4965000000e+04 6.6555242813e-10
5.6608000000e+04 4.0255496483e-10
7.1264000000e+04 2.4345223369e-10
8.9716000000e+04 1.4720563794e-10
1.1294000000e+05 8.9008955884e-11
1.4219000000e+05 5.3803331803e-11
1.7901000000e+05 3.2522371478e-11
2.2536000000e+05 1.9658471317e-11
2.8371000000e+05 1.1882330606e-11
3.5717000000e+05 7.1817883159e-12
4.4965000000e+05 4.3406312757e-12
5.6608000000e+05 2.6233464864e-12
7.1264000000e+05 1.5855298419e-12
8.9716000000e+05 9.5823291538e-13
