# particle=p
# bin=09
# theta_mid_deg=87.134016
# mu_high=0.100000
# mu_low=0.000000
# delta_omega_sr=0.6283185307
# black_hole_mode=No
# energy_unit=MeV
# flux_unit=cm^-2 s^-1 MeV^-1 sr^-1
# Energy Flux
1.1294000000e-02 1.4203938132e-06
1.4219000000e-02 1.3345724095e-06
1.7901000000e-02 1.2551167466e-06
2.2536000000e-02 1.1819976568e-06
2.8371000000e-02 1.1153101748e-06
3.5717000000e-02 1.0553072613e-06
4.4965000000e-02 1.0024391499e-06
5.6607000000e-02 9.5739437266e-07
7.1264000000e-02 9.2115189785e-07
8.9717000000e-02 8.9505654121e-07
1.1294000000e-01 8.8088829508e-07
1.4219000000e-01 8.8091816236e-07
1.7901000000e-01 8.9799683943e-07
2.2536000000e-01 9.3555744582e-07
2.8371000000e-01 9.9760876172e-07
3.5717000000e-01 1.0886257398e-06
4.4965000000e-01 1.2133121505e-06
5.6608000000e-01 1.3762428512e-06
7.1264000000e-01 1.5813061087e-06
8.9717000000e-01 1.8312067331e-06
1.1294000000e+00 2.1299457190e-06
1.4219000000e+00 2.4780146244e-06
1.7901000000e+00 2.8694020767e-06
2.2536000000e+00 3.2983803045e-06
2.8371000000e+00 3.7577790191e-06
3.5717000000e+00 4.2406464464e-06
4.4965000000e+00 4.7248291799e-06
5.6607000000e+00 5.1883748106e-06
7.1265000000e+00 5.6685376064e-06
8.9717000000e+00 6.1568010756e-06
1.1295000000e+01 6.6537520174e-06
1.4219000000e+01 7.2007658208e-06
1.7901000000e+01 7.7595516796e-06
2.2536000000e+01 8.2560914706e-06
2.8371000000e+01 8.7045984413e-06
3.5717000000e+01 9.0266732241e-06
4.4965000000e+01 9.1859759203e-06
5.6607000000e+01 9.1609099888e-06
7.1265000000e+01 8.9326835378e-06
8.9716000000e+01 8.4927497808e-06
1.1294000000e+02 7.8612671789e-06
1.4219000000e+02 7.0902150567e-06
1.7901000000e+02 6.2415613551e-06
2.2536000000e+02 5.3582223028e-06
2.8371000000e+02 4.5051139109e-06
3.5717000000e+02 3.7499457769e-06
4.4965000000e+02 3.1617074867e-06
5.6608000000e+02 2.6759105242e-06
7.1265000000e+02 2.0081381970e-06
8.9716000000e+02 1.4596820569e-06
1.1294000000e+03 1.1454673384e-06
1.4219000000e+03 9.1077291474e-07
1.7901000000e+03 7.2469909339e-07
2.2536000000e+03 5.7474167611e-07
2.8371000000e+03 4.5262392928e-07
3.5717000000e+03 3.5396930105e-07
4.4965000000e+03 2.7760274377e-07
5.6608000000e+03 2.2933142898e-07
7.1265000000e+03 2.4198720919e-07
8.9717000000e+03 4.7174587211e-07
1.1294000000e+04 1.1987956709e-06
1.4219000000e+04 1.1821228409e-06
1.7901000000e+04 7.1503703165e-07
2.2536000000e+04 4.1058218334e-07
2.8371000000e+04 2.3240344578e-07
3.5717000000e+04 1.3000391073e-07
4.4965000000e+04 7.2016741459e-08
5.6608000000e+04 3.9579643097e-08
7.1264000000e+04 2.1612608267e-08
8.9716000000e+04 1.1740666574e-08
1.1294000000e+05 6.3507530070e-09
1.4219000000e+05 3.4244954102e-09
1.7901000000e+05 1.8413564154e-09
2.2536000000e+05 9.8803871388e-10
2.8371000000e+05 5.2926547507e-10
3.5717000000e+05 2.8312307964e-10
4.4965000000e+05 1.5129836532e-10
5.6608000000e+05 8.0774945832e-11
7.1264000000e+05 4.3095767362e-11
8.9716000000e+05 2.2980317196e-11
