# particle=alpha
# bin=04
# theta_mid_deg=56.632987
# mu_high=0.600000
# mu_low=0.500000
# delta_omega_sr=0.6283185307
# black_hole_mode=No
# energy_unit=MeV_per_nucleon
# flux_unit=cm^-2 s^-1 (MeV/n)^-1 sr^-1
# Energy Flux
1.1294000000e-02 2.1081258405e-06
1.4219000000e-02 1.8123819114e-06
1.7901000000e-02 1.5883508327e-06
2.2536000000e-02 1.4191072067e-06
2.8371000000e-02 1.2917261442e-06
3.5717000000e-02 1.1963427139e-06
4.4965000000e-02 1.1254265983e-06
5.6607000000e-02 1.0732208999e-06
7.1264000000e-02 1.0353194029e-06
8.9717000000e-02 1.0083556765e-06
1.1294000000e-01 9.8975397168e-07
1.4219000000e-01 9.7751241047e-07
1.7901000000e-01 9.7009330138e-07
2.2536000000e-01 9.6625998959e-07
2.8371000000e-01 9.6497531906e-07
3.5717000000e-01 9.6528058339e-07
4.4965000000e-01 9.6614591537e-07
5.6608000000e-01 9.6625999794e-07
7.1264000000e-01 9.6371451354e-07
8.9717000000e-01 9.5553784115e-07
1.1294000000e+00 9.4171692002e-07
1.4219000000e+00 9.1703807217e-07
1.7901000000e+00 8.6827522309e-07
2.2536000000e+00 7.8527528479e-07
2.8371000000e+00 6.6458548209e-07
3.5717000000e+00 5.1743052014e-07
4.4965000000e+00 3.6838502827e-07
5.6607000000e+00 2.4158488672e-07
7.1265000000e+00 1.4824112667e-07
8.9717000000e+00 8.6550339637e-08
1.1295000000e+01 4.8670775369e-08
1.4219000000e+01 2.8009174184e-08
1.7901000000e+01 1.6048529546e-08
2.2536000000e+01 8.9193920163e-09
2.8371000000e+01 4.8405851499e-09
3.5717000000e+01 2.5528765388e-09
4.4965000000e+01 1.3437181523e-09
5.6607000000e+01 7.1412788620e-10
7.1265000000e+01 3.8820765372e-10
8.9716000000e+01 2.1943875102e-10
1.1294000000e+02 1.2779809432e-10
1.4219000000e+02 7.7456507317e-11
1.7901000000e+02 4.8809175943e-11
2.2536000000e+02 3.2858059179e-11
2.8371000000e+02 2.4629465283e-11
3.5717000000e+02 2.3368771170e-11
4.4965000000e+02 2.3521590438e-11
5.6608000000e+02 2.7113204884e-11
7.1265000000e+02 3.4950306442e-11
8.9716000000e+02 4.9622035708e-11
1.1294000000e+03 7.9048886218e-11
1.4219000000e+03 1.4495946975e-10
1.7901000000e+03 3.1917074382e-10
2.2536000000e+03 8.8675302607e-10
2.8371000000e+03 3.3726248060e-09
3.5717000000e+03 1.8812814796e-08
4.4965000000e+03 1.3463206212e-07
5.6608000000e+03 3.0973044340e-07
7.1265000000e+03 2.1246552933e-07
8.9717000000e+03 1.2837019028e-07
1.1294000000e+04 7.5260105786e-08
1.4219000000e+04 4.3111078979e-08
1.7901000000e+04 2.4323384305e-08
2.2536000000e+04 1.3554119167e-08
2.8371000000e+04 7.4760962818e-09
3.5717000000e+04 4.0891917841e-09
4.4965000000e+04 2.2215096161e-09
5.6608000000e+04 1.2002727467e-09
7.1264000000e+04 6.4561376506e-10
8.9716000000e+04 3.4603304772e-10
1.1294000000e+05 1.8491642072e-10
1.4219000000e+05 9.8612187942e-11
1.7901000000e+05 5.2483296732e-11
2.2536000000e+05 2.7893350703e-11
2.8371000000e+05 1.4807402118e-11
3.5717000000e+05 7.8532023440e-12
4.4965000000e+05 4.1621919525e-12
5.6608000000e+05 2.2044474563e-12
7.1264000000e+05 1.1670465605e-12
8.9716000000e+05 6.1761209861e-13
