# particle=n
# bin=05
# theta_mid_deg=63.256316
# mu_high=0.500000
# mu_low=0.400000
# delta_omega_sr=0.6283185307
# black_hole_mode=No
# energy_unit=MeV
# flux_unit=cm^-2 s^-1 MeV^-1 sr^-1
# Energy Flux
1.1294000000e-08 8.0867626742e+02
1.4219000000e-08 8.4242204874e+02
1.7901000000e-08 8.7293460892e+02
2.2536000000e-08 8.9866323981e+02
2.8371000000e-08 9.1780480969e+02
3.5717000000e-08 9.2839390987e+02
4.4965000000e-08 9.2847824571e+02
5.6608000000e-08 9.1638158217e+02
7.1265000000e-08 8.9102708937e+02
8.9717000000e-08 8.5224833480e+02
1.1295000000e-07 8.0146868755e+02
1.4219000000e-07 7.4070376071e+02
1.7901000000e-07 6.7242484887e+02
2.2536000000e-07 6.0006977460e+02
2.8371000000e-07 5.2704331580e+02
3.5717000000e-07 4.5631576448e+02
4.4965000000e-07 3.9015645349e+02
5.6608000000e-07 3.3003516269e+02
7.1264000000e-07 2.7669665937e+02
8.9717000000e-07 2.3027498568e+02
1.1294000000e-06 1.9051613758e+02
1.4219000000e-06 1.5685854029e+02
1.7901000000e-06 1.2866300565e+02
2.2536000000e-06 1.0522342181e+02
2.8371000000e-06 8.5853258090e+01
3.5717000000e-06 6.9920352193e+01
4.4965000000e-06 5.6862917892e+01
5.6608000000e-06 4.6191806035e+01
7.1264000000e-06 3.7491206214e+01
8.9716000000e-06 3.0408001844e+01
1.1294000000e-05 2.4650763558e+01
1.4219000000e-05 1.9973160506e+01
1.7901000000e-05 1.6178093828e+01
2.2536000000e-05 1.3100831382e+01
2.8371000000e-05 1.0606686798e+01
3.5717000000e-05 8.5859158779e+00
4.4965000000e-05 6.9492830901e+00
5.6607000000e-05 5.6241714251e+00
7.1264000000e-05 4.5514397605e+00
8.9717000000e-05 3.6831949980e+00
1.1295000000e-04 2.9805609845e+00
1.4219000000e-04 2.4122142618e+00
1.7901000000e-04 1.9522880179e+00
2.2536000000e-04 1.5802646022e+00
2.8371000000e-04 1.2793373907e+00
3.5717000000e-04 1.0359179198e+00
4.4965000000e-04 8.3902509684e-01
5.6607000000e-04 6.7976776539e-01
7.1265000000e-04 5.5092791566e-01
8.9716000000e-04 4.4671186185e-01
1.1295000000e-03 3.6237534549e-01
1.4219000000e-03 2.9415434848e-01
1.7901000000e-03 2.3892681382e-01
2.2536000000e-03 1.9422528531e-01
2.8371000000e-03 1.5803288375e-01
3.5717000000e-03 1.2872209238e-01
4.4965000000e-03 1.0497985232e-01
5.6607000000e-03 8.5744051250e-02
7.1265000000e-03 7.0152394445e-02
8.9717000000e-03 5.7512928878e-02
1.1294000000e-02 4.7268923689e-02
1.4219000000e-02 3.8963421565e-02
1.7901000000e-02 3.2231311723e-02
2.2536000000e-02 2.6768322443e-02
2.8371000000e-02 2.2328772363e-02
3.5717000000e-02 1.8714343827e-02
4.4965000000e-02 1.5764667296e-02
5.6607000000e-02 1.3349810580e-02
7.1264000000e-02 1.1364520903e-02
8.9717000000e-02 9.7242302511e-03
1.1294000000e-01 8.3614641310e-03
1.4219000000e-01 7.2206876193e-03
1.7901000000e-01 6.2588924145e-03
2.2536000000e-01 5.4405585619e-03
2.8371000000e-01 4.7367900220e-03
3.5717000000e-01 4.1240314832e-03
4.4965000000e-01 3.5831814455e-03
5.6608000000e-01 3.0989221016e-03
7.1264000000e-01 2.6595084316e-03
8.9717000000e-01 2.2563777916e-03
1.1294000000e+00 1.8845646188e-03
1.4219000000e+00 1.5419064151e-03
1.7901000000e+00 1.2297004791e-03
2.2536000000e+00 9.5122564554e-04
2.8371000000e+00 7.1081050901e-04
3.5717000000e+00 5.1228937432e-04
4.4965000000e+00 3.5732620878e-04
5.6607000000e+00 2.4404936614e-04
7.1265000000e+00 1.6674425010e-04
8.9717000000e+00 1.1706595503e-04
1.1295000000e+01 8.5963967748e-05
1.4219000000e+01 6.5792112278e-05
1.7901000000e+01 5.1536019566e-05
2.2536000000e+01 4.0673923351e-05
2.8371000000e+01 3.2124936321e-05
3.5717000000e+01 2.5358080239e-05
4.4965000000e+01 2.0003946976e-05
5.6607000000e+01 1.6048210255e-05
7.1265000000e+01 1.2820382352e-05
8.9716000000e+01 1.0113768146e-05
1.1294000000e+02 7.8051019142e-06
1.4219000000e+02 5.7852296968e-06
1.7901000000e+02 4.3160769839e-06
2.2536000000e+02 3.3654847467e-06
2.8371000000e+02 2.6458963686e-06
3.5717000000e+02 2.0738023615e-06
4.4965000000e+02 1.6366958121e-06
5.6608000000e+02 1.3074312775e-06
7.1265000000e+02 1.0484332708e-06
8.9716000000e+02 8.4355122923e-07
1.1294000000e+03 6.7786662235e-07
1.4219000000e+03 5.4599713778e-07
1.7901000000e+03 4.3969815790e-07
2.2536000000e+03 3.5227427903e-07
2.8371000000e+03 2.8004071480e-07
3.5717000000e+03 2.2034762472e-07
4.4965000000e+03 1.7136368093e-07
5.6608000000e+03 1.3166356885e-07
7.1265000000e+03 9.9983684820e-08
8.9717000000e+03 7.5112959609e-08
1.1294000000e+04 5.5363003552e-08
1.4219000000e+04 4.0221010522e-08
1.7901000000e+04 2.9105898696e-08
2.2536000000e+04 2.0992930726e-08
2.8371000000e+04 1.5099799680e-08
3.5717000000e+04 1.0836546711e-08
4.4965000000e+04 7.7629502315e-09
5.6608000000e+04 5.5530577323e-09
7.1264000000e+04 3.9678949173e-09
8.9716000000e+04 2.8326459643e-09
1.1294000000e+05 2.0209656165e-09
1.4219000000e+05 1.4409033270e-09
1.7901000000e+05 1.0269736118e-09
2.2536000000e+05 7.3176369374e-10
2.8371000000e+05 5.2130865018e-10
3.5717000000e+05 3.7132426135e-10
4.4965000000e+05 2.6446783246e-10
5.6608000000e+05 1.8834948662e-10
7.1264000000e+05 1.3414137541e-10
8.9716000000e+05 9.5532559910e-11
