# particle=eplus
# bin=17
# theta_mid_deg=138.590378
# mu_high=-0.700000
# mu_low=-0.800000
# delta_omega_sr=0.6283185307
# black_hole_mode=No
# energy_unit=MeV
# flux_unit=cm^-2 s^-1 MeV^-1 sr^-1
# Energy Flux
1.1294000000e-02 2.8037238646e-05
1.4219000000e-02 3.3252633262e-05
1.7901000000e-02 3.9399229840e-05
2.2536000000e-02 4.6622496442e-05
2.8371000000e-02 5.5079399759e-05
3.5717000000e-02 6.4932114076e-05
4.4965000000e-02 7.6336791577e-05
5.6607000000e-02 8.9427130258e-05
7.1264000000e-02 1.0429124962e-04
8.9717000000e-02 1.2093481484e-04
1.1294000000e-01 1.3963056149e-04
1.4219000000e-01 1.6038828678e-04
1.7901000000e-01 1.8275201388e-04
2.2536000000e-01 2.0609684544e-04
2.8371000000e-01 2.2653310721e-04
3.5717000000e-01 2.4584921652e-04
4.4965000000e-01 2.6346336929e-04
5.6608000000e-01 2.7647082843e-04
7.1264000000e-01 2.8349024151e-04
8.9717000000e-01 2.8350522632e-04
1.1294000000e+00 2.7696398085e-04
1.4219000000e+00 2.6606819203e-04
1.7901000000e+00 2.5197606557e-04
2.2536000000e+00 2.3518564412e-04
2.8371000000e+00 2.1629344587e-04
3.5717000000e+00 1.9576070313e-04
4.4965000000e+00 1.7473836840e-04
5.6607000000e+00 1.5509856358e-04
7.1265000000e+00 1.3786067559e-04
8.9717000000e+00 1.2277602642e-04
1.1295000000e+01 1.0884626546e-04
1.4219000000e+01 9.5312037669e-05
1.7901000000e+01 8.1964156660e-05
2.2536000000e+01 6.8770902330e-05
2.8371000000e+01 5.6095570765e-05
3.5717000000e+01 4.4457611450e-05
4.4965000000e+01 3.4230376898e-05
5.6607000000e+01 2.5705591526e-05
7.1265000000e+01 1.8789344357e-05
8.9716000000e+01 1.3295957701e-05
1.1294000000e+02 9.0559582469e-06
1.4219000000e+02 5.8972487688e-06
1.7901000000e+02 3.6452450879e-06
2.2536000000e+02 2.1380598197e-06
2.8371000000e+02 1.2287698785e-06
3.5717000000e+02 7.3476762983e-07
4.4965000000e+02 4.2803282287e-07
5.6608000000e+02 2.4293732031e-07
7.1265000000e+02 1.3457486034e-07
8.9716000000e+02 7.3085988125e-08
1.1294000000e+03 3.9202981755e-08
1.4219000000e+03 2.0953386594e-08
1.7901000000e+03 1.1270203194e-08
2.2536000000e+03 6.1511365835e-09
2.8371000000e+03 3.4269889772e-09
3.5717000000e+03 1.9550495891e-09
4.4965000000e+03 1.1411623093e-09
5.6608000000e+03 6.7916760531e-10
7.1265000000e+03 4.1126629856e-10
8.9717000000e+03 2.5279407454e-10
1.1294000000e+04 1.6074652448e-10
1.4219000000e+04 1.0446065722e-10
1.7901000000e+04 6.7883190554e-11
2.2536000000e+04 4.4113272190e-11
2.8371000000e+04 2.8665931596e-11
3.5717000000e+04 1.8627236563e-11
4.4965000000e+04 1.2103894939e-11
5.6608000000e+04 7.8648441638e-12
7.1264000000e+04 5.1105985166e-12
8.9716000000e+04 3.3207570262e-12
1.1294000000e+05 2.1579502801e-12
1.4219000000e+05 1.4020489697e-12
1.7901000000e+05 9.1097900073e-13
2.2536000000e+05 5.9192834655e-13
2.8371000000e+05 3.8462069866e-13
3.5717000000e+05 2.4991428898e-13
4.4965000000e+05 1.6238674867e-13
5.6608000000e+05 1.0551232126e-13
7.1264000000e+05 6.8560805566e-14
8.9716000000e+05 4.4548679793e-14
