# particle=muplus
# bin=11
# theta_mid_deg=98.626927
# mu_high=-0.100000
# mu_low=-0.200000
# delta_omega_sr=0.6283185307
# black_hole_mode=No
# energy_unit=MeV
# flux_unit=cm^-2 s^-1 MeV^-1 sr^-1
# Energy Flux
1.1294000000e-02 2.1498131079e-10
1.4219000000e-02 2.5003172053e-10
1.7901000000e-02 2.9084864244e-10
2.2536000000e-02 3.3839962389e-10
2.8371000000e-02 3.9382288918e-10
3.5717000000e-02 4.5845701909e-10
4.4965000000e-02 5.3387510669e-10
5.6607000000e-02 6.2193483038e-10
7.1264000000e-02 7.2484980296e-10
8.9717000000e-02 8.4524638496e-10
1.1294000000e-01 9.8620738796e-10
1.4219000000e-01 1.1516138016e-09
1.7901000000e-01 1.3459201631e-09
2.2536000000e-01 1.5746434154e-09
2.8371000000e-01 1.8445435008e-09
3.5717000000e-01 2.1639531883e-09
4.4965000000e-01 2.5432065441e-09
5.6608000000e-01 2.9952909384e-09
7.1264000000e-01 3.5365310343e-09
8.9717000000e-01 4.1879679800e-09
1.1294000000e+00 4.9761496741e-09
1.4219000000e+00 5.9365133714e-09
1.7901000000e+00 7.1137691851e-09
2.2536000000e+00 8.5668181765e-09
2.8371000000e+00 1.0372501752e-08
3.5717000000e+00 1.2630613258e-08
4.4965000000e+00 1.5469544420e-08
5.6607000000e+00 1.9052388068e-08
7.1265000000e+00 2.3582949338e-08
8.9717000000e+00 2.9305755796e-08
1.1295000000e+01 3.6351955676e-08
1.4219000000e+01 4.4970884943e-08
1.7901000000e+01 5.5628428633e-08
2.2536000000e+01 6.8614683631e-08
2.8371000000e+01 8.4136191621e-08
3.5717000000e+01 1.0228802697e-07
4.4965000000e+01 1.2351498708e-07
5.6607000000e+01 1.4677295614e-07
7.1265000000e+01 1.7018826871e-07
8.9716000000e+01 1.9082122062e-07
1.1294000000e+02 2.1095328259e-07
1.4219000000e+02 2.3064997548e-07
1.7901000000e+02 2.4295506072e-07
2.2536000000e+02 2.4460056077e-07
2.8371000000e+02 2.3543314747e-07
3.5717000000e+02 2.1691563053e-07
4.4965000000e+02 1.8841221441e-07
5.6608000000e+02 1.5064614776e-07
7.1265000000e+02 1.2268033326e-07
8.9716000000e+02 9.7555573850e-08
1.1294000000e+03 7.2637730912e-08
1.4219000000e+03 4.9240760688e-08
1.7901000000e+03 3.2845357709e-08
2.2536000000e+03 2.1205333520e-08
2.8371000000e+03 1.2572257799e-08
3.5717000000e+03 7.0155473223e-09
4.4965000000e+03 3.8330797749e-09
5.6608000000e+03 2.0603893366e-09
7.1265000000e+03 8.6063973236e-10
8.9717000000e+03 4.0290930078e-10
1.1294000000e+04 2.7256404694e-10
1.4219000000e+04 1.8304045070e-10
1.7901000000e+04 1.2109274386e-10
2.2536000000e+04 8.3574796032e-11
2.8371000000e+04 5.6461477048e-11
3.5717000000e+04 3.7146764349e-11
4.4965000000e+04 2.3854274956e-11
5.6608000000e+04 1.5047822517e-11
7.1264000000e+04 9.8617356603e-12
8.9716000000e+04 7.4955032769e-12
1.1294000000e+05 4.7535267122e-12
1.4219000000e+05 2.6015545756e-12
1.7901000000e+05 1.4212898408e-12
2.2536000000e+05 7.7540452563e-13
2.8371000000e+05 4.2256052396e-13
3.5717000000e+05 2.1422484791e-13
4.4965000000e+05 1.0634140654e-13
5.6608000000e+05 5.2754228178e-14
7.1264000000e+05 2.6159996102e-14
8.9716000000e+05 1.2966852380e-14
