# particle=p
# bin=12
# theta_mid_deg=104.477512
# mu_high=-0.200000
# mu_low=-0.300000
# delta_omega_sr=0.6283185307
# black_hole_mode=No
# energy_unit=MeV
# flux_unit=cm^-2 s^-1 MeV^-1 sr^-1
# Energy Flux
1.1294000000e-02 1.5834094542e-06
1.4219000000e-02 1.4877385067e-06
1.7901000000e-02 1.3991638828e-06
2.2536000000e-02 1.3176530672e-06
2.8371000000e-02 1.2433120018e-06
3.5717000000e-02 1.1764226788e-06
4.4965000000e-02 1.1174870044e-06
5.6607000000e-02 1.0672725318e-06
7.1264000000e-02 1.0268705836e-06
8.9717000000e-02 9.9778031718e-07
1.1294000000e-01 9.8198601092e-07
1.4219000000e-01 9.8201930601e-07
1.7901000000e-01 1.0010580673e-06
2.2536000000e-01 1.0429294263e-06
2.8371000000e-01 1.1121022425e-06
3.5717000000e-01 1.2135650498e-06
4.4965000000e-01 1.3525614602e-06
5.6608000000e-01 1.5341913783e-06
7.1264000000e-01 1.7627893189e-06
8.9717000000e-01 2.0413705178e-06
1.1294000000e+00 2.3704672696e-06
1.4219000000e+00 2.7501175862e-06
1.7901000000e+00 3.1775274965e-06
2.2536000000e+00 3.6478362196e-06
2.8371000000e+00 4.1558881959e-06
3.5717000000e+00 4.7017164650e-06
4.4965000000e+00 5.2955375036e-06
5.6607000000e+00 5.9116220794e-06
7.1265000000e+00 6.5294879911e-06
8.9717000000e+00 7.1590083016e-06
1.1295000000e+01 7.8025000793e-06
1.4219000000e+01 8.4319891732e-06
1.7901000000e+01 9.0428646739e-06
2.2536000000e+01 9.6823613727e-06
2.8371000000e+01 1.0292691286e-05
3.5717000000e+01 1.0864145966e-05
4.4965000000e+01 1.1342537828e-05
5.6607000000e+01 1.1635237363e-05
7.1265000000e+01 1.1651396166e-05
8.9716000000e+01 1.1326218776e-05
1.1294000000e+02 1.0632752774e-05
1.4219000000e+02 9.5909333614e-06
1.7901000000e+02 8.2729077568e-06
2.2536000000e+02 6.7861123297e-06
2.8371000000e+02 5.3117123325e-06
3.5717000000e+02 4.0064211454e-06
4.4965000000e+02 2.9500865224e-06
5.6608000000e+02 2.0969891778e-06
7.1265000000e+02 1.4168657394e-06
8.9716000000e+02 9.0565283678e-07
1.1294000000e+03 5.6633368099e-07
1.4219000000e+03 3.5571625223e-07
1.7901000000e+03 2.2155411551e-07
2.2536000000e+03 1.3534935639e-07
2.8371000000e+03 8.0365541992e-08
3.5717000000e+03 4.6218436880e-08
4.4965000000e+03 2.6231575652e-08
5.6608000000e+03 1.5310191899e-08
7.1265000000e+03 1.0959687607e-08
8.9717000000e+03 1.3882621644e-08
1.1294000000e+04 2.8242259694e-08
1.4219000000e+04 2.7849466823e-08
1.7901000000e+04 1.6845457511e-08
2.2536000000e+04 9.6728482838e-09
2.8371000000e+04 5.4751603037e-09
3.5717000000e+04 3.0627439664e-09
4.4965000000e+04 1.6966323486e-09
5.6608000000e+04 9.3245128097e-10
7.1264000000e+04 5.0916841807e-10
8.9716000000e+04 2.7659672322e-10
1.1294000000e+05 1.4961650266e-10
1.4219000000e+05 8.0677208839e-11
1.7901000000e+05 4.3380258484e-11
2.2536000000e+05 2.3277065994e-11
2.8371000000e+05 1.2468891369e-11
3.5717000000e+05 6.6700570704e-12
4.4965000000e+05 3.5644170466e-12
5.6608000000e+05 1.9029656616e-12
7.1264000000e+05 1.0152871612e-12
8.9716000000e+05 5.4139008161e-13
