# particle=n
# bin=07
# theta_mid_deg=75.522488
# mu_high=0.300000
# mu_low=0.200000
# delta_omega_sr=0.6283185307
# black_hole_mode=No
# energy_unit=MeV
# flux_unit=cm^-2 s^-1 MeV^-1 sr^-1
# Energy Flux
1.1294000000e-08 8.8838939060e+02
1.4219000000e-08 9.2546157302e+02
1.7901000000e-08 9.5898182808e+02
2.2536000000e-08 9.8724659068e+02
2.8371000000e-08 1.0082749902e+03
3.5717000000e-08 1.0199078829e+03
4.4965000000e-08 1.0200005319e+03
5.6608000000e-08 1.0067114718e+03
7.1265000000e-08 9.7885772691e+02
8.9717000000e-08 9.3625645923e+02
1.1295000000e-07 8.8065503894e+02
1.4219000000e-07 8.1421340584e+02
1.7901000000e-07 7.3946147364e+02
2.2536000000e-07 6.6016818700e+02
2.8371000000e-07 5.8007270909e+02
3.5717000000e-07 5.0244251729e+02
4.4965000000e-07 4.2977904355e+02
5.6608000000e-07 3.6370745547e+02
7.1264000000e-07 3.0505684242e+02
8.9717000000e-07 2.5398451686e+02
1.1294000000e-06 2.1022001552e+02
1.4219000000e-06 1.7315309936e+02
1.7901000000e-06 1.4208665164e+02
2.2536000000e-06 1.1624844708e+02
2.8371000000e-06 9.4886515730e+01
3.5717000000e-06 7.7307648403e+01
4.4965000000e-06 6.2895239745e+01
5.6608000000e-06 5.1111973638e+01
7.1264000000e-06 4.1500778385e+01
8.9716000000e-06 3.3673232365e+01
1.1294000000e-05 2.7308592183e+01
1.4219000000e-05 2.2135576516e+01
1.7901000000e-05 1.7937034136e+01
2.2536000000e-05 1.4531374349e+01
2.8371000000e-05 1.1770059511e+01
3.5717000000e-05 9.5320080055e+00
4.4965000000e-05 7.7187266454e+00
5.6607000000e-05 6.2500344243e+00
7.1264000000e-05 5.0606059078e+00
8.9717000000e-05 4.0975221768e+00
1.1295000000e-04 3.3178132886e+00
1.4219000000e-04 2.6868472407e+00
1.7901000000e-04 2.1760140661e+00
2.2536000000e-04 1.7626150012e+00
2.8371000000e-04 1.4280503526e+00
3.5717000000e-04 1.1572773206e+00
4.4965000000e-04 9.3813579289e-01
5.6607000000e-04 7.6077679749e-01
7.1265000000e-04 6.1720193856e-01
8.9716000000e-04 5.0098918750e-01
1.1295000000e-03 4.0687749962e-01
1.4219000000e-03 3.3069175834e-01
1.7901000000e-03 2.6896702249e-01
2.2536000000e-03 2.1896409996e-01
2.8371000000e-03 1.7844289064e-01
3.5717000000e-03 1.4559495810e-01
4.4965000000e-03 1.1896061592e-01
5.6607000000e-03 9.7358542884e-02
7.1265000000e-03 7.9829086098e-02
8.9717000000e-03 6.5601885279e-02
1.1294000000e-02 5.4057274962e-02
1.4219000000e-02 4.4686451042e-02
1.7901000000e-02 3.7082174054e-02
2.2536000000e-02 3.0904497477e-02
2.8371000000e-02 2.5878781591e-02
3.5717000000e-02 2.1783144596e-02
4.4965000000e-02 1.8437892409e-02
5.6607000000e-02 1.5697096060e-02
7.1264000000e-02 1.3442141007e-02
8.9717000000e-02 1.1577281459e-02
1.1294000000e-01 1.0025688724e-02
1.4219000000e-01 8.7237687072e-03
1.7901000000e-01 7.6220554665e-03
2.2536000000e-01 6.6796801306e-03
2.8371000000e-01 5.8635098980e-03
3.5717000000e-01 5.1467055134e-03
4.4965000000e-01 4.5076526272e-03
5.6608000000e-01 3.9291150702e-03
7.1264000000e-01 3.3979555030e-03
8.9717000000e-01 2.9046942563e-03
1.1294000000e+00 2.4441038833e-03
1.4219000000e+00 2.0143627175e-03
1.7901000000e+00 1.6180199737e-03
2.2536000000e+00 1.2602869539e-03
2.8371000000e+00 9.4792670908e-04
3.5717000000e+00 6.8725745601e-04
4.4965000000e+00 4.8184787034e-04
5.6607000000e+00 3.3051750580e-04
7.1265000000e+00 2.2667639642e-04
8.9717000000e+00 1.5973521062e-04
1.1295000000e+01 1.1775436157e-04
1.4219000000e+01 9.0497806755e-05
1.7901000000e+01 7.1218906416e-05
2.2536000000e+01 5.6529420602e-05
2.8371000000e+01 4.4992098681e-05
3.5717000000e+01 3.5903273365e-05
4.4965000000e+01 2.8670445592e-05
5.6607000000e+01 2.3077829094e-05
7.1265000000e+01 1.8544339722e-05
8.9716000000e+01 1.4732492069e-05
1.1294000000e+02 1.1443505614e-05
1.4219000000e+02 8.5176142526e-06
1.7901000000e+02 6.2306421899e-06
2.2536000000e+02 4.7117994833e-06
2.8371000000e+02 3.6387544260e-06
3.5717000000e+02 2.8378420461e-06
4.4965000000e+02 2.2502881453e-06
5.6608000000e+02 1.8165796510e-06
7.1265000000e+02 1.4731856039e-06
8.9716000000e+02 1.1939083866e-06
1.1294000000e+03 9.6021996558e-07
1.4219000000e+03 7.6976592712e-07
1.7901000000e+03 6.1528886177e-07
2.2536000000e+03 4.8911394226e-07
2.8371000000e+03 3.8616818479e-07
3.5717000000e+03 3.0224341521e-07
4.4965000000e+03 2.3417729568e-07
5.6608000000e+03 1.7947938973e-07
7.1265000000e+03 1.3606036829e-07
8.9717000000e+03 1.0206156491e-07
1.1294000000e+04 7.5131672888e-08
1.4219000000e+04 5.4582873252e-08
1.7901000000e+04 3.9498847960e-08
2.2536000000e+04 2.8488952966e-08
2.8371000000e+04 2.0491540152e-08
3.5717000000e+04 1.4705991917e-08
4.4965000000e+04 1.0534895147e-08
5.6608000000e+04 7.5359082834e-09
7.1264000000e+04 5.3847256083e-09
8.9716000000e+04 3.8441091765e-09
1.1294000000e+05 2.7425991705e-09
1.4219000000e+05 1.9554119264e-09
1.7901000000e+05 1.3936788201e-09
2.2536000000e+05 9.9305722128e-10
2.8371000000e+05 7.0745422874e-10
3.5717000000e+05 5.0391436788e-10
4.4965000000e+05 3.5890232471e-10
5.6608000000e+05 2.5560412386e-10
7.1264000000e+05 1.8203972493e-10
8.9716000000e+05 1.2964471905e-10
