# particle=muplus
# bin=13
# theta_mid_deg=110.487315
# mu_high=-0.300000
# mu_low=-0.400000
# delta_omega_sr=0.6283185307
# black_hole_mode=No
# energy_unit=MeV
# flux_unit=cm^-2 s^-1 MeV^-1 sr^-1
# Energy Flux
1.1294000000e-02 2.1615166372e-10
1.4219000000e-02 2.5139288703e-10
1.7901000000e-02 2.9243201525e-10
2.2536000000e-02 3.4024186307e-10
2.8371000000e-02 3.9596685125e-10
3.5717000000e-02 4.6095284775e-10
4.4965000000e-02 5.3678150956e-10
5.6607000000e-02 6.2532062821e-10
7.1264000000e-02 7.2879586735e-10
8.9717000000e-02 8.4984788537e-10
1.1294000000e-01 9.9157627658e-10
1.4219000000e-01 1.1578831586e-09
1.7901000000e-01 1.3532473192e-09
2.2536000000e-01 1.5832157352e-09
2.8371000000e-01 1.8545851499e-09
3.5717000000e-01 2.1757336959e-09
4.4965000000e-01 2.5570516976e-09
5.6608000000e-01 3.0115972282e-09
7.1264000000e-01 3.5557838217e-09
8.9717000000e-01 4.2107671741e-09
1.1294000000e+00 5.0032397098e-09
1.4219000000e+00 5.9688316033e-09
1.7901000000e+00 7.1524963685e-09
2.2536000000e+00 8.6134557227e-09
2.8371000000e+00 1.0428969395e-08
3.5717000000e+00 1.2699374004e-08
4.4965000000e+00 1.5553760237e-08
5.6607000000e+00 1.9156108797e-08
7.1265000000e+00 2.3711334331e-08
8.9717000000e+00 2.9465295606e-08
1.1295000000e+01 3.6495017414e-08
1.4219000000e+01 4.5006485580e-08
1.7901000000e+01 5.5473418805e-08
2.2536000000e+01 6.8131018658e-08
2.8371000000e+01 8.3103303239e-08
3.5717000000e+01 1.0031169169e-07
4.4965000000e+01 1.1964508261e-07
5.6607000000e+01 1.3958070853e-07
7.1265000000e+01 1.5707490122e-07
8.9716000000e+01 1.6989947216e-07
1.1294000000e+02 1.8129523746e-07
1.4219000000e+02 1.9121310234e-07
1.7901000000e+02 1.9357855530e-07
2.2536000000e+02 1.8643511006e-07
2.8371000000e+02 1.7124274319e-07
3.5717000000e+02 1.5050748651e-07
4.4965000000e+02 1.2490374854e-07
5.6608000000e+02 9.6149462692e-08
7.1265000000e+02 7.6775750037e-08
8.9716000000e+02 6.0379919511e-08
1.1294000000e+03 4.4539799583e-08
1.4219000000e+03 2.9976081415e-08
1.7901000000e+03 1.9897269629e-08
2.2536000000e+03 1.2813327765e-08
2.8371000000e+03 7.6004232371e-09
3.5717000000e+03 4.2574990855e-09
4.4965000000e+03 2.3436913867e-09
5.6608000000e+03 1.2805516612e-09
7.1265000000e+03 5.4413268780e-10
8.9717000000e+03 2.5904682262e-10
1.1294000000e+04 1.8111900228e-10
1.4219000000e+04 1.1886084502e-10
1.7901000000e+04 7.4980060815e-11
2.2536000000e+04 5.0963482549e-11
2.8371000000e+04 3.4008988095e-11
3.5717000000e+04 2.2168041036e-11
4.4965000000e+04 1.4139203208e-11
5.6608000000e+04 8.8756065767e-12
7.1264000000e+04 6.0330338198e-12
8.9716000000e+04 5.2657634348e-12
1.1294000000e+05 3.5213514836e-12
1.4219000000e+05 1.9271981876e-12
1.7901000000e+05 1.0528732440e-12
2.2536000000e+05 5.7440970506e-13
2.8371000000e+05 3.1302740430e-13
3.5717000000e+05 1.5869501355e-13
4.4965000000e+05 7.8776346989e-14
5.6608000000e+05 3.9079654098e-14
7.1264000000e+05 1.9378988835e-14
8.9716000000e+05 9.6056775589e-15
