# particle=p
# bin=00
# theta_mid_deg=18.194872
# mu_high=1.000000
# mu_low=0.900000
# delta_omega_sr=0.6283185307
# black_hole_mode=No
# energy_unit=MeV
# flux_unit=cm^-2 s^-1 MeV^-1 sr^-1
# Energy Flux
1.1294000000e-02 1.1112932548e-06
1.4219000000e-02 1.0441479701e-06
1.7901000000e-02 9.8198313853e-07
2.2536000000e-02 9.2477593964e-07
2.8371000000e-02 8.7260072723e-07
3.5717000000e-02 8.2565541360e-07
4.4965000000e-02 7.8429225431e-07
5.6607000000e-02 7.4904994566e-07
7.1264000000e-02 7.2069441678e-07
8.9717000000e-02 7.0027782981e-07
1.1294000000e-01 6.8919282210e-07
1.4219000000e-01 6.8921618979e-07
1.7901000000e-01 7.0257827181e-07
2.2536000000e-01 7.3196508562e-07
2.8371000000e-01 7.8051303632e-07
3.5717000000e-01 8.5172325487e-07
4.4965000000e-01 9.4927589546e-07
5.6608000000e-01 1.0767502529e-06
7.1264000000e-01 1.2371884446e-06
8.9717000000e-01 1.4327066704e-06
1.1294000000e+00 1.6631621967e-06
1.4219000000e+00 1.9259744316e-06
1.7901000000e+00 2.2165821466e-06
2.2536000000e+00 2.5278602377e-06
2.8371000000e+00 2.8507730008e-06
3.5717000000e+00 3.1761324481e-06
4.4965000000e+00 3.4990502525e-06
5.6607000000e+00 3.8016770315e-06
7.1265000000e+00 4.0613605609e-06
8.9717000000e+00 4.2679515957e-06
1.1295000000e+01 4.4112598519e-06
1.4219000000e+01 4.4792903057e-06
1.7901000000e+01 4.4601698581e-06
2.2536000000e+01 4.3628276320e-06
2.8371000000e+01 4.1974748245e-06
3.5717000000e+01 3.9563498518e-06
4.4965000000e+01 3.6575607251e-06
5.6607000000e+01 3.3202169885e-06
7.1265000000e+01 2.9570649566e-06
8.9716000000e+01 2.5766897210e-06
1.1294000000e+02 2.1885390866e-06
1.4219000000e+02 1.8091268894e-06
1.7901000000e+02 1.4735749742e-06
2.2536000000e+02 1.2201321244e-06
2.8371000000e+02 1.0394397202e-06
3.5717000000e+02 8.6775666815e-07
4.4965000000e+02 6.4993695639e-07
5.6608000000e+02 4.8048350758e-07
7.1265000000e+02 5.4147893802e-07
8.9716000000e+02 5.6792587366e-07
1.1294000000e+03 4.8535612414e-07
1.4219000000e+03 3.8159024649e-07
1.7901000000e+03 2.8854450488e-07
2.2536000000e+03 2.1286972465e-07
2.8371000000e+03 1.5485360154e-07
3.5717000000e+03 1.1239241218e-07
4.4965000000e+03 8.2698760835e-08
5.6608000000e+03 6.4933058165e-08
7.1265000000e+03 6.6014205534e-08
8.9717000000e+03 1.2563590513e-07
1.1294000000e+04 3.1692698281e-07
1.4219000000e+04 3.1251916768e-07
1.7901000000e+04 1.8903515799e-07
2.2536000000e+04 1.0854608147e-07
2.8371000000e+04 6.1440764806e-08
3.5717000000e+04 3.4369282590e-08
4.4965000000e+04 1.9039148319e-08
5.6608000000e+04 1.0463715521e-08
7.1264000000e+04 5.7137499701e-09
8.9716000000e+04 3.1038934524e-09
1.1294000000e+05 1.6789558371e-09
1.4219000000e+05 9.0533776887e-10
1.7901000000e+05 4.8680150186e-10
2.2536000000e+05 2.6120892500e-10
2.8371000000e+05 1.3992251907e-10
3.5717000000e+05 7.4849572428e-11
4.4965000000e+05 3.9998921910e-11
5.6608000000e+05 2.1354564828e-11
7.1264000000e+05 1.1393277315e-11
8.9716000000e+05 6.0753327441e-12
