# particle=muminus
# bin=02
# theta_mid_deg=41.409622
# mu_high=0.800000
# mu_low=0.700000
# delta_omega_sr=0.6283185307
# black_hole_mode=No
# energy_unit=MeV
# flux_unit=cm^-2 s^-1 MeV^-1 sr^-1
# Energy Flux
1.1294000000e-02 3.2393502772e-11
1.4219000000e-02 3.8994968788e-11
1.7901000000e-02 4.6960915270e-11
2.2536000000e-02 5.6579854203e-11
2.8371000000e-02 6.8203934205e-11
3.5717000000e-02 8.2263197678e-11
4.4965000000e-02 9.9282866560e-11
5.6607000000e-02 1.1990680716e-10
7.1264000000e-02 1.4492965769e-10
8.9717000000e-02 1.7533002803e-10
1.1294000000e-01 2.1230438882e-10
1.4219000000e-01 2.5738697382e-10
1.7901000000e-01 3.1242838777e-10
2.2536000000e-01 3.7977334296e-10
2.8371000000e-01 4.6237321900e-10
3.5717000000e-01 5.6395563602e-10
4.4965000000e-01 6.8924233482e-10
5.6608000000e-01 8.4426081329e-10
7.1264000000e-01 1.0366893685e-09
8.9717000000e-01 1.2764698170e-09
1.1294000000e+00 1.5762270491e-09
1.4219000000e+00 1.9526750569e-09
1.7901000000e+00 2.4268820978e-09
2.2536000000e+00 3.0262505232e-09
2.8371000000e+00 3.7860178146e-09
3.5717000000e+00 4.7511462399e-09
4.4965000000e+00 5.9782952297e-09
5.6607000000e+00 7.5377405626e-09
7.1265000000e+00 9.5149671752e-09
8.9717000000e+00 1.2009363736e-08
1.1295000000e+01 1.5409412621e-08
1.4219000000e+01 2.0007835237e-08
1.7901000000e+01 2.5761199838e-08
2.2536000000e+01 3.2888141186e-08
2.8371000000e+01 4.1583312833e-08
3.5717000000e+01 5.1991619456e-08
4.4965000000e+01 6.4108606056e-08
5.6607000000e+01 7.8373595979e-08
7.1265000000e+01 9.5439429567e-08
8.9716000000e+01 1.1510913269e-07
1.1294000000e+02 1.3853265972e-07
1.4219000000e+02 1.6433390102e-07
1.7901000000e+02 1.8935101798e-07
2.2536000000e+02 2.1250348961e-07
2.8371000000e+02 2.3154295041e-07
3.5717000000e+02 2.4438041349e-07
4.4965000000e+02 2.5063520292e-07
5.6608000000e+02 2.4940245554e-07
7.1265000000e+02 2.3404252263e-07
8.9716000000e+02 2.1070665655e-07
1.1294000000e+03 1.8269145623e-07
1.4219000000e+03 1.4880154610e-07
1.7901000000e+03 1.1262948014e-07
2.2536000000e+03 8.2915754061e-08
2.8371000000e+03 5.9476795664e-08
3.5717000000e+03 4.1138660556e-08
4.4965000000e+03 2.7328963110e-08
5.6608000000e+03 1.7413689650e-08
7.1265000000e+03 1.0752590140e-08
8.9717000000e+03 6.3882380806e-09
1.1294000000e+04 3.6663648447e-09
1.4219000000e+04 2.0683397159e-09
1.7901000000e+04 1.1540256697e-09
2.2536000000e+04 6.3717113676e-10
2.8371000000e+04 3.4993114033e-10
3.5717000000e+04 1.9140102057e-10
4.4965000000e+04 1.0431979712e-10
5.6608000000e+04 5.6701101753e-11
7.1264000000e+04 3.0568418734e-11
8.9716000000e+04 1.5934559987e-11
1.1294000000e+05 8.4651326694e-12
1.4219000000e+05 4.6297974821e-12
1.7901000000e+05 2.5279734290e-12
2.2536000000e+05 1.3785431590e-12
2.8371000000e+05 7.5096132220e-13
3.5717000000e+05 3.8065626127e-13
4.4965000000e+05 1.8890412019e-13
5.6608000000e+05 9.3690198648e-14
7.1264000000e+05 4.6450516708e-14
8.9716000000e+05 2.3020691152e-14
