# particle=muplus
# bin=03
# theta_mid_deg=49.458398
# mu_high=0.700000
# mu_low=0.600000
# delta_omega_sr=0.6283185307
# black_hole_mode=No
# energy_unit=MeV
# flux_unit=cm^-2 s^-1 MeV^-1 sr^-1
# Energy Flux
1.1294000000e-02 9.1480109752e-11
1.4219000000e-02 1.0639496593e-10
1.7901000000e-02 1.2376362222e-10
2.2536000000e-02 1.4399779507e-10
2.8371000000e-02 1.6758182836e-10
3.5717000000e-02 1.9508532286e-10
4.4965000000e-02 2.2717767035e-10
5.6607000000e-02 2.6464936107e-10
7.1264000000e-02 3.0844234453e-10
8.9717000000e-02 3.5967420508e-10
1.1294000000e-01 4.1965675881e-10
1.4219000000e-01 4.9004146720e-10
1.7901000000e-01 5.7272385116e-10
2.2536000000e-01 6.7005151255e-10
2.8371000000e-01 7.8490098174e-10
3.5717000000e-01 9.2081806758e-10
4.4965000000e-01 1.0822001825e-09
5.6608000000e-01 1.2745737887e-09
7.1264000000e-01 1.5048854525e-09
8.9717000000e-01 1.7820887269e-09
1.1294000000e+00 2.1174804297e-09
1.4219000000e+00 2.5261400295e-09
1.7901000000e+00 3.0270928362e-09
2.2536000000e+00 3.6454027755e-09
2.8371000000e+00 4.4137678535e-09
3.5717000000e+00 5.3746527215e-09
4.4965000000e+00 6.5826913798e-09
5.6607000000e+00 8.1072840476e-09
7.1265000000e+00 1.0035155083e-08
8.9717000000e+00 1.2470357292e-08
1.1295000000e+01 1.5790532996e-08
1.4219000000e+01 2.0273068512e-08
1.7901000000e+01 2.5890790260e-08
2.2536000000e+01 3.2854422018e-08
2.8371000000e+01 4.1349153255e-08
3.5717000000e+01 5.1517514429e-08
4.4965000000e+01 6.3354458483e-08
5.6607000000e+01 7.7345020570e-08
7.1265000000e+01 9.4292644693e-08
8.9716000000e+01 1.1427626024e-07
1.1294000000e+02 1.3856881181e-07
1.4219000000e+02 1.6600926479e-07
1.7901000000e+02 1.9363832665e-07
2.2536000000e+02 2.2013522283e-07
2.8371000000e+02 2.4280408107e-07
3.5717000000e+02 2.5907113405e-07
4.4965000000e+02 2.6838996078e-07
5.6608000000e+02 2.6969660275e-07
7.1265000000e+02 2.5500494102e-07
8.9716000000e+02 2.3127056145e-07
1.1294000000e+03 2.0229960127e-07
1.4219000000e+03 1.6789559036e-07
1.7901000000e+03 1.3132991960e-07
2.2536000000e+03 9.9243862675e-08
2.8371000000e+03 7.2778992638e-08
3.5717000000e+03 5.1417659601e-08
4.4965000000e+03 3.4878547191e-08
5.6608000000e+03 2.2696802797e-08
7.1265000000e+03 1.4327850159e-08
8.9717000000e+03 8.7110877780e-09
1.1294000000e+04 5.1164175702e-09
1.4219000000e+04 2.9498309217e-09
1.7901000000e+04 1.6773793288e-09
2.2536000000e+04 9.4037009468e-10
2.8371000000e+04 5.2228295808e-10
3.5717000000e+04 2.8778991634e-10
4.4965000000e+04 1.5746346958e-10
5.6608000000e+04 8.5642105780e-11
7.1264000000e+04 4.6065329680e-11
8.9716000000e+04 2.3900969971e-11
1.1294000000e+05 1.2674045619e-11
1.4219000000e+05 6.9363702713e-12
1.7901000000e+05 3.7895005900e-12
2.2536000000e+05 2.0674149796e-12
2.8371000000e+05 1.1266479988e-12
3.5717000000e+05 5.7117497375e-13
4.4965000000e+05 2.8353176900e-13
5.6608000000e+05 1.4065546172e-13
7.1264000000e+05 6.9748842081e-14
8.9716000000e+05 3.4572747466e-14
