# particle=eplus
# bin=13
# theta_mid_deg=110.487315
# mu_high=-0.300000
# mu_low=-0.400000
# delta_omega_sr=0.6283185307
# black_hole_mode=No
# energy_unit=MeV
# flux_unit=cm^-2 s^-1 MeV^-1 sr^-1
# Energy Flux
1.1294000000e-02 2.8184135770e-05
1.4219000000e-02 3.3426855704e-05
1.7901000000e-02 3.9605656501e-05
2.2536000000e-02 4.6866768381e-05
2.8371000000e-02 5.5367980440e-05
3.5717000000e-02 6.5272316652e-05
4.4965000000e-02 7.6736747339e-05
5.6607000000e-02 8.9895670988e-05
7.1264000000e-02 1.0483766879e-04
8.9717000000e-02 1.2156843560e-04
1.1294000000e-01 1.4038839133e-04
1.4219000000e-01 1.6133660270e-04
1.7901000000e-01 1.8396551183e-04
2.2536000000e-01 2.0769677061e-04
2.8371000000e-01 2.2872457485e-04
3.5717000000e-01 2.4899012506e-04
4.4965000000e-01 2.6817427667e-04
5.6608000000e-01 2.8381784966e-04
7.1264000000e-01 2.9535539517e-04
8.9717000000e-01 3.0288570194e-04
1.1294000000e+00 3.0659227699e-04
1.4219000000e+00 3.0680591099e-04
1.7901000000e+00 3.0355104609e-04
2.2536000000e+00 2.9759312249e-04
2.8371000000e+00 2.8998337206e-04
3.5717000000e+00 2.8057259646e-04
4.4965000000e+00 2.6880296761e-04
5.6607000000e+00 2.5494790991e-04
7.1265000000e+00 2.3943849019e-04
8.9717000000e+00 2.2249840428e-04
1.1295000000e+01 2.0397865959e-04
1.4219000000e+01 1.8405206904e-04
1.7901000000e+01 1.6337202621e-04
2.2536000000e+01 1.4218725567e-04
2.8371000000e+01 1.2089216188e-04
3.5717000000e+01 9.9973398831e-05
4.4965000000e+01 7.9969727351e-05
5.6607000000e+01 6.1914347084e-05
7.1265000000e+01 4.6349001593e-05
8.9716000000e+01 3.3516899171e-05
1.1294000000e+02 2.3417018182e-05
1.4219000000e+02 1.5801211720e-05
1.7901000000e+02 1.0295922096e-05
2.2536000000e+02 6.4805424828e-06
2.8371000000e+02 3.9609084202e-06
3.5717000000e+02 2.3755494472e-06
4.4965000000e+02 1.3854055218e-06
5.6608000000e+02 7.8535313594e-07
7.1265000000e+02 4.3323777466e-07
8.9716000000e+02 2.3346409319e-07
1.1294000000e+03 1.2373697619e-07
1.4219000000e+03 6.5048507758e-08
1.7901000000e+03 3.4258242880e-08
2.2536000000e+03 1.8238570859e-08
2.8371000000e+03 9.8873360787e-09
3.5717000000e+03 5.4845214017e-09
4.4965000000e+03 3.1152455472e-09
5.6608000000e+03 1.8073493257e-09
7.1265000000e+03 1.0695683015e-09
8.9717000000e+03 6.4439690650e-10
1.1294000000e+04 4.0631748200e-10
1.4219000000e+04 2.6404422333e-10
1.7901000000e+04 1.7158770397e-10
2.2536000000e+04 1.1150470430e-10
2.8371000000e+04 7.2458606386e-11
3.5717000000e+04 4.7083891122e-11
4.4965000000e+04 3.0594901694e-11
5.6608000000e+04 1.9879892814e-11
7.1264000000e+04 1.2918011929e-11
8.9716000000e+04 8.3938463839e-12
1.1294000000e+05 5.4546306797e-12
1.4219000000e+05 3.5439460284e-12
1.7901000000e+05 2.3026730744e-12
2.2536000000e+05 1.4962117288e-12
2.8371000000e+05 9.7220213196e-13
3.5717000000e+05 6.3170600388e-13
4.4965000000e+05 4.1046346130e-13
5.6608000000e+05 2.6670250466e-13
7.1264000000e+05 1.7330050508e-13
8.9716000000e+05 1.1260528001e-13
