# particle=eplus
# bin=07
# theta_mid_deg=75.522488
# mu_high=0.300000
# mu_low=0.200000
# delta_omega_sr=0.6283185307
# black_hole_mode=No
# energy_unit=MeV
# flux_unit=cm^-2 s^-1 MeV^-1 sr^-1
# Energy Flux
1.1294000000e-02 2.5451645336e-05
1.4219000000e-02 3.0186076416e-05
1.7901000000e-02 3.5765834042e-05
2.2536000000e-02 4.2322971214e-05
2.8371000000e-02 4.9999979160e-05
3.5717000000e-02 5.8944076457e-05
4.4965000000e-02 6.9297014940e-05
5.6607000000e-02 8.1180162979e-05
7.1264000000e-02 9.4673513698e-05
8.9717000000e-02 1.0978220983e-04
1.1294000000e-01 1.2630740448e-04
1.4219000000e-01 1.4392389532e-04
1.7901000000e-01 1.6198187428e-04
2.2536000000e-01 1.7975837879e-04
2.8371000000e-01 1.9935538280e-04
3.5717000000e-01 2.1670329163e-04
4.4965000000e-01 2.3012125261e-04
5.6608000000e-01 2.4099325986e-04
7.1264000000e-01 2.4846038922e-04
8.9717000000e-01 2.5184993406e-04
1.1294000000e+00 2.5074975331e-04
1.4219000000e+00 2.4466622574e-04
1.7901000000e+00 2.3446216643e-04
2.2536000000e+00 2.2067807585e-04
2.8371000000e+00 2.0353665500e-04
3.5717000000e+00 1.8473050971e-04
4.4965000000e+00 1.6607927772e-04
5.6607000000e+00 1.4769337425e-04
7.1265000000e+00 1.2952851451e-04
8.9717000000e+00 1.1213367902e-04
1.1295000000e+01 9.6356836971e-05
1.4219000000e+01 8.2728141159e-05
1.7901000000e+01 7.1215889873e-05
2.2536000000e+01 6.1682906899e-05
2.8371000000e+01 5.3709147408e-05
3.5717000000e+01 4.6800864096e-05
4.4965000000e+01 4.0600866515e-05
5.6607000000e+01 3.4705257219e-05
7.1265000000e+01 2.9098438097e-05
8.9716000000e+01 2.3902859161e-05
1.1294000000e+02 1.9234209027e-05
1.4219000000e+02 1.5181706835e-05
1.7901000000e+02 1.1780326235e-05
2.2536000000e+02 8.9898309025e-06
2.8371000000e+02 6.7170632820e-06
3.5717000000e+02 4.8923252648e-06
4.4965000000e+02 3.5202725716e-06
5.6608000000e+02 2.5044455061e-06
7.1265000000e+02 1.7616109315e-06
8.9716000000e+02 1.2246760748e-06
1.1294000000e+03 8.4155048813e-07
1.4219000000e+03 5.7188764107e-07
1.7901000000e+03 3.8493579931e-07
2.2536000000e+03 2.5704785912e-07
2.8371000000e+03 1.7056102353e-07
3.5717000000e+03 1.1261678995e-07
4.4965000000e+03 7.4071597614e-08
5.6608000000e+03 4.8567786425e-08
7.1265000000e+03 3.1773500105e-08
8.9717000000e+03 2.0752981557e-08
1.1294000000e+04 1.3515259937e-08
1.4219000000e+04 8.7828520087e-09
1.7901000000e+04 5.7074886603e-09
2.2536000000e+04 3.7089594454e-09
2.8371000000e+04 2.4101766311e-09
3.5717000000e+04 1.5661423776e-09
4.4965000000e+04 1.0176723066e-09
5.6608000000e+04 6.6126103551e-10
7.1264000000e+04 4.2968933609e-10
8.9716000000e+04 2.7920289126e-10
1.1294000000e+05 1.8143632691e-10
1.4219000000e+05 1.1788159234e-10
1.7901000000e+05 7.6593369787e-11
2.2536000000e+05 4.9768201790e-11
2.8371000000e+05 3.2338171765e-11
3.5717000000e+05 2.1012314813e-11
4.4965000000e+05 1.3653166845e-11
5.6608000000e+05 8.8712739074e-12
7.1264000000e+05 5.7644612328e-12
8.9716000000e+05 3.7455676829e-12
