# particle=p
# bin=04
# theta_mid_deg=56.632987
# mu_high=0.600000
# mu_low=0.500000
# delta_omega_sr=0.6283185307
# black_hole_mode=No
# energy_unit=MeV
# flux_unit=cm^-2 s^-1 MeV^-1 sr^-1
# Energy Flux
1.1294000000e-02 1.2468914810e-06
1.4219000000e-02 1.1715532360e-06
1.7901000000e-02 1.1018031511e-06
2.2536000000e-02 1.0376156212e-06
2.8371000000e-02 9.7907407284e-07
3.5717000000e-02 9.2640056710e-07
4.4965000000e-02 8.7999034124e-07
5.6607000000e-02 8.4044782244e-07
7.1264000000e-02 8.0863239726e-07
8.9717000000e-02 7.8572461099e-07
1.1294000000e-01 7.7328702837e-07
1.4219000000e-01 7.7331324733e-07
1.7901000000e-01 7.8830574924e-07
2.2536000000e-01 8.2127829509e-07
2.8371000000e-01 8.7574998911e-07
3.5717000000e-01 9.5564916469e-07
4.4965000000e-01 1.0651050225e-06
5.6608000000e-01 1.2081335973e-06
7.1264000000e-01 1.3881482006e-06
8.9717000000e-01 1.6075232477e-06
1.1294000000e+00 1.8675756898e-06
1.4219000000e+00 2.1668285977e-06
1.7901000000e+00 2.5001576492e-06
2.2536000000e+00 2.8605690710e-06
2.8371000000e+00 3.2374194898e-06
3.5717000000e+00 3.6094056550e-06
4.4965000000e+00 3.9467835129e-06
5.6607000000e+00 4.2772454307e-06
7.1265000000e+00 4.6016518485e-06
8.9717000000e+00 4.8952462351e-06
1.1295000000e+01 5.1476208795e-06
1.4219000000e+01 5.3652404356e-06
1.7901000000e+01 5.5377813276e-06
2.2536000000e+01 5.6212336455e-06
2.8371000000e+01 5.6367491908e-06
3.5717000000e+01 5.5537015691e-06
4.4965000000e+01 5.3723641580e-06
5.6607000000e+01 5.1027004862e-06
7.1265000000e+01 4.7516423547e-06
8.9716000000e+01 4.3259288354e-06
1.1294000000e+02 3.8406518748e-06
1.4219000000e+02 3.3243398368e-06
1.7901000000e+02 2.8213541159e-06
2.2536000000e+02 2.3731702090e-06
2.8371000000e+02 1.9924008316e-06
3.5717000000e+02 1.6509902602e-06
4.4965000000e+02 1.3244733015e-06
5.6608000000e+02 1.0516760893e-06
7.1265000000e+02 8.9083781033e-07
8.9716000000e+02 7.7373712179e-07
1.1294000000e+03 6.3648840387e-07
1.4219000000e+03 5.0264342931e-07
1.7901000000e+03 3.8942256616e-07
2.2536000000e+03 2.9877853208e-07
2.8371000000e+03 2.2849049147e-07
3.5717000000e+03 1.7526685448e-07
4.4965000000e+03 1.3634419144e-07
5.6608000000e+03 1.1289237377e-07
7.1265000000e+03 1.2044248286e-07
8.9717000000e+03 2.3895872559e-07
1.1294000000e+04 6.1338361426e-07
1.4219000000e+04 6.0485268531e-07
1.7901000000e+04 3.6586051273e-07
2.2536000000e+04 2.1008115869e-07
2.8371000000e+04 1.1891306334e-07
3.5717000000e+04 6.6518649148e-08
4.4965000000e+04 3.6848555794e-08
5.6608000000e+04 2.0251578417e-08
7.1264000000e+04 1.1058448153e-08
8.9716000000e+04 6.0073060591e-09
1.1294000000e+05 3.2494677178e-09
1.4219000000e+05 1.7521996640e-09
1.7901000000e+05 9.4216043706e-10
2.2536000000e+05 5.0554633461e-10
2.8371000000e+05 2.7080742606e-10
3.5717000000e+05 1.4486460211e-10
4.4965000000e+05 7.7414308717e-11
5.6608000000e+05 4.1329835785e-11
7.1264000000e+05 2.2050661499e-11
8.9716000000e+05 1.1758259027e-11
