# particle=n
# bin=14
# theta_mid_deg=116.743684
# mu_high=-0.400000
# mu_low=-0.500000
# delta_omega_sr=0.6283185307
# black_hole_mode=No
# energy_unit=MeV
# flux_unit=cm^-2 s^-1 MeV^-1 sr^-1
# Energy Flux
1.1294000000e-08 1.4853887135e+03
1.4219000000e-08 1.5473734715e+03
1.7901000000e-08 1.6034194003e+03
2.2536000000e-08 1.6506781359e+03
2.8371000000e-08 1.6858376590e+03
3.5717000000e-08 1.7052878772e+03
4.4965000000e-08 1.7054427866e+03
5.6608000000e-08 1.6832234533e+03
7.1265000000e-08 1.6366519401e+03
8.9717000000e-08 1.5654225413e+03
1.1295000000e-07 1.4709864868e+03
1.4219000000e-07 1.3572392943e+03
1.7901000000e-07 1.2298771103e+03
2.2536000000e-07 1.0953140721e+03
2.8371000000e-07 9.5986817984e+02
3.5717000000e-07 8.2902092640e+02
4.4965000000e-07 7.0693154857e+02
5.6608000000e-07 5.9626451302e+02
7.1264000000e-07 4.9833688283e+02
8.9717000000e-07 4.1333765880e+02
1.1294000000e-06 3.4074370818e+02
1.4219000000e-06 2.7947277213e+02
1.7901000000e-06 2.2830691225e+02
2.2536000000e-06 1.8591375457e+02
2.8371000000e-06 1.5100479262e+02
3.5717000000e-06 1.2239835329e+02
4.4965000000e-06 9.9047873272e+01
5.6608000000e-06 8.0045046208e+01
7.1264000000e-06 6.4619942943e+01
8.9716000000e-06 5.2120871332e+01
1.1294000000e-05 4.2011366228e+01
1.4219000000e-05 3.3839794400e+01
1.7901000000e-05 2.7245501402e+01
2.2536000000e-05 2.1928300886e+01
2.8371000000e-05 1.7643641973e+01
3.5717000000e-05 1.4193008218e+01
4.4965000000e-05 1.1415615788e+01
5.6607000000e-05 9.1811825598e+00
7.1264000000e-05 7.3840974703e+00
8.9717000000e-05 5.9392343997e+00
1.1295000000e-04 4.7778463056e+00
1.4219000000e-04 3.8448145675e+00
1.7901000000e-04 3.0949330589e+00
2.2536000000e-04 2.4925133951e+00
2.8371000000e-04 2.0085237032e+00
3.5717000000e-04 1.6196437673e+00
4.4965000000e-04 1.3071551546e+00
5.6607000000e-04 1.0560099900e+00
7.1265000000e-04 8.5408457170e-01
8.9716000000e-04 6.9171621043e-01
1.1295000000e-03 5.6105878476e-01
1.4219000000e-03 4.5592814755e-01
1.7901000000e-03 3.7124061820e-01
2.2536000000e-03 3.0300270410e-01
2.8371000000e-03 2.4797355656e-01
3.5717000000e-03 2.0355340409e-01
4.4965000000e-03 1.6765598292e-01
5.6607000000e-03 1.3860321126e-01
7.1265000000e-03 1.1504217527e-01
8.9717000000e-03 9.5894073383e-02
1.1294000000e-02 8.0291594448e-02
1.4219000000e-02 6.7530888434e-02
1.7901000000e-02 5.7070458140e-02
2.2536000000e-02 4.8470061167e-02
2.8371000000e-02 4.1377775859e-02
3.5717000000e-02 3.5512401893e-02
4.4965000000e-02 3.0648892307e-02
5.6607000000e-02 2.6605811711e-02
7.1264000000e-02 2.3235339490e-02
8.9717000000e-02 2.0416544388e-02
1.1294000000e-01 1.8049971132e-02
1.4219000000e-01 1.6049993870e-02
1.7901000000e-01 1.4347420836e-02
2.2536000000e-01 1.2882200561e-02
2.8371000000e-01 1.1603040098e-02
3.5717000000e-01 1.0466037336e-02
4.4965000000e-01 9.4339815576e-03
5.6608000000e-01 8.4759779915e-03
7.1264000000e-01 7.5675769963e-03
8.9717000000e-01 6.6901764488e-03
1.1294000000e+00 5.8323456837e-03
1.4219000000e+00 4.9892197157e-03
1.7901000000e+00 4.1660046382e-03
2.2536000000e+00 3.3767720484e-03
2.8371000000e+00 2.6438466947e-03
3.5717000000e+00 1.9940407752e-03
4.4965000000e+00 1.4520384941e-03
5.6607000000e+00 1.0322980305e-03
7.1265000000e+00 7.3274462736e-04
8.9717000000e+00 5.3431588431e-04
1.1295000000e+01 4.0771262131e-04
1.4219000000e+01 3.2448536459e-04
1.7901000000e+01 2.6476356547e-04
2.2536000000e+01 2.1847302688e-04
2.8371000000e+01 1.8151886278e-04
3.5717000000e+01 1.5195594410e-04
4.4965000000e+01 1.2835178933e-04
5.6607000000e+01 1.0823219805e-04
7.1265000000e+01 9.0439119908e-05
8.9716000000e+01 7.3531409983e-05
1.1294000000e+02 5.7344320097e-05
1.4219000000e+02 4.2424713891e-05
1.7901000000e+02 2.9385349622e-05
2.2536000000e+02 1.8918673542e-05
2.8371000000e+02 1.1435000849e-05
3.5717000000e+02 6.6029543747e-06
4.4965000000e+02 3.7221461414e-06
5.6608000000e+02 2.0920642502e-06
7.1265000000e+02 1.1968544305e-06
8.9716000000e+02 7.0239859870e-07
1.1294000000e+03 4.2599980183e-07
1.4219000000e+03 2.6347576673e-07
1.7901000000e+03 1.6424950729e-07
2.2536000000e+03 1.0239815939e-07
2.8371000000e+03 6.3136278832e-08
3.5717000000e+03 3.8239471471e-08
4.4965000000e+03 2.2670010649e-08
5.6608000000e+03 1.3149623820e-08
7.1265000000e+03 7.4825931720e-09
8.9717000000e+03 4.1955579760e-09
1.1294000000e+04 2.6901478879e-09
1.4219000000e+04 1.9543821607e-09
1.7901000000e+04 1.4142869223e-09
2.2536000000e+04 1.0200690828e-09
2.8371000000e+04 7.3371550692e-10
3.5717000000e+04 5.2655945986e-10
4.4965000000e+04 3.7721010113e-10
5.6608000000e+04 2.6982904776e-10
7.1264000000e+04 1.9280428167e-10
8.9716000000e+04 1.3764131404e-10
1.1294000000e+05 9.8200892941e-11
1.4219000000e+05 7.0015042411e-11
1.7901000000e+05 4.9901752353e-11
2.2536000000e+05 3.5557184922e-11
2.8371000000e+05 2.5330948002e-11
3.5717000000e+05 1.8043045234e-11
4.4965000000e+05 1.2850776426e-11
5.6608000000e+05 9.1521041328e-12
7.1264000000e+05 6.5180737060e-12
8.9716000000e+05 4.6420298354e-12
