# particle=n
# bin=17
# theta_mid_deg=138.590378
# mu_high=-0.700000
# mu_low=-0.800000
# delta_omega_sr=0.6283185307
# black_hole_mode=No
# energy_unit=MeV
# flux_unit=cm^-2 s^-1 MeV^-1 sr^-1
# Energy Flux
1.1294000000e-08 1.5398750580e+03
1.4219000000e-08 1.6041335122e+03
1.7901000000e-08 1.6622352920e+03
2.2536000000e-08 1.7112275508e+03
2.8371000000e-08 1.7476767793e+03
3.5717000000e-08 1.7678404615e+03
4.4965000000e-08 1.7680010531e+03
5.6608000000e-08 1.7449666805e+03
7.1265000000e-08 1.6966868525e+03
8.9717000000e-08 1.6228446497e+03
1.1295000000e-07 1.5259723028e+03
1.4219000000e-07 1.4098726800e+03
1.7901000000e-07 1.2794265142e+03
2.2536000000e-07 1.1412204173e+03
2.8371000000e-07 1.0017732701e+03
3.5717000000e-07 8.6676759790e+02
4.4965000000e-07 7.4054028533e+02
5.6608000000e-07 6.2589525662e+02
7.1264000000e-07 5.2424749198e+02
8.9717000000e-07 4.3584327221e+02
1.1294000000e-06 3.6018682097e+02
1.4219000000e-06 2.9619569044e+02
1.7901000000e-06 2.4263994852e+02
2.2536000000e-06 1.9816354854e+02
2.8371000000e-06 1.6144947208e+02
3.5717000000e-06 1.3128607929e+02
4.4965000000e-06 1.0659750233e+02
5.6608000000e-06 8.6447791410e+01
7.1264000000e-06 7.0041973123e+01
8.9716000000e-06 5.6705620698e+01
1.1294000000e-05 4.5882581222e+01
1.4219000000e-05 3.7103381653e+01
1.7901000000e-05 2.9992630151e+01
2.2536000000e-05 2.4237007902e+01
2.8371000000e-05 1.9580646914e+01
3.5717000000e-05 1.5815315997e+01
4.4965000000e-05 1.2771908535e+01
5.6607000000e-05 1.0312992506e+01
7.1264000000e-05 8.3267968460e+00
8.9717000000e-05 6.7229312416e+00
1.1295000000e-04 5.4281300041e+00
1.4219000000e-04 4.3834401275e+00
1.7901000000e-04 3.5402735951e+00
2.2536000000e-04 2.8601348093e+00
2.8371000000e-04 2.3115506454e+00
3.5717000000e-04 1.8691180706e+00
4.4965000000e-04 1.5123445905e+00
5.6607000000e-04 1.2246690878e+00
7.1265000000e-04 9.9267448164e-01
8.9716000000e-04 8.0561043775e-01
1.1295000000e-03 6.5469542090e-01
1.4219000000e-03 5.3297299076e-01
1.7901000000e-03 4.3469063724e-01
2.2536000000e-03 3.5530971963e-01
2.8371000000e-03 2.9113184041e-01
3.5717000000e-03 2.3918284548e-01
4.4965000000e-03 1.9707480520e-01
5.6607000000e-03 1.6289037233e-01
7.1265000000e-03 1.3508936843e-01
8.9717000000e-03 1.1244579362e-01
1.1294000000e-02 9.3961715634e-02
1.4219000000e-02 7.8817321543e-02
1.7901000000e-02 6.6392503562e-02
2.2536000000e-02 5.6185313694e-02
2.8371000000e-02 4.7787999241e-02
3.5717000000e-02 4.0868952432e-02
4.4965000000e-02 3.5158676657e-02
5.6607000000e-02 3.0436942568e-02
7.1264000000e-02 2.6522466524e-02
8.9717000000e-02 2.3266072275e-02
1.1294000000e-01 2.0544933907e-02
1.4219000000e-01 1.8253896196e-02
1.7901000000e-01 1.6308375241e-02
2.2536000000e-01 1.4635913802e-02
2.8371000000e-01 1.3175776780e-02
3.5717000000e-01 1.1877310853e-02
4.4965000000e-01 1.0698651604e-02
5.6608000000e-01 9.6053977976e-03
7.1264000000e-01 8.5700059379e-03
8.9717000000e-01 7.5709885391e-03
1.1294000000e+00 6.5947962207e-03
1.4219000000e+00 5.6355339714e-03
1.7901000000e+00 4.6991235460e-03
2.2536000000e+00 3.8018683987e-03
2.8371000000e+00 2.9695473616e-03
3.5717000000e+00 2.2328720488e-03
4.4965000000e+00 1.6197583381e-03
5.6607000000e+00 1.1460786575e-03
7.1265000000e+00 8.0869683092e-04
8.9717000000e+00 5.8532171302e-04
1.1295000000e+01 4.4244739296e-04
1.4219000000e+01 3.4793742226e-04
1.7901000000e+01 2.7956529989e-04
2.2536000000e+01 2.2613669983e-04
2.8371000000e+01 1.8308102647e-04
3.5717000000e+01 1.4819963110e-04
4.4965000000e+01 1.1938133166e-04
5.6607000000e+01 9.5667982494e-05
7.1265000000e+01 7.4235571331e-05
8.9716000000e+01 5.5593053453e-05
1.1294000000e+02 3.9643963249e-05
1.4219000000e+02 2.6712492114e-05
1.7901000000e+02 1.6860034704e-05
2.2536000000e+02 9.9314304334e-06
2.8371000000e+02 5.5287170118e-06
3.5717000000e+02 2.9872244522e-06
4.4965000000e+02 1.6029564805e-06
5.6608000000e+02 8.6713516507e-07
7.1265000000e+02 4.8429890212e-07
8.9716000000e+02 2.7737917906e-07
1.1294000000e+03 1.6754744989e-07
1.4219000000e+03 1.0329700527e-07
1.7901000000e+03 6.4347923021e-08
2.2536000000e+03 4.0393446605e-08
2.8371000000e+03 2.5147949120e-08
3.5717000000e+03 1.5434157874e-08
4.4965000000e+03 9.3141040267e-09
5.6608000000e+03 5.5311287349e-09
7.1265000000e+03 3.2452085021e-09
8.9717000000e+03 1.8921803125e-09
1.1294000000e+04 1.2418458513e-09
1.4219000000e+04 9.0219626550e-10
1.7901000000e+04 6.5287352969e-10
2.2536000000e+04 4.7089179155e-10
2.8371000000e+04 3.3870314803e-10
3.5717000000e+04 2.4307425017e-10
4.4965000000e+04 1.7413050088e-10
5.6608000000e+04 1.2456046934e-10
7.1264000000e+04 8.9003730385e-11
8.9716000000e+04 6.3538995596e-11
1.1294000000e+05 4.5332218367e-11
1.4219000000e+05 3.2320858767e-11
1.7901000000e+05 2.3036013897e-11
2.2536000000e+05 1.6414169190e-11
2.8371000000e+05 1.1693458500e-11
3.5717000000e+05 8.3291632291e-12
4.4965000000e+05 5.9322699180e-12
5.6608000000e+05 4.2248616141e-12
7.1264000000e+05 3.0089211179e-12
8.9716000000e+05 2.1428879500e-12
