# particle=p
# bin=06
# theta_mid_deg=69.512685
# mu_high=0.400000
# mu_low=0.300000
# delta_omega_sr=0.6283185307
# black_hole_mode=No
# energy_unit=MeV
# flux_unit=cm^-2 s^-1 MeV^-1 sr^-1
# Energy Flux
1.1294000000e-02 1.3142115389e-06
1.4219000000e-02 1.2348057587e-06
1.7901000000e-02 1.1612898450e-06
2.2536000000e-02 1.0936368105e-06
2.8371000000e-02 1.0319345858e-06
3.5717000000e-02 9.7641722110e-07
4.4965000000e-02 9.2750129275e-07
5.6607000000e-02 8.8582386109e-07
7.1264000000e-02 8.5229071124e-07
8.9717000000e-02 8.2814612648e-07
1.1294000000e-01 8.1503703491e-07
1.4219000000e-01 8.1506466945e-07
1.7901000000e-01 8.3086662119e-07
2.2536000000e-01 8.6561936502e-07
2.8371000000e-01 9.2303200270e-07
3.5717000000e-01 1.0072449595e-06
4.4965000000e-01 1.1226103731e-06
5.6608000000e-01 1.2733611050e-06
7.1264000000e-01 1.4630947526e-06
8.9717000000e-01 1.6943139266e-06
1.1294000000e+00 1.9691528256e-06
1.4219000000e+00 2.2867459936e-06
1.7901000000e+00 2.6416834723e-06
2.2536000000e+00 3.0272582910e-06
2.8371000000e+00 3.4333363780e-06
3.5717000000e+00 3.8392052687e-06
4.4965000000e+00 4.2062794062e-06
5.6607000000e+00 4.5640916433e-06
7.1265000000e+00 4.9314923991e-06
8.9717000000e+00 5.2812309860e-06
1.1295000000e+01 5.6041098464e-06
1.4219000000e+01 5.9181125378e-06
1.7901000000e+01 6.2097769136e-06
2.2536000000e+01 6.4111506329e-06
2.8371000000e+01 6.5469067479e-06
3.5717000000e+01 6.5720239033e-06
4.4965000000e+01 6.4757905135e-06
5.6607000000e+01 6.2607708226e-06
7.1265000000e+01 5.9285249539e-06
8.9716000000e+01 5.4833035017e-06
1.1294000000e+02 4.9430430682e-06
1.4219000000e+02 4.3437352348e-06
1.7901000000e+02 3.7354678871e-06
2.2536000000e+02 3.1612727009e-06
2.8371000000e+02 2.6483692978e-06
3.5717000000e+02 2.1934807790e-06
4.4965000000e+02 1.7945387429e-06
5.6608000000e+02 1.4562630392e-06
7.1265000000e+02 1.1490948930e-06
8.9716000000e+02 9.2796569176e-07
1.1294000000e+03 7.5019024833e-07
1.4219000000e+03 5.9380188692e-07
1.7901000000e+03 4.6504350096e-07
2.2536000000e+03 3.6241951799e-07
2.8371000000e+03 2.8198698117e-07
3.5717000000e+03 2.1979346753e-07
4.4965000000e+03 1.7324558954e-07
5.6608000000e+03 1.4485781210e-07
7.1265000000e+03 1.5552666852e-07
8.9717000000e+03 3.0950771117e-07
1.1294000000e+04 7.9478934078e-07
1.4219000000e+04 7.8373542405e-07
1.7901000000e+04 4.7406228170e-07
2.2536000000e+04 2.7221181288e-07
2.8371000000e+04 1.5408112154e-07
3.5717000000e+04 8.6191270970e-08
4.4965000000e+04 4.7746367342e-08
5.6608000000e+04 2.6240900939e-08
7.1264000000e+04 1.4328939530e-08
8.9716000000e+04 7.7839425631e-09
1.1294000000e+05 4.2104846710e-09
1.4219000000e+05 2.2704056377e-09
1.7901000000e+05 1.2208005810e-09
2.2536000000e+05 6.5505962121e-10
2.8371000000e+05 3.5089762856e-10
3.5717000000e+05 1.8770772309e-10
4.4965000000e+05 1.0030927785e-10
5.6608000000e+05 5.3552967791e-11
7.1264000000e+05 2.8572055576e-11
8.9716000000e+05 1.5235716644e-11
