# particle=gamma
# bin=08
# theta_mid_deg=81.373073
# mu_high=0.200000
# mu_low=0.100000
# delta_omega_sr=0.6283185307
# black_hole_mode=No
# energy_unit=MeV
# flux_unit=cm^-2 s^-1 MeV^-1 sr^-1
# Energy Flux
1.1294000000e-02 1.7461206217e-02
1.4219000000e-02 4.1582475095e-02
1.7901000000e-02 9.8213066233e-02
2.2536000000e-02 2.2889456702e-01
2.8371000000e-02 5.1996499140e-01
3.5717000000e-02 1.1009797061e+00
4.4965000000e-02 1.9028139045e+00
5.6607000000e-02 2.2156048503e+00
7.1264000000e-02 1.7870303305e+00
8.9717000000e-02 1.2524061957e+00
1.1294000000e-01 8.4353542693e-01
1.4219000000e-01 5.5014527803e-01
1.7901000000e-01 3.5307238718e-01
2.2536000000e-01 2.2583908695e-01
2.8371000000e-01 1.4608717601e-01
3.5717000000e-01 9.6474455032e-02
4.4965000000e-01 6.5330879012e-02
5.6608000000e-01 1.1451879653e-01
7.1264000000e-01 3.2559905922e-02
8.9717000000e-01 2.3688503198e-02
1.1294000000e+00 1.7149375186e-02
1.4219000000e+00 1.2273681648e-02
1.7901000000e+00 8.6933286545e-03
2.2536000000e+00 6.0988482356e-03
2.8371000000e+00 4.2453268593e-03
3.5717000000e+00 2.9456144258e-03
4.4965000000e+00 2.0642965595e-03
5.6607000000e+00 1.4801685030e-03
7.1265000000e+00 1.0875016451e-03
8.9717000000e+00 8.1486978533e-04
1.1295000000e+01 6.2037226231e-04
1.4219000000e+01 4.7912187714e-04
1.7901000000e+01 3.7479507843e-04
2.2536000000e+01 2.9631324937e-04
2.8371000000e+01 2.3604409018e-04
3.5717000000e+01 1.8958554568e-04
4.4965000000e+01 1.5273947224e-04
5.6607000000e+01 1.2298708274e-04
7.1265000000e+01 9.8803954233e-05
8.9716000000e+01 7.8816096643e-05
1.1294000000e+02 6.2259046018e-05
1.4219000000e+02 4.8564864395e-05
1.7901000000e+02 3.7299915193e-05
2.2536000000e+02 2.8142156518e-05
2.8371000000e+02 2.0841698055e-05
3.5717000000e+02 1.5135973124e-05
4.4965000000e+02 1.0727383470e-05
5.6608000000e+02 7.4727785472e-06
7.1265000000e+02 5.1281127887e-06
8.9716000000e+02 3.4613177219e-06
1.1294000000e+03 2.2766544491e-06
1.4219000000e+03 1.4763870875e-06
1.7901000000e+03 9.4860142162e-07
2.2536000000e+03 6.0616866088e-07
2.8371000000e+03 3.8622513495e-07
3.5717000000e+03 2.4491453868e-07
4.4965000000e+03 1.5431190227e-07
5.6608000000e+03 9.6779133085e-08
7.1265000000e+03 6.0343120497e-08
8.9717000000e+03 3.7078418276e-08
1.1294000000e+04 2.2484630249e-08
1.4219000000e+04 1.3633786049e-08
1.7901000000e+04 8.2616578434e-09
2.2536000000e+04 5.0036989566e-09
2.8371000000e+04 3.0291677965e-09
3.5717000000e+04 1.8331348945e-09
4.4965000000e+04 1.1090302820e-09
5.6608000000e+04 6.7078959870e-10
7.1264000000e+04 4.0567187193e-10
8.9716000000e+04 2.4529323801e-10
1.1294000000e+05 1.4831833418e-10
1.4219000000e+05 8.9654130496e-11
1.7901000000e+05 5.4193018144e-11
2.2536000000e+05 3.2757509503e-11
2.8371000000e+05 1.9799889395e-11
3.5717000000e+05 1.1967232610e-11
4.4965000000e+05 7.2329260993e-12
5.6608000000e+05 4.3713621509e-12
7.1264000000e+05 2.6420166667e-12
8.9716000000e+05 1.5967326922e-12
