# particle=p
# bin=13
# theta_mid_deg=110.487315
# mu_high=-0.300000
# mu_low=-0.400000
# delta_omega_sr=0.6283185307
# black_hole_mode=No
# energy_unit=MeV
# flux_unit=cm^-2 s^-1 MeV^-1 sr^-1
# Energy Flux
1.1294000000e-02 1.5760182918e-06
1.4219000000e-02 1.4807939246e-06
1.7901000000e-02 1.3926327563e-06
2.2536000000e-02 1.3115024233e-06
2.8371000000e-02 1.2375083729e-06
3.5717000000e-02 1.1709312811e-06
4.4965000000e-02 1.1122707112e-06
5.6607000000e-02 1.0622906337e-06
7.1264000000e-02 1.0220772768e-06
8.9717000000e-02 9.9312280025e-07
1.1294000000e-01 9.7740221989e-07
1.4219000000e-01 9.7743535956e-07
1.7901000000e-01 9.9638525024e-07
2.2536000000e-01 1.0380611588e-06
2.8371000000e-01 1.1069110848e-06
3.5717000000e-01 1.2079002760e-06
4.4965000000e-01 1.3462478682e-06
5.6608000000e-01 1.5270299599e-06
7.1264000000e-01 1.7545608332e-06
8.9717000000e-01 2.0318416490e-06
1.1294000000e+00 2.3592638085e-06
1.4219000000e+00 2.7366156384e-06
1.7901000000e+00 3.1610306933e-06
2.2536000000e+00 3.6274904124e-06
2.8371000000e+00 4.1306402757e-06
3.5717000000e+00 4.6702134919e-06
4.4965000000e+00 5.2558842854e-06
5.6607000000e+00 5.8610712009e-06
7.1265000000e+00 6.4640395049e-06
8.9717000000e+00 7.0722543020e-06
1.1295000000e+01 7.6810030607e-06
1.4219000000e+01 8.2563381995e-06
1.7901000000e+01 8.8021004851e-06
2.2536000000e+01 9.3562311657e-06
2.8371000000e+01 9.8513727084e-06
3.5717000000e+01 1.0295260681e-05
4.4965000000e+01 1.0625289201e-05
5.6607000000e+01 1.0751140981e-05
7.1265000000e+01 1.0599169029e-05
8.9716000000e+01 1.0131292310e-05
1.1294000000e+02 9.3481117217e-06
1.4219000000e+02 8.2906985576e-06
1.7901000000e+02 7.0388197003e-06
2.2536000000e+02 5.6956150160e-06
2.8371000000e+02 4.4016589506e-06
3.5717000000e+02 3.2777132076e-06
4.4965000000e+02 2.3809392594e-06
5.6608000000e+02 1.6747377860e-06
7.1265000000e+02 1.1259236600e-06
8.9716000000e+02 7.1791122284e-07
1.1294000000e+03 4.4838798752e-07
1.4219000000e+03 2.8140288240e-07
1.7901000000e+03 1.7519404152e-07
2.2536000000e+03 1.0706035828e-07
2.8371000000e+03 6.3590364623e-08
3.5717000000e+03 3.6450061723e-08
4.4965000000e+03 2.0514016704e-08
5.6608000000e+03 1.2027412334e-08
7.1265000000e+03 8.6743410594e-09
8.9717000000e+03 1.1127994221e-08
1.1294000000e+04 2.2843561814e-08
1.4219000000e+04 2.2525853942e-08
1.7901000000e+04 1.3625335016e-08
2.2536000000e+04 7.8238182811e-09
2.8371000000e+04 4.4285465892e-09
3.5717000000e+04 2.4772798592e-09
4.4965000000e+04 1.3723096647e-09
5.6608000000e+04 7.5420694755e-10
7.1264000000e+04 4.1183745062e-10
8.9716000000e+04 2.2372339936e-10
1.1294000000e+05 1.2101630195e-10
1.4219000000e+05 6.5255217787e-11
1.7901000000e+05 3.5087830327e-11
2.2536000000e+05 1.8827498283e-11
2.8371000000e+05 1.0085378926e-11
3.5717000000e+05 5.3950308029e-12
4.4965000000e+05 2.8830547562e-12
5.6608000000e+05 1.5392009773e-12
7.1264000000e+05 8.2120819218e-13
8.9716000000e+05 4.3789972647e-13
