# particle=n
# bin=19
# theta_mid_deg=161.805128
# mu_high=-0.900000
# mu_low=-1.000000
# delta_omega_sr=0.6283185307
# black_hole_mode=No
# energy_unit=MeV
# flux_unit=cm^-2 s^-1 MeV^-1 sr^-1
# Energy Flux
1.1294000000e-08 1.5714646498e+03
1.4219000000e-08 1.6370413269e+03
1.7901000000e-08 1.6963350290e+03
2.2536000000e-08 1.7463323339e+03
2.8371000000e-08 1.7835292959e+03
3.5717000000e-08 1.8041066237e+03
4.4965000000e-08 1.8042705098e+03
5.6608000000e-08 1.7807636011e+03
7.1265000000e-08 1.7314933421e+03
8.9717000000e-08 1.6561363118e+03
1.1295000000e-07 1.5577972624e+03
1.4219000000e-07 1.4402448627e+03
1.7901000000e-07 1.3079428761e+03
2.2536000000e-07 1.1675799342e+03
2.8371000000e-07 1.0257910854e+03
3.5717000000e-07 8.8837317534e+02
4.4965000000e-07 7.5976254320e+02
5.6608000000e-07 6.4283981887e+02
7.1264000000e-07 5.3907259076e+02
8.9717000000e-07 4.4873660780e+02
1.1294000000e-06 3.7134881288e+02
1.4219000000e-06 3.0582425504e+02
1.7901000000e-06 2.5092425240e+02
2.2536000000e-06 2.0527784059e+02
2.8371000000e-06 1.6755074616e+02
3.5717000000e-06 1.3651359228e+02
4.4965000000e-06 1.1107342687e+02
5.6608000000e-06 9.0278375536e+01
7.1264000000e-06 7.3319178208e+01
8.9716000000e-06 5.9508553252e+01
1.1294000000e-05 4.8279306168e+01
1.4219000000e-05 3.9152026358e+01
1.7901000000e-05 3.1743183024e+01
2.2536000000e-05 2.5732247606e+01
2.8371000000e-05 2.0857178504e+01
3.5717000000e-05 1.6904477350e+01
4.4965000000e-05 1.3700551252e+01
5.6607000000e-05 1.1104133095e+01
7.1264000000e-05 9.0001593762e+00
8.9717000000e-05 7.2954365700e+00
1.1295000000e-04 5.9142975454e+00
1.4219000000e-04 4.7957587367e+00
1.7901000000e-04 3.8894278006e+00
2.2536000000e-04 3.1553198539e+00
2.8371000000e-04 2.5606567571e+00
3.5717000000e-04 2.0789165942e+00
4.4965000000e-04 1.6886479529e+00
5.6607000000e-04 1.3724645869e+00
7.1265000000e-04 1.1162353889e+00
8.9716000000e-04 9.0860491101e-01
1.1295000000e-03 7.4026013801e-01
1.4219000000e-03 6.0380373546e-01
1.7901000000e-03 4.9308827840e-01
2.2536000000e-03 4.0324978924e-01
2.8371000000e-03 3.3030669927e-01
3.5717000000e-03 2.7104337908e-01
4.4965000000e-03 2.2286567085e-01
5.6607000000e-03 1.8367889866e-01
7.1265000000e-03 1.5178908990e-01
8.9717000000e-03 1.2583544500e-01
1.1294000000e-02 1.0469041412e-01
1.4219000000e-02 8.7412064687e-02
1.7901000000e-02 7.3288076730e-02
2.2536000000e-02 6.1740404584e-02
2.8371000000e-02 5.2293744969e-02
3.5717000000e-02 4.4557324426e-02
4.4965000000e-02 3.8211487508e-02
5.6607000000e-02 3.2994594618e-02
7.1264000000e-02 2.8692017306e-02
8.9717000000e-02 2.5128449953e-02
1.1294000000e-01 2.2161050225e-02
1.4219000000e-01 1.9669282673e-02
1.7901000000e-01 1.7557403332e-02
2.2536000000e-01 1.5744662281e-02
2.8371000000e-01 1.4164310997e-02
3.5717000000e-01 1.2761237650e-02
4.4965000000e-01 1.1489995943e-02
5.6608000000e-01 1.0312985692e-02
7.1264000000e-01 9.1997421788e-03
8.9717000000e-01 8.1262761262e-03
1.1294000000e+00 7.0773366264e-03
1.4219000000e+00 6.0462298749e-03
1.7901000000e+00 5.0392892444e-03
2.2536000000e+00 4.0742483149e-03
2.8371000000e+00 3.1791340384e-03
3.5717000000e+00 2.3872312002e-03
4.4965000000e+00 1.7286402265e-03
5.6607000000e+00 1.2202756899e-03
7.1265000000e+00 8.5844667356e-04
8.9717000000e+00 6.1887608986e-04
1.1295000000e+01 4.6539200724e-04
1.4219000000e+01 3.6348894238e-04
1.7901000000e+01 2.8941598673e-04
2.2536000000e+01 2.3125275965e-04
2.8371000000e+01 1.8411834746e-04
3.5717000000e+01 1.4564355167e-04
4.4965000000e+01 1.1309476782e-04
5.6607000000e+01 8.5657644181e-05
7.1265000000e+01 6.2201225401e-05
8.9716000000e+01 4.2684246823e-05
1.1294000000e+02 2.7174903474e-05
1.4219000000e+02 1.5914142849e-05
1.7901000000e+02 8.5299976465e-06
2.2536000000e+02 4.2106508440e-06
2.8371000000e+02 1.9670545122e-06
3.5717000000e+02 9.3041096817e-07
4.4965000000e+02 4.5948381734e-07
5.6608000000e+02 2.3237361725e-07
7.1265000000e+02 1.2494354179e-07
8.9716000000e+02 6.6632019756e-08
1.1294000000e+03 4.0688971246e-08
1.4219000000e+03 2.5154169896e-08
1.7901000000e+03 1.5791039326e-08
2.2536000000e+03 1.0324401224e-08
2.8371000000e+03 6.7521787213e-09
3.5717000000e+03 4.4014704007e-09
4.4965000000e+03 2.8573988370e-09
5.6608000000e+03 1.8501888367e-09
7.1265000000e+03 1.1989632891e-09
8.9717000000e+03 7.8050322896e-10
1.1294000000e+04 5.4303241927e-10
1.4219000000e+04 3.9451097751e-10
1.7901000000e+04 2.8548752000e-10
2.2536000000e+04 2.0591082904e-10
2.8371000000e+04 1.4810758493e-10
3.5717000000e+04 1.0629112945e-10
4.4965000000e+04 7.6143514159e-11
5.6608000000e+04 5.4467607991e-11
7.1264000000e+04 3.8919412570e-11
8.9716000000e+04 2.7784233011e-11
1.1294000000e+05 1.9822801828e-11
1.4219000000e+05 1.4133214771e-11
1.7901000000e+05 1.0073152271e-11
2.2536000000e+05 7.1775623331e-12
2.8371000000e+05 5.1132973164e-12
3.5717000000e+05 3.6421635214e-12
4.4965000000e+05 2.5940537483e-12
5.6608000000e+05 1.8474409050e-12
7.1264000000e+05 1.3157363391e-12
8.9716000000e+05 9.3703870452e-13
