# particle=muplus
# bin=18
# theta_mid_deg=148.211669
# mu_high=-0.800000
# mu_low=-0.900000
# delta_omega_sr=0.6283185307
# black_hole_mode=No
# energy_unit=MeV
# flux_unit=cm^-2 s^-1 MeV^-1 sr^-1
# Energy Flux
1.1294000000e-02 2.1019264369e-10
1.4219000000e-02 2.4446231234e-10
1.7901000000e-02 2.8437004521e-10
2.2536000000e-02 3.3086183775e-10
2.8371000000e-02 3.8505056053e-10
3.5717000000e-02 4.4824497770e-10
4.4965000000e-02 5.2198314199e-10
5.6607000000e-02 6.0808135238e-10
7.1264000000e-02 7.0870391386e-10
8.9717000000e-02 8.2641868530e-10
1.1294000000e-01 9.6423980923e-10
1.4219000000e-01 1.1259618270e-09
1.7901000000e-01 1.3159400519e-09
2.2536000000e-01 1.5395685380e-09
2.8371000000e-01 1.8034566512e-09
3.5717000000e-01 2.1157515498e-09
4.4965000000e-01 2.4865571104e-09
5.6608000000e-01 2.9285714124e-09
7.1264000000e-01 3.4577554898e-09
8.9717000000e-01 4.0946818037e-09
1.1294000000e+00 4.8653069030e-09
1.4219000000e+00 5.8042786848e-09
1.7901000000e+00 6.9553113530e-09
2.2536000000e+00 8.3759939594e-09
2.8371000000e+00 1.0141456282e-08
3.5717000000e+00 1.2349268792e-08
4.4965000000e+00 1.5124963311e-08
5.6607000000e+00 1.8627999810e-08
7.1265000000e+00 2.3057643705e-08
8.9717000000e+00 2.8652975757e-08
1.1295000000e+01 3.5290444821e-08
1.4219000000e+01 4.2982156717e-08
1.7901000000e+01 5.2162181993e-08
2.2536000000e+01 6.2802624560e-08
2.8371000000e+01 7.4652830253e-08
3.5717000000e+01 8.7077445338e-08
4.4965000000e+01 9.8758117295e-08
5.6607000000e+01 1.0838147583e-07
7.1265000000e+01 1.1452539272e-07
8.9716000000e+01 1.1621210133e-07
1.1294000000e+02 1.1482792936e-07
1.4219000000e+02 1.0948729510e-07
1.7901000000e+02 9.8561934799e-08
2.2536000000e+02 8.3301031805e-08
2.8371000000e+02 6.5806608131e-08
3.5717000000e+02 4.8372173805e-08
4.4965000000e+02 3.2408136912e-08
5.6608000000e+02 2.0211227569e-08
7.1265000000e+02 1.5091787941e-08
8.9716000000e+02 1.1914238602e-08
1.1294000000e+03 8.8831093182e-09
1.4219000000e+03 6.0873646335e-09
1.7901000000e+03 4.1529040578e-09
2.2536000000e+03 2.7818891828e-09
2.8371000000e+03 1.7395092213e-09
3.5717000000e+03 1.0395100106e-09
4.4965000000e+03 6.1888568944e-10
5.6608000000e+03 3.8906887806e-10
7.1265000000e+03 1.9588973988e-10
8.9717000000e+03 1.0309267940e-10
1.1294000000e+04 8.2358588381e-11
1.4219000000e+04 4.9703502944e-11
1.7901000000e+04 2.5368247284e-11
2.2536000000e+04 1.5915933192e-11
2.8371000000e+04 9.8988202951e-12
3.5717000000e+04 6.0934984845e-12
4.4965000000e+04 3.7185787044e-12
5.6608000000e+04 2.2578357143e-12
7.1264000000e+04 1.9292776610e-12
8.9716000000e+04 2.8763369269e-12
1.1294000000e+05 2.2010788795e-12
1.4219000000e+05 1.2046270436e-12
1.7901000000e+05 6.5811580321e-13
2.2536000000e+05 3.5904426918e-13
2.8371000000e+05 1.9566294688e-13
3.5717000000e+05 9.9194938146e-14
4.4965000000e+05 4.9240456218e-14
5.6608000000e+05 2.4427382967e-14
7.1264000000e+05 1.2113156903e-14
8.9716000000e+05 6.0041873401e-15
