# particle=n
# bin=15
# theta_mid_deg=123.367013
# mu_high=-0.500000
# mu_low=-0.600000
# delta_omega_sr=0.6283185307
# black_hole_mode=No
# energy_unit=MeV
# flux_unit=cm^-2 s^-1 MeV^-1 sr^-1
# Energy Flux
1.1294000000e-08 1.5048905049e+03
1.4219000000e-08 1.5676890659e+03
1.7901000000e-08 1.6244708263e+03
2.2536000000e-08 1.6723500258e+03
2.8371000000e-08 1.7079711611e+03
3.5717000000e-08 1.7276767429e+03
4.4965000000e-08 1.7278336861e+03
5.6608000000e-08 1.7053226333e+03
7.1265000000e-08 1.6581396789e+03
8.9717000000e-08 1.5859751034e+03
1.1295000000e-07 1.4906808365e+03
1.4219000000e-07 1.3761138180e+03
1.7901000000e-07 1.2476640603e+03
2.2536000000e-07 1.1118070218e+03
2.8371000000e-07 9.7493282000e+02
3.5717000000e-07 8.4259562591e+02
4.4965000000e-07 7.1901931017e+02
5.6608000000e-07 6.0691943497e+02
7.1264000000e-07 5.0764926291e+02
8.9717000000e-07 4.2141930919e+02
1.1294000000e-06 3.4771706386e+02
1.4219000000e-06 2.8546081658e+02
1.7901000000e-06 2.3342878357e+02
2.2536000000e-06 1.9028039876e+02
2.8371000000e-06 1.5471710450e+02
3.5717000000e-06 1.2554655936e+02
4.4965000000e-06 1.0171169842e+02
5.6608000000e-06 8.2294257997e+01
7.1264000000e-06 6.6515249501e+01
8.9716000000e-06 5.3714726553e+01
1.1294000000e-05 4.3349050304e+01
1.4219000000e-05 3.4960070741e+01
1.7901000000e-05 2.8181728658e+01
2.2536000000e-05 2.2709011495e+01
2.8371000000e-05 1.8293199268e+01
3.5717000000e-05 1.4732188829e+01
4.4965000000e-05 1.1862117558e+01
5.6607000000e-05 9.5500547502e+00
7.1264000000e-05 7.6881060753e+00
8.9717000000e-05 6.1891931706e+00
1.1295000000e-04 4.9828940082e+00
1.4219000000e-04 4.0126687530e+00
1.7901000000e-04 3.2320638627e+00
2.2536000000e-04 2.6043554623e+00
2.8371000000e-04 2.0996162383e+00
3.5717000000e-04 1.6937658690e+00
4.4965000000e-04 1.3674424744e+00
5.6607000000e-04 1.1050535955e+00
7.1265000000e-04 8.9401459078e-01
8.9716000000e-04 7.2427863092e-01
1.1295000000e-03 5.8767373793e-01
1.4219000000e-03 4.7774914601e-01
1.7901000000e-03 3.8919418858e-01
2.2536000000e-03 3.1783198808e-01
2.8371000000e-03 2.6026987608e-01
3.5717000000e-03 2.1378531791e-01
4.4965000000e-03 1.7619449473e-01
5.6607000000e-03 1.4574352296e-01
7.1265000000e-03 1.2102208544e-01
8.9717000000e-03 1.0090832221e-01
1.1294000000e-02 8.4498575081e-02
1.4219000000e-02 7.1058283844e-02
1.7901000000e-02 6.0026952040e-02
2.2536000000e-02 5.0950232857e-02
2.8371000000e-02 4.3463330668e-02
3.5717000000e-02 3.7273204394e-02
4.4965000000e-02 3.2144105118e-02
5.6607000000e-02 2.7884901798e-02
7.1264000000e-02 2.4339011955e-02
8.9717000000e-02 2.1377747435e-02
1.1294000000e-01 1.8894937875e-02
1.4219000000e-01 1.6799086321e-02
1.7901000000e-01 1.5016181290e-02
2.2536000000e-01 1.3482113518e-02
2.8371000000e-01 1.2142386514e-02
3.5717000000e-01 1.0950786935e-02
4.4965000000e-01 9.8685977645e-03
5.6608000000e-01 8.8639203877e-03
7.1264000000e-01 7.9114774080e-03
8.9717000000e-01 6.9918596197e-03
1.1294000000e+00 6.0930137607e-03
1.4219000000e+00 5.2097647987e-03
1.7901000000e+00 4.3475740936e-03
2.2536000000e+00 3.5212698097e-03
2.8371000000e+00 2.7543396276e-03
3.5717000000e+00 2.0749007546e-03
4.4965000000e+00 1.5087066374e-03
5.6607000000e+00 1.0706623554e-03
7.1265000000e+00 7.5830172263e-04
8.9717000000e+00 5.5144479785e-04
1.1295000000e+01 4.1935539878e-04
1.4219000000e+01 3.3233238265e-04
1.7901000000e+01 2.6970797021e-04
2.2536000000e+01 2.2102941012e-04
2.8371000000e+01 1.8204181107e-04
3.5717000000e+01 1.5071603710e-04
4.4965000000e+01 1.2543044565e-04
5.6607000000e+01 1.0421568207e-04
7.1265000000e+01 8.5265627970e-05
8.9716000000e+01 6.7752304190e-05
1.1294000000e+02 5.1591956420e-05
1.4219000000e+02 3.7260145066e-05
1.7901000000e+02 2.5203583909e-05
2.2536000000e+02 1.5854962128e-05
2.8371000000e+02 9.3698374882e-06
3.5717000000e+02 5.3043622198e-06
4.4965000000e+02 2.9427714641e-06
5.6608000000e+02 1.6334856746e-06
7.1265000000e+02 9.2693436074e-07
8.9716000000e+02 5.4022466096e-07
1.1294000000e+03 3.2695414106e-07
1.4219000000e+03 2.0193138997e-07
1.7901000000e+03 1.2580471036e-07
2.2536000000e+03 7.8514126458e-08
2.8371000000e+03 4.8494288214e-08
3.5717000000e+03 2.9445877288e-08
4.4965000000e+03 1.7518487663e-08
5.6608000000e+03 1.0210363082e-08
7.1265000000e+03 5.8474126925e-09
8.9717000000e+03 3.3064821084e-09
1.1294000000e+04 2.1310591955e-09
1.4219000000e+04 1.5482063621e-09
1.7901000000e+04 1.1203581648e-09
2.2536000000e+04 8.0806992385e-10
2.8371000000e+04 5.8122870678e-10
3.5717000000e+04 4.1712553573e-10
4.4965000000e+04 2.9881519090e-10
5.6608000000e+04 2.1375095252e-10
7.1264000000e+04 1.5273410776e-10
8.9716000000e+04 1.0903556242e-10
1.1294000000e+05 7.7791974506e-11
1.4219000000e+05 5.5463939595e-11
1.7901000000e+05 3.9530759146e-11
2.2536000000e+05 2.8167397873e-11
2.8371000000e+05 2.0066461742e-11
3.5717000000e+05 1.4293190956e-11
4.4965000000e+05 1.0180022219e-11
5.6608000000e+05 7.2500384676e-12
7.1264000000e+05 5.1634339402e-12
8.9716000000e+05 3.6772849594e-12
