# particle=gamma
# bin=18
# theta_mid_deg=148.211669
# mu_high=-0.800000
# mu_low=-0.900000
# delta_omega_sr=0.6283185307
# black_hole_mode=No
# energy_unit=MeV
# flux_unit=cm^-2 s^-1 MeV^-1 sr^-1
# Energy Flux
1.1294000000e-02 1.2290483795e-02
1.4219000000e-02 3.1728195250e-02
1.7901000000e-02 8.2700793807e-02
2.2536000000e-02 2.1734435700e-01
2.8371000000e-02 5.6695635332e-01
3.5717000000e-02 1.3822492105e+00
4.4965000000e-02 2.7145268457e+00
5.6607000000e-02 3.5170033932e+00
7.1264000000e-02 3.0951253909e+00
8.9717000000e-02 2.2828692064e+00
1.1294000000e-01 1.5786001253e+00
1.4219000000e-01 1.0762687175e+00
1.7901000000e-01 7.3138883477e-01
2.2536000000e-01 4.9539816346e-01
2.8371000000e-01 3.3418883666e-01
3.5717000000e-01 2.2483015591e-01
4.4965000000e-01 1.5109038273e-01
5.6608000000e-01 2.5523294166e-01
7.1264000000e-01 6.7694813662e-02
8.9717000000e-01 4.5156944561e-02
1.1294000000e+00 3.0479124458e-02
1.4219000000e+00 2.0874688110e-02
1.7901000000e+00 1.4487367352e-02
2.2536000000e+00 1.0160656103e-02
2.8371000000e+00 7.1701486919e-03
3.5717000000e+00 5.0749197547e-03
4.4965000000e+00 3.5983963718e-03
5.6607000000e+00 2.5534239110e-03
7.1265000000e+00 1.8112208736e-03
8.9717000000e+00 1.2836136583e-03
1.1295000000e+01 9.0889027634e-04
1.4219000000e+01 6.4364823117e-04
1.7901000000e+01 4.5658309871e-04
2.2536000000e+01 3.2515313248e-04
2.8371000000e+01 2.3277393152e-04
3.5717000000e+01 1.6711580519e-04
4.4965000000e+01 1.1996572419e-04
5.6607000000e+01 8.5613196349e-05
7.1265000000e+01 6.0227106060e-05
8.9716000000e+01 4.1542891932e-05
1.1294000000e+02 2.7921152024e-05
1.4219000000e+02 1.8182812849e-05
1.7901000000e+02 1.1478178209e-05
2.2536000000e+02 7.0110861367e-06
2.8371000000e+02 4.1023977967e-06
3.5717000000e+02 2.2919359381e-06
4.4965000000e+02 1.2728020600e-06
5.6608000000e+02 6.7450199879e-07
7.1265000000e+02 3.3700552068e-07
8.9716000000e+02 1.6327688463e-07
1.1294000000e+03 9.3731130631e-08
1.4219000000e+03 5.3728421025e-08
1.7901000000e+03 3.0047081793e-08
2.2536000000e+03 1.5887765405e-08
2.8371000000e+03 7.5569027785e-09
3.5717000000e+03 3.4376065755e-09
4.4965000000e+03 1.6842878681e-09
5.6608000000e+03 8.1270880284e-10
7.1265000000e+03 4.0025710527e-10
8.9717000000e+03 4.1107172673e-10
1.1294000000e+04 3.7314383454e-10
1.4219000000e+04 2.2625958930e-10
1.7901000000e+04 1.3710639905e-10
2.2536000000e+04 8.3038920137e-11
2.8371000000e+04 5.0270574812e-11
3.5717000000e+04 3.0421802635e-11
4.4965000000e+04 1.8404919604e-11
5.6608000000e+04 1.1132093357e-11
7.1264000000e+04 6.7323303155e-12
8.9716000000e+04 4.0707656032e-12
1.1294000000e+05 2.4614179257e-12
1.4219000000e+05 1.4878557337e-12
1.7901000000e+05 8.9936060195e-13
2.2536000000e+05 5.4362747222e-13
2.8371000000e+05 3.2858919940e-13
3.5717000000e+05 1.9860229034e-13
4.4965000000e+05 1.2003407438e-13
5.6608000000e+05 7.2544970368e-14
7.1264000000e+05 4.3845605599e-14
8.9716000000e+05 2.6498588277e-14
