# particle=muplus
# bin=07
# theta_mid_deg=75.522488
# mu_high=0.300000
# mu_low=0.200000
# delta_omega_sr=0.6283185307
# black_hole_mode=No
# energy_unit=MeV
# flux_unit=cm^-2 s^-1 MeV^-1 sr^-1
# Energy Flux
1.1294000000e-02 8.7086144581e-11
1.4219000000e-02 1.0128461160e-10
1.7901000000e-02 1.1781901801e-10
2.2536000000e-02 1.3708130472e-10
2.8371000000e-02 1.5953255165e-10
3.5717000000e-02 1.8571500054e-10
4.4965000000e-02 2.1626589102e-10
5.6607000000e-02 2.5193774454e-10
7.1264000000e-02 2.9362726699e-10
8.9717000000e-02 3.4239836299e-10
1.1294000000e-01 3.9949983959e-10
1.4219000000e-01 4.6650383541e-10
1.7901000000e-01 5.4521482585e-10
2.2536000000e-01 6.3786765294e-10
2.8371000000e-01 7.4720068179e-10
3.5717000000e-01 8.7658940925e-10
4.4965000000e-01 1.0302200316e-09
5.6608000000e-01 1.2133535644e-09
7.1264000000e-01 1.4326029171e-09
8.9717000000e-01 1.6964915865e-09
1.1294000000e+00 2.0157737823e-09
1.4219000000e+00 2.4048046776e-09
1.7901000000e+00 2.8816957600e-09
2.2536000000e+00 3.4703070866e-09
2.8371000000e+00 4.2017661159e-09
3.5717000000e+00 5.1164978403e-09
4.4965000000e+00 6.2665120842e-09
5.6607000000e+00 7.7178756414e-09
7.1265000000e+00 9.5531473327e-09
8.9717000000e+00 1.1871382108e-08
1.1295000000e+01 1.5017484848e-08
1.4219000000e+01 1.9232403668e-08
1.7901000000e+01 2.4482185808e-08
2.2536000000e+01 3.0852837878e-08
2.8371000000e+01 3.8367440076e-08
3.5717000000e+01 4.6980601990e-08
4.4965000000e+01 5.6404297910e-08
5.6607000000e+01 6.6682504754e-08
7.1265000000e+01 7.8143575728e-08
8.9716000000e+01 9.0774572459e-08
1.1294000000e+02 1.0620398386e-07
1.4219000000e+02 1.2496540842e-07
1.7901000000e+02 1.4647787759e-07
2.2536000000e+02 1.7046243341e-07
2.8371000000e+02 1.9432141503e-07
3.5717000000e+02 2.1476709781e-07
4.4965000000e+02 2.3082729128e-07
5.6608000000e+02 2.4106058274e-07
7.1265000000e+02 2.3391495396e-07
8.9716000000e+02 2.1755075331e-07
1.1294000000e+03 1.9677347821e-07
1.4219000000e+03 1.7661523305e-07
1.7901000000e+03 1.5426030432e-07
2.2536000000e+03 1.2601872099e-07
2.8371000000e+03 9.7695690116e-08
3.5717000000e+03 7.2240800920e-08
4.4965000000e+03 5.1051368276e-08
5.6608000000e+03 3.4667977536e-08
7.1265000000e+03 2.2930310480e-08
8.9717000000e+03 1.4636655417e-08
1.1294000000e+04 9.0152502485e-09
1.4219000000e+04 5.4279870178e-09
1.7901000000e+04 3.2027569848e-09
2.2536000000e+04 1.8498445704e-09
2.8371000000e+04 1.0516108648e-09
3.5717000000e+04 5.9015048806e-10
4.4965000000e+04 3.2770568527e-10
5.6608000000e+04 1.8034285418e-10
7.1264000000e+04 9.7745539602e-11
8.9716000000e+04 5.0792633690e-11
1.1294000000e+05 2.6919085229e-11
1.4219000000e+05 1.4732528833e-11
1.7901000000e+05 8.0487235431e-12
2.2536000000e+05 4.3910935557e-12
2.8371000000e+05 2.3929481094e-12
3.5717000000e+05 1.2131491602e-12
4.4965000000e+05 6.0220833067e-13
5.6608000000e+05 2.9874567884e-13
7.1264000000e+05 1.4814330649e-13
8.9716000000e+05 7.3430912562e-14
