# particle=gamma
# bin=14
# theta_mid_deg=116.743684
# mu_high=-0.400000
# mu_low=-0.500000
# delta_omega_sr=0.6283185307
# black_hole_mode=No
# energy_unit=MeV
# flux_unit=cm^-2 s^-1 MeV^-1 sr^-1
# Energy Flux
1.1294000000e-02 1.7589539271e-02
1.4219000000e-02 4.2541520411e-02
1.7901000000e-02 1.0423377577e-01
2.2536000000e-02 2.5875257262e-01
2.8371000000e-02 6.4106335461e-01
3.5717000000e-02 1.4927587209e+00
4.4965000000e-02 2.8066932426e+00
5.6607000000e-02 3.5044931648e+00
7.1264000000e-02 2.9942312632e+00
8.9717000000e-02 2.0965959606e+00
1.1294000000e-01 1.3875660800e+00
1.4219000000e-01 9.3350125425e-01
1.7901000000e-01 6.4003284249e-01
2.2536000000e-01 4.4605832015e-01
2.8371000000e-01 3.1474290680e-01
3.5717000000e-01 2.2425403143e-01
4.4965000000e-01 1.6101843600e-01
5.6608000000e-01 2.9249681820e-01
7.1264000000e-01 8.3724817066e-02
8.9717000000e-01 6.0285516257e-02
1.1294000000e+00 4.3786414117e-02
1.4219000000e+00 3.2106385331e-02
1.7901000000e+00 2.3727017153e-02
2.2536000000e+00 1.7653097331e-02
2.8371000000e+00 1.3205211972e-02
3.5717000000e+00 9.9128184652e-03
4.4965000000e+00 7.4404997147e-03
5.6607000000e+00 5.5689524608e-03
7.1265000000e+00 4.1571966558e-03
8.9717000000e+00 3.0981119818e-03
1.1295000000e+01 2.3045973465e-03
1.4219000000e+01 1.7099262521e-03
1.7901000000e+01 1.2638561596e-03
2.2536000000e+01 9.2963244843e-04
2.8371000000e+01 6.7967089784e-04
3.5717000000e+01 4.9222671352e-04
4.4965000000e+01 3.5265951707e-04
5.6607000000e+01 2.4946127477e-04
7.1265000000e+01 1.7356705887e-04
8.9716000000e+01 1.1862975061e-04
1.1294000000e+02 7.9442070953e-05
1.4219000000e+02 5.1982258902e-05
1.7901000000e+02 3.3189338413e-05
2.2536000000e+02 2.0649370553e-05
2.8371000000e+02 1.2495626097e-05
3.5717000000e+02 7.3498559133e-06
4.4965000000e+02 4.2359000877e-06
5.6608000000e+02 2.3722758294e-06
7.1265000000e+02 1.2860803702e-06
8.9716000000e+02 6.7891033248e-07
1.1294000000e+03 3.6508998637e-07
1.4219000000e+03 1.9543686388e-07
1.7901000000e+03 1.0332334396e-07
2.2536000000e+03 5.3157241670e-08
2.8371000000e+03 2.6008092420e-08
3.5717000000e+03 1.2133764755e-08
4.4965000000e+03 5.4915341767e-09
5.6608000000e+03 2.3482647208e-09
7.1265000000e+03 9.8292436086e-10
8.9717000000e+03 6.2728470652e-10
1.1294000000e+04 4.7621692966e-10
1.4219000000e+04 2.8875901717e-10
1.7901000000e+04 1.7497914302e-10
2.2536000000e+04 1.0597666618e-10
2.8371000000e+04 6.4156758262e-11
3.5717000000e+04 3.8825182422e-11
4.4965000000e+04 2.3488889520e-11
5.6608000000e+04 1.4207098787e-11
7.1264000000e+04 8.5919942273e-12
8.9716000000e+04 5.1952285352e-12
1.1294000000e+05 3.1413325873e-12
1.4219000000e+05 1.8988444232e-12
1.7901000000e+05 1.1477899536e-12
2.2536000000e+05 6.9379306781e-13
2.8371000000e+05 4.1935501856e-13
3.5717000000e+05 2.5346197411e-13
4.4965000000e+05 1.5319094961e-13
5.6608000000e+05 9.2583984655e-14
7.1264000000e+05 5.5957027143e-14
8.9716000000e+05 3.3818263044e-14
