# particle=eplus
# bin=08
# theta_mid_deg=81.373073
# mu_high=0.200000
# mu_low=0.100000
# delta_omega_sr=0.6283185307
# black_hole_mode=No
# energy_unit=MeV
# flux_unit=cm^-2 s^-1 MeV^-1 sr^-1
# Energy Flux
1.1294000000e-02 2.5867859483e-05
1.4219000000e-02 3.0679713345e-05
1.7901000000e-02 3.6350717491e-05
2.2536000000e-02 4.3015084400e-05
2.8371000000e-02 5.0817635479e-05
3.5717000000e-02 5.9907996791e-05
4.4965000000e-02 7.0430238257e-05
5.6607000000e-02 8.2507712999e-05
7.1264000000e-02 9.6221722279e-05
8.9717000000e-02 1.1157749293e-04
1.1294000000e-01 1.2854722430e-04
1.4219000000e-01 1.4693044991e-04
1.7901000000e-01 1.6602445423e-04
2.2536000000e-01 1.8515507312e-04
2.8371000000e-01 2.0649467743e-04
3.5717000000e-01 2.2589734635e-04
4.4965000000e-01 2.4164269464e-04
5.6608000000e-01 2.5508517702e-04
7.1264000000e-01 2.6493706999e-04
8.9717000000e-01 2.7002976859e-04
1.1294000000e+00 2.6968927362e-04
1.4219000000e+00 2.6438342059e-04
1.7901000000e+00 2.5576844584e-04
2.2536000000e+00 2.4441576957e-04
2.8371000000e+00 2.2994053360e-04
3.5717000000e+00 2.1306851397e-04
4.4965000000e+00 1.9532123546e-04
5.6607000000e+00 1.7685934674e-04
7.1265000000e+00 1.5770218696e-04
8.9717000000e+00 1.3858587939e-04
1.1295000000e+01 1.2055698336e-04
1.4219000000e+01 1.0443011598e-04
1.7901000000e+01 9.0511297017e-05
2.2536000000e+01 7.8748793400e-05
2.8371000000e+01 6.8719392179e-05
3.5717000000e+01 5.9857599673e-05
4.4965000000e+01 5.1725696608e-05
5.6607000000e+01 4.4012511007e-05
7.1265000000e+01 3.6740990193e-05
8.9716000000e+01 3.0064872314e-05
1.1294000000e+02 2.4121711302e-05
1.4219000000e+02 1.9000576347e-05
1.7901000000e+02 1.4724848828e-05
2.2536000000e+02 1.1230311411e-05
2.8371000000e+02 8.3918058326e-06
3.5717000000e+02 6.1165958566e-06
4.4965000000e+02 4.4065500763e-06
5.6608000000e+02 3.1396705511e-06
7.1265000000e+02 2.2120152670e-06
8.9716000000e+02 1.5403891096e-06
1.1294000000e+03 1.0603222450e-06
1.4219000000e+03 7.2182158756e-07
1.7901000000e+03 4.8671050739e-07
2.2536000000e+03 3.2557097103e-07
2.8371000000e+03 2.1638666887e-07
3.5717000000e+03 1.4309685331e-07
4.4965000000e+03 9.4247459674e-08
5.6608000000e+03 6.1862462176e-08
7.1265000000e+03 4.0504974685e-08
8.9717000000e+03 2.6474403411e-08
1.1294000000e+04 1.7246201258e-08
1.4219000000e+04 1.1207393278e-08
1.7901000000e+04 7.2830636315e-09
2.2536000000e+04 4.7328324690e-09
2.8371000000e+04 3.0755154872e-09
3.5717000000e+04 1.9984822172e-09
4.4965000000e+04 1.2986047991e-09
5.6608000000e+04 8.4380477742e-10
7.1264000000e+04 5.4830678829e-10
8.9716000000e+04 3.5627796115e-10
1.1294000000e+05 2.3152254741e-10
1.4219000000e+05 1.5042327530e-10
1.7901000000e+05 9.7737274502e-11
2.2536000000e+05 6.3506912065e-11
2.8371000000e+05 4.1265252848e-11
3.5717000000e+05 2.6812847985e-11
4.4965000000e+05 1.7422177918e-11
5.6608000000e+05 1.1320224394e-11
7.1264000000e+05 7.3557637095e-12
8.9716000000e+05 4.7795465561e-12
