# particle=p
# bin=01
# theta_mid_deg=31.788331
# mu_high=0.900000
# mu_low=0.800000
# delta_omega_sr=0.6283185307
# black_hole_mode=No
# energy_unit=MeV
# flux_unit=cm^-2 s^-1 MeV^-1 sr^-1
# Energy Flux
1.1294000000e-02 1.1454498717e-06
1.4219000000e-02 1.0762408151e-06
1.7901000000e-02 1.0121652904e-06
2.2536000000e-02 9.5319977584e-07
2.8371000000e-02 8.9942091046e-07
3.5717000000e-02 8.5103268958e-07
4.4965000000e-02 8.0839819567e-07
5.6607000000e-02 7.7207268236e-07
7.1264000000e-02 7.4284562031e-07
8.9717000000e-02 7.2180151082e-07
1.1294000000e-01 7.1037579524e-07
1.4219000000e-01 7.1039988115e-07
1.7901000000e-01 7.2417265901e-07
2.2536000000e-01 7.5446270348e-07
2.8371000000e-01 8.0450281995e-07
3.5717000000e-01 8.7790174985e-07
4.4965000000e-01 9.7845276027e-07
5.6608000000e-01 1.1098451590e-06
7.1264000000e-01 1.2752145655e-06
8.9717000000e-01 1.4767422233e-06
1.1294000000e+00 1.7146416484e-06
1.4219000000e+00 1.9866021064e-06
1.7901000000e+00 2.2879185267e-06
2.2536000000e+00 2.6114520062e-06
2.8371000000e+00 2.9474665337e-06
3.5717000000e+00 3.2823261372e-06
4.4965000000e+00 3.6047571446e-06
5.6607000000e+00 3.9122222957e-06
7.1265000000e+00 4.1863563107e-06
8.9717000000e+00 4.4126055079e-06
1.1295000000e+01 4.5805359159e-06
1.4219000000e+01 4.6823602482e-06
1.7901000000e+01 4.7071785222e-06
2.2536000000e+01 4.6504940099e-06
2.8371000000e+01 4.5254929017e-06
3.5717000000e+01 4.3191972151e-06
4.4965000000e+01 4.0455941636e-06
5.6607000000e+01 3.7219588832e-06
7.1265000000e+01 3.3599678836e-06
8.9716000000e+01 2.9679745476e-06
1.1294000000e+02 2.5568097012e-06
1.4219000000e+02 2.1457355907e-06
1.7901000000e+02 1.7719874719e-06
2.2536000000e+02 1.4746091123e-06
2.8371000000e+02 1.2491420508e-06
3.5717000000e+02 1.0396658924e-06
4.4965000000e+02 7.9761453961e-07
5.6608000000e+02 6.0468676552e-07
7.1265000000e+02 6.1610363956e-07
8.9716000000e+02 6.1164680613e-07
1.1294000000e+03 5.1740649114e-07
1.4219000000e+03 4.0724868046e-07
1.7901000000e+03 3.0996530860e-07
2.2536000000e+03 2.3120188319e-07
2.8371000000e+03 1.7069617218e-07
3.5717000000e+03 1.2606531627e-07
4.4965000000e+03 9.4507398527e-08
5.6608000000e+03 7.5629019485e-08
7.1265000000e+03 7.8321408927e-08
8.9717000000e+03 1.5163066957e-07
1.1294000000e+04 3.8541917778e-07
1.4219000000e+04 3.8005877436e-07
1.7901000000e+04 2.2988820490e-07
2.2536000000e+04 1.3200435350e-07
2.8371000000e+04 7.4718942654e-08
3.5717000000e+04 4.1796948052e-08
4.4965000000e+04 2.3153765028e-08
5.6608000000e+04 1.2725065555e-08
7.1264000000e+04 6.9485683927e-09
8.9716000000e+04 3.7746866857e-09
1.1294000000e+05 2.0418008354e-09
1.4219000000e+05 1.1009934699e-09
1.7901000000e+05 5.9200587128e-10
2.2536000000e+05 3.1765969629e-10
2.8371000000e+05 1.7016166240e-10
3.5717000000e+05 9.1025574431e-11
4.4965000000e+05 4.8643228349e-11
5.6608000000e+05 2.5969574269e-11
7.1264000000e+05 1.3855518189e-11
8.9716000000e+05 7.3882940804e-12
