1 0 1 0 0.000000000000e+00 62.49008000 -16.03987000 -0.23171000 -0.96476000 0.26018000 0.03927000 0 0 0 5768.820000
2 0 1 0 1.000000000000e-09 62.49008000 -16.03987000 -0.23171000 -0.96476000 0.26018000 0.03927000 0 0 0 5768.820000
3 0 1 0 2.000000000000e-09 62.49008000 -16.03987000 -0.23171000 -0.96476000 0.26018000 0.03927000 0 0 0 5768.820000
4 0 1 0 3.000000000000e-09 62.49008000 -16.03987000 -0.23171000 -0.96476000 0.26018000 0.03927000 0 0 0 5768.820000
5 0 1 0 4.000000000000e-09 62.49008000 -16.03987000 -0.23171000 -0.96476000 0.26018000 0.03927000 0 0 0 5768.820000
6 0 1 0 5.000000000000e-09 62.49008000 -16.03987000 -0.23171000 -0.96476000 0.26018000 0.03927000 0 0 0 5768.820000
7 0 1 0 6.000000000000e-09 62.49008000 -16.03987000 -0.23171000 -0.96476000 0.26018000 0.03927000 0 0 0 5768.820000
8 0 1 0 7.000000000000e-09 62.49008000 -16.03987000 -0.23171000 -0.96476000 0.26018000 0.03927000 0 0 0 5768.820000
9 0 1 0 8.000000000000e-09 62.49008000 -16.03987000 -0.23171000 -0.96476000 0.26018000 0.03927000 0 0 0 5768.820000
10 0 1 0 9.000000000000e-09 62.49008000 -16.03987000 -0.23171000 -0.96476000 0.26018000 0.03927000 0 0 0 5768.820000
11 0 1 0 1.000000000000e-08 62.49008000 -16.03987000 -0.23171000 -0.96476000 0.26018000 0.03927000 0 0 0 5768.820000
12 0 1 0 1.100000000000e-08 62.49008000 -16.03987000 -0.23171000 -0.96476000 0.26018000 0.03927000 0 0 0 5768.820000
13 0 1 0 1.200000000000e-08 62.49008000 -16.03987000 -0.23171000 -0.96476000 0.26018000 0.03927000 0 0 0 5768.820000
14 0 1 0 1.300000000000e-08 62.49008000 -16.03987000 -0.23171000 -0.96476000 0.26018000 0.03927000 0 0 0 5768.820000
15 0 1 0 1.400000000000e-08 62.49008000 -16.03987000 -0.23171000 -0.96476000 0.26018000 0.03927000 0 0 0 5768.820000
16 0 1 0 1.500000000000e-08 62.49008000 -16.03987000 -0.23171000 -0.96476000 0.26018000 0.03927000 0 0 0 5768.820000
17 0 1 0 1.600000000000e-08 62.49008000 -16.03987000 -0.23171000 -0.96476000 0.26018000 0.03927000 0 0 0 5768.820000
18 0 1 0 1.700000000000e-08 62.49008000 -16.03987000 -0.23171000 -0.96476000 0.26018000 0.03927000 0 0 0 5768.820000
19 0 1 0 1.800000000000e-08 62.49008000 -16.03987000 -0.23171000 -0.96476000 0.26018000 0.03927000 0 0 0 5768.820000
20 0 1 0 1.900000000000e-08 62.49008000 -16.03987000 -0.23171000 -0.96476000 0.26018000 0.03927000 0 0 0 5768.820000
21 0 1 0 2.000000000000e-08 62.49008000 -16.03987000 -0.23171000 -0.96476000 0.26018000 0.03927000 0 0 0 5768.820000
22 0 1 0 2.100000000000e-08 62.49008000 -16.03987000 -0.23171000 -0.96476000 0.26018000 0.03927000 0 0 0 5768.820000
23 0 1 0 2.200000000000e-08 62.49008000 -16.03987000 -0.23171000 -0.96476000 0.26018000 0.03927000 0 0 0 5768.820000
24 0 1 0 2.300000000000e-08 62.49008000 -16.03987000 -0.23171000 -0.96476000 0.26018000 0.03927000 0 0 0 5768.820000
25 0 1 0 2.400000000000e-08 62.49008000 -16.03987000 -0.23171000 -0.96476000 0.26018000 0.03927000 0 0 0 5768.820000
26 0 1 0 2.500000000000e-08 62.49008000 -16.03987000 -0.23171000 -0.96476000 0.26018000 0.03927000 0 0 0 5768.820000
27 0 1 0 2.600000000000e-08 62.49008000 -16.03987000 -0.23171000 -0.96476000 0.26018000 0.03927000 0 0 0 5768.820000
28 0 1 0 2.700000000000e-08 62.49008000 -16.03987000 -0.23171000 -0.96476000 0.26018000 0.03927000 0 0 0 5768.820000
29 0 1 0 2.800000000000e-08 62.49008000 -16.03987000 -0.23171000 -0.96476000 0.26018000 0.03927000 0 0 0 5768.820000
30 0 1 0 2.900000000000e-08 62.49008000 -16.03987000 -0.23171000 -0.96476000 0.26018000 0.03927000 0 0 0 5768.820000
31 0 1 0 3.000000000000e-08 62.49008000 -16.03987000 -0.23171000 -0.96476000 0.26018000 0.03927000 0 0 0 5768.820000
32 0 1 0 3.100000000000e-08 62.49008000 -16.03987000 -0.23171000 -0.96476000 0.26018000 0.03927000 0 0 0 5768.820000
33 0 1 0 3.200000000000e-08 62.49008000 -16.03987000 -0.23171000 -0.96476000 0.26018000 0.03927000 0 0 0 5768.820000
34 0 1 0 3.300000000000e-08 62.49008000 -16.03987000 -0.23171000 -0.96476000 0.26018000 0.03927000 0 0 0 5768.820000
35 0 1 0 3.400000000000e-08 62.49008000 -16.03987000 -0.23171000 -0.96476000 0.26018000 0.03927000 0 0 0 5768.820000
36 0 1 0 3.500000000000e-08 62.49008000 -16.03987000 -0.23171000 -0.96476000 0.26018000 0.03927000 0 0 0 5768.820000
37 0 1 0 3.600000000000e-08 62.49008000 -16.03987000 -0.23171000 -0.96476000 0.26018000 0.03927000 0 0 0 5768.820000
38 0 1 0 3.700000000000e-08 62.49008000 -16.03987000 -0.23171000 -0.96476000 0.26018000 0.03927000 0 0 0 5768.820000
39 0 1 0 3.800000000000e-08 62.49008000 -16.03987000 -0.23171000 -0.96476000 0.26018000 0.03927000 0 0 0 5768.820000
40 0 1 0 3.900000000000e-08 62.49008000 -16.03987000 -0.23171000 -0.96476000 0.26018000 0.03927000 0 0 0 5768.820000
41 0 1 0 4.000000000000e-08 62.49008000 -16.03987000 -0.23171000 -0.96476000 0.26018000 0.03927000 0 0 0 5768.820000
42 0 1 0 4.100000000000e-08 62.49008000 -16.03987000 -0.23171000 -0.96476000 0.26018000 0.03927000 0 0 0 5768.820000
43 0 1 0 4.200000000000e-08 62.49008000 -16.03987000 -0.23171000 -0.96476000 0.26018000 0.03927000 0 0 0 5768.820000
44 0 1 0 4.300000000000e-08 62.49008000 -16.03987000 -0.23171000 -0.96476000 0.26018000 0.03927000 0 0 0 5768.820000
45 0 1 0 4.400000000000e-08 62.49008000 -16.03987000 -0.23171000 -0.96476000 0.26018000 0.03927000 0 0 0 5768.820000
46 0 1 0 4.500000000000e-08 62.49008000 -16.03987000 -0.23171000 -0.96476000 0.26018000 0.03927000 0 0 0 5768.820000
47 0 1 0 4.600000000000e-08 62.49008000 -16.03987000 -0.23171000 -0.96476000 0.26018000 0.03927000 0 0 0 5768.820000
48 0 1 0 4.700000000000e-08 62.49008000 -16.03987000 -0.23171000 -0.96476000 0.26018000 0.03927000 0 0 0 5768.820000
49 0 1 0 4.800000000000e-08 62.49008000 -16.03987000 -0.23171000 -0.96476000 0.26018000 0.03927000 0 0 0 5768.820000
50 0 1 0 4.900000000000e-08 62.49008000 -16.03987000 -0.23171000 -0.96476000 0.26018000 0.03927000 0 0 0 5768.820000
51 0 1 0 5.000000000000e-08 62.49008000 -16.03987000 -0.23171000 -0.96476000 0.26018000 0.03927000 0 0 0 5768.820000
52 0 1 0 5.100000000000e-08 62.49008000 -16.03987000 -0.23171000 -0.96476000 0.26018000 0.03927000 0 0 0 5768.820000
53 0 1 0 5.200000000000e-08 62.49008000 -16.03987000 -0.23171000 -0.96476000 0.26018000 0.03927000 0 0 0 5768.820000
54 0 1 0 5.300000000000e-08 62.49008000 -16.03987000 -0.23171000 -0.96476000 0.26018000 0.03927000 0 0 0 5768.820000
55 0 1 0 5.400000000000e-08 62.49008000 -16.03987000 -0.23171000 -0.96476000 0.26018000 0.03927000 0 0 0 5768.820000
56 0 1 0 5.500000000000e-08 62.49008000 -16.03987000 -0.23171000 -0.96476000 0.26018000 0.03927000 0 0 0 5768.820000
57 0 1 0 5.600000000000e-08 62.49008000 -16.03987000 -0.23171000 -0.96476000 0.26018000 0.03927000 0 0 0 5768.820000
58 0 1 0 5.700000000000e-08 62.49008000 -16.03987000 -0.23171000 -0.96476000 0.26018000 0.03927000 0 0 0 5768.820000
59 0 1 0 5.800000000000e-08 62.49008000 -16.03987000 -0.23171000 -0.96476000 0.26018000 0.03927000 0 0 0 5768.820000
60 0 1 0 5.900000000000e-08 62.49008000 -16.03987000 -0.23171000 -0.96476000 0.26018000 0.03927000 0 0 0 5768.820000
61 0 1 0 6.000000000000e-08 62.49008000 -16.03987000 -0.23171000 -0.96476000 0.26018000 0.03927000 0 0 0 5768.820000
62 0 1 0 6.100000000000e-08 62.49008000 -16.03987000 -0.23171000 -0.96476000 0.26018000 0.03927000 0 0 0 5768.820000
63 0 1 0 6.200000000000e-08 62.49008000 -16.03987000 -0.23171000 -0.96476000 0.26018000 0.03927000 0 0 0 5768.820000
64 0 1 0 6.300000000000e-08 62.49008000 -16.03987000 -0.23171000 -0.96476000 0.26018000 0.03927000 0 0 0 5768.820000
65 0 1 0 6.400000000000e-08 62.49008000 -16.03987000 -0.23171000 -0.96476000 0.26018000 0.03927000 0 0 0 5768.820000
66 0 1 0 6.500000000000e-08 62.49008000 -16.03987000 -0.23171000 -0.96476000 0.26018000 0.03927000 0 0 0 5768.820000
67 0 1 0 6.600000000000e-08 62.49008000 -16.03987000 -0.23171000 -0.96476000 0.26018000 0.03927000 0 0 0 5768.820000
68 0 1 0 6.700000000000e-08 62.49008000 -16.03987000 -0.23171000 -0.96476000 0.26018000 0.03927000 0 0 0 5768.820000
69 0 1 0 6.800000000000e-08 62.49008000 -16.03987000 -0.23171000 -0.96476000 0.26018000 0.03927000 0 0 0 5768.820000
70 0 1 0 6.900000000000e-08 62.49008000 -16.03987000 -0.23171000 -0.96476000 0.26018000 0.03927000 0 0 0 5768.820000
71 0 1 0 7.000000000000e-08 62.49008000 -16.03987000 -0.23171000 -0.96476000 0.26018000 0.03927000 0 0 0 5768.820000
72 0 1 0 7.100000000000e-08 62.49008000 -16.03987000 -0.23171000 -0.96476000 0.26018000 0.03927000 0 0 0 5768.820000
73 0 1 0 7.200000000000e-08 62.49008000 -16.03987000 -0.23171000 -0.96476000 0.26018000 0.03927000 0 0 0 5768.820000
74 0 1 0 7.300000000000e-08 62.49008000 -16.03987000 -0.23171000 -0.96476000 0.26018000 0.03927000 0 0 0 5768.820000
75 0 1 0 7.400000000000e-08 62.49008000 -16.03987000 -0.23171000 -0.96476000 0.26018000 0.03927000 0 0 0 5768.820000
76 0 1 0 7.500000000000e-08 62.49008000 -16.03987000 -0.23171000 -0.96476000 0.26018000 0.03927000 0 0 0 5768.820000
77 0 1 0 7.600000000000e-08 62.49008000 -16.03987000 -0.23171000 -0.96476000 0.26018000 0.03927000 0 0 0 5768.820000
78 0 1 0 7.700000000000e-08 62.49008000 -16.03987000 -0.23171000 -0.96476000 0.26018000 0.03927000 0 0 0 5768.820000
79 0 1 0 7.800000000000e-08 62.49008000 -16.03987000 -0.23171000 -0.96476000 0.26018000 0.03927000 0 0 0 5768.820000
80 0 1 0 7.900000000000e-08 62.49008000 -16.03987000 -0.23171000 -0.96476000 0.26018000 0.03927000 0 0 0 5768.820000
81 0 1 0 8.000000000000e-08 62.49008000 -16.03987000 -0.23171000 -0.96476000 0.26018000 0.03927000 0 0 0 5768.820000
82 0 1 0 8.100000000000e-08 62.49008000 -16.03987000 -0.23171000 -0.96476000 0.26018000 0.03927000 0 0 0 5768.820000
83 0 1 0 8.200000000000e-08 62.49008000 -16.03987000 -0.23171000 -0.96476000 0.26018000 0.03927000 0 0 0 5768.820000
84 0 1 0 8.300000000000e-08 62.49008000 -16.03987000 -0.23171000 -0.96476000 0.26018000 0.03927000 0 0 0 5768.820000
85 0 1 0 8.400000000000e-08 62.49008000 -16.03987000 -0.23171000 -0.96476000 0.26018000 0.03927000 0 0 0 5768.820000
86 0 1 0 8.500000000000e-08 62.49008000 -16.03987000 -0.23171000 -0.96476000 0.26018000 0.03927000 0 0 0 5768.820000
87 0 1 0 8.600000000000e-08 62.49008000 -16.03987000 -0.23171000 -0.96476000 0.26018000 0.03927000 0 0 0 5768.820000
88 0 1 0 8.700000000000e-08 62.49008000 -16.03987000 -0.23171000 -0.96476000 0.26018000 0.03927000 0 0 0 5768.820000
89 0 1 0 8.800000000000e-08 62.49008000 -16.03987000 -0.23171000 -0.96476000 0.26018000 0.03927000 0 0 0 5768.820000
90 0 1 0 8.900000000000e-08 62.49008000 -16.03987000 -0.23171000 -0.96476000 0.26018000 0.03927000 0 0 0 5768.820000
91 0 1 0 9.000000000000e-08 62.49008000 -16.03987000 -0.23171000 -0.96476000 0.26018000 0.03927000 0 0 0 5768.820000
92 0 1 0 9.100000000000e-08 62.49008000 -16.03987000 -0.23171000 -0.96476000 0.26018000 0.03927000 0 0 0 5768.820000
93 0 1 0 9.200000000000e-08 62.49008000 -16.03987000 -0.23171000 -0.96476000 0.26018000 0.03927000 0 0 0 5768.820000
94 0 1 0 9.300000000000e-08 62.49008000 -16.03987000 -0.23171000 -0.96476000 0.26018000 0.03927000 0 0 0 5768.820000
95 0 1 0 9.400000000000e-08 62.49008000 -16.03987000 -0.23171000 -0.96476000 0.26018000 0.03927000 0 0 0 5768.820000
96 0 1 0 9.500000000000e-08 62.49008000 -16.03987000 -0.23171000 -0.96476000 0.26018000 0.03927000 0 0 0 5768.820000
97 0 1 0 9.600000000000e-08 62.49008000 -16.03987000 -0.23171000 -0.96476000 0.26018000 0.03927000 0 0 0 5768.820000
98 0 1 0 9.700000000000e-08 62.49008000 -16.03987000 -0.23171000 -0.96476000 0.26018000 0.03927000 0 0 0 5768.820000
99 0 1 0 9.800000000000e-08 62.49008000 -16.03987000 -0.23171000 -0.96476000 0.26018000 0.03927000 0 0 0 5768.820000
100 0 1 0 9.900000000000e-08 62.49008000 -16.03987000 -0.23171000 -0.96476000 0.26018000 0.03927000 0 0 0 5768.820000
101 0 1 0 1.000000000000e-07 62.49008000 -16.03987000 -0.23171000 -0.96476000 0.26018000 0.03927000 0 0 0 5768.820000
102 0 1 0 1.010000000000e-07 62.49008000 -16.03987000 -0.23171000 -0.96476000 0.26018000 0.03927000 0 0 0 5768.820000
103 0 1 0 1.020000000000e-07 62.49008000 -16.03987000 -0.23171000 -0.96476000 0.26018000 0.03927000 0 0 0 5768.820000
104 0 1 0 1.030000000000e-07 62.49008000 -16.03987000 -0.23171000 -0.96476000 0.26018000 0.03927000 0 0 0 5768.820000
105 0 1 0 1.040000000000e-07 62.49008000 -16.03987000 -0.23171000 -0.96476000 0.26018000 0.03927000 0 0 0 5768.820000
106 0 1 0 1.050000000000e-07 62.49008000 -16.03987000 -0.23171000 -0.96476000 0.26018000 0.03927000 0 0 0 5768.820000
107 0 1 0 1.060000000000e-07 62.49008000 -16.03987000 -0.23171000 -0.96476000 0.26018000 0.03927000 0 0 0 5768.820000
108 0 1 0 1.070000000000e-07 62.49008000 -16.03987000 -0.23171000 -0.96476000 0.26018000 0.03927000 0 0 0 5768.820000
109 0 1 0 1.080000000000e-07 62.49008000 -16.03987000 -0.23171000 -0.96476000 0.26018000 0.03927000 0 0 0 5768.820000
110 0 1 0 1.090000000000e-07 62.49008000 -16.03987000 -0.23171000 -0.96476000 0.26018000 0.03927000 0 0 0 5768.820000
111 0 1 0 1.100000000000e-07 62.49008000 -16.03987000 -0.23171000 -0.96476000 0.26018000 0.03927000 0 0 0 5768.820000
112 0 1 0 1.110000000000e-07 62.49008000 -16.03987000 -0.23171000 -0.96476000 0.26018000 0.03927000 0 0 0 5768.820000
113 0 1 0 1.120000000000e-07 62.49008000 -16.03987000 -0.23171000 -0.96476000 0.26018000 0.03927000 0 0 0 5768.820000
114 0 1 0 1.130000000000e-07 62.49008000 -16.03987000 -0.23171000 -0.96476000 0.26018000 0.03927000 0 0 0 5768.820000
115 0 1 0 1.140000000000e-07 62.49008000 -16.03987000 -0.23171000 -0.96476000 0.26018000 0.03927000 0 0 0 5768.820000
116 0 1 0 1.150000000000e-07 62.49008000 -16.03987000 -0.23171000 -0.96476000 0.26018000 0.03927000 0 0 0 5768.820000
117 0 1 0 1.160000000000e-07 62.49008000 -16.03987000 -0.23171000 -0.96476000 0.26018000 0.03927000 0 0 0 5768.820000
118 0 1 0 1.170000000000e-07 62.49008000 -16.03987000 -0.23171000 -0.96476000 0.26018000 0.03927000 0 0 0 5768.820000
119 0 1 0 1.180000000000e-07 62.49008000 -16.03987000 -0.23171000 -0.96476000 0.26018000 0.03927000 0 0 0 5768.820000
120 0 1 0 1.190000000000e-07 62.49008000 -16.03987000 -0.23171000 -0.96476000 0.26018000 0.03927000 0 0 0 5768.820000
121 0 1 0 1.200000000000e-07 62.49008000 -16.03987000 -0.23171000 -0.96476000 0.26018000 0.03927000 0 0 0 5768.820000
122 0 1 0 1.210000000000e-07 62.49008000 -16.03987000 -0.23171000 -0.96476000 0.26018000 0.03927000 0 0 0 5768.820000
123 0 1 0 1.220000000000e-07 62.49008000 -16.03987000 -0.23171000 -0.96476000 0.26018000 0.03927000 0 0 0 5768.820000
124 0 1 0 1.230000000000e-07 62.49008000 -16.03987000 -0.23171000 -0.96476000 0.26018000 0.03927000 0 0 0 5768.820000
125 0 1 0 1.240000000000e-07 62.49008000 -16.03987000 -0.23171000 -0.96476000 0.26018000 0.03927000 0 0 0 5768.820000
126 0 1 0 1.250000000000e-07 62.49008000 -16.03987000 -0.23171000 -0.96476000 0.26018000 0.03927000 0 0 0 5768.820000
127 0 1 0 1.260000000000e-07 62.49008000 -16.03987000 -0.23171000 -0.96476000 0.26018000 0.03927000 0 0 0 5768.820000
128 0 1 0 1.270000000000e-07 62.49008000 -16.03987000 -0.23171000 -0.96476000 0.26018000 0.03927000 0 0 0 5768.820000
129 0 1 0 1.280000000000e-07 62.49008000 -16.03987000 -0.23171000 -0.96476000 0.26018000 0.03927000 0 0 0 5768.820000
130 0 1 0 1.290000000000e-07 62.49008000 -16.03987000 -0.23171000 -0.96476000 0.26018000 0.03927000 0 0 0 5768.820000
131 0 1 0 1.300000000000e-07 62.49008000 -16.03987000 -0.23171000 -0.96476000 0.26018000 0.03927000 0 0 0 5768.820000
132 0 1 0 1.310000000000e-07 62.49008000 -16.03987000 -0.23171000 -0.96476000 0.26018000 0.03927000 0 0 0 5768.820000
133 0 1 0 1.320000000000e-07 62.49008000 -16.03987000 -0.23171000 -0.96476000 0.26018000 0.03927000 0 0 0 5768.820000
134 0 1 0 1.330000000000e-07 62.49008000 -16.03987000 -0.23171000 -0.96476000 0.26018000 0.03927000 0 0 0 5768.820000
135 0 1 0 1.340000000000e-07 62.49008000 -16.03987000 -0.23171000 -0.96476000 0.26018000 0.03927000 0 0 0 5768.820000
136 0 1 0 1.350000000000e-07 62.49008000 -16.03987000 -0.23171000 -0.96476000 0.26018000 0.03927000 0 0 0 5768.820000
137 0 1 0 1.360000000000e-07 62.49008000 -16.03987000 -0.23171000 -0.96476000 0.26018000 0.03927000 0 0 0 5768.820000
138 0 1 0 1.370000000000e-07 62.49008000 -16.03987000 -0.23171000 -0.96476000 0.26018000 0.03927000 0 0 0 5768.820000
139 0 1 0 1.380000000000e-07 62.49008000 -16.03987000 -0.23171000 -0.96476000 0.26018000 0.03927000 0 0 0 5768.820000
140 0 1 0 1.390000000000e-07 62.49008000 -16.03987000 -0.23171000 -0.96476000 0.26018000 0.03927000 0 0 0 5768.820000
141 0 1 0 1.400000000000e-07 62.49008000 -16.03987000 -0.23171000 -0.96476000 0.26018000 0.03927000 0 0 0 5768.820000
142 0 1 0 1.410000000000e-07 62.49008000 -16.03987000 -0.23171000 -0.96476000 0.26018000 0.03927000 0 0 0 5768.820000
143 0 1 0 1.420000000000e-07 62.49008000 -16.03987000 -0.23171000 -0.96476000 0.26018000 0.03927000 0 0 0 5768.820000
144 0 1 0 1.430000000000e-07 62.49008000 -16.03987000 -0.23171000 -0.96476000 0.26018000 0.03927000 0 0 0 5768.820000
145 0 1 0 1.440000000000e-07 62.49008000 -16.03987000 -0.23171000 -0.96476000 0.26018000 0.03927000 0 0 0 5768.820000
146 0 1 0 1.450000000000e-07 62.49008000 -16.03987000 -0.23171000 -0.96476000 0.26018000 0.03927000 0 0 0 5768.820000
147 0 1 0 1.460000000000e-07 62.49008000 -16.03987000 -0.23171000 -0.96476000 0.26018000 0.03927000 0 0 0 5768.820000
148 0 1 0 1.470000000000e-07 62.49008000 -16.03987000 -0.23171000 -0.96476000 0.26018000 0.03927000 0 0 0 5768.820000
149 0 1 0 1.480000000000e-07 62.49008000 -16.03987000 -0.23171000 -0.96476000 0.26018000 0.03927000 0 0 0 5768.820000
150 0 1 0 1.490000000000e-07 62.49008000 -16.03987000 -0.23171000 -0.96476000 0.26018000 0.03927000 0 0 0 5768.820000
151 0 1 0 1.500000000000e-07 62.49008000 -16.03987000 -0.23171000 -0.96476000 0.26018000 0.03927000 0 0 0 5768.820000
152 0 1 0 1.510000000000e-07 62.49008000 -16.03987000 -0.23171000 -0.96476000 0.26018000 0.03927000 0 0 0 5768.820000
153 0 1 0 1.520000000000e-07 62.49008000 -16.03987000 -0.23171000 -0.96476000 0.26018000 0.03927000 0 0 0 5768.820000
154 0 1 0 1.530000000000e-07 62.49008000 -16.03987000 -0.23171000 -0.96476000 0.26018000 0.03927000 0 0 0 5768.820000
155 0 1 0 1.540000000000e-07 62.49008000 -16.03987000 -0.23171000 -0.96476000 0.26018000 0.03927000 0 0 0 5768.820000
156 0 1 0 1.550000000000e-07 62.49008000 -16.03987000 -0.23171000 -0.96476000 0.26018000 0.03927000 0 0 0 5768.820000
157 0 1 0 1.560000000000e-07 62.49008000 -16.03987000 -0.23171000 -0.96476000 0.26018000 0.03927000 0 0 0 5768.820000
158 0 1 0 1.570000000000e-07 62.49008000 -16.03987000 -0.23171000 -0.96476000 0.26018000 0.03927000 0 0 0 5768.820000
159 0 1 0 1.580000000000e-07 62.49008000 -16.03987000 -0.23171000 -0.96476000 0.26018000 0.03927000 0 0 0 5768.820000
160 0 1 0 1.590000000000e-07 62.49008000 -16.03987000 -0.23171000 -0.96476000 0.26018000 0.03927000 0 0 0 5768.820000
161 0 1 0 1.600000000000e-07 62.49008000 -16.03987000 -0.23171000 -0.96476000 0.26018000 0.03927000 0 0 0 5768.820000
162 0 1 0 1.610000000000e-07 62.49008000 -16.03987000 -0.23171000 -0.96476000 0.26018000 0.03927000 0 0 0 5768.820000
163 0 1 0 1.620000000000e-07 62.49008000 -16.03987000 -0.23171000 -0.96476000 0.26018000 0.03927000 0 0 0 5768.820000
164 0 1 0 1.630000000000e-07 62.49008000 -16.03987000 -0.23171000 -0.96476000 0.26018000 0.03927000 0 0 0 5768.820000
165 0 1 0 1.640000000000e-07 62.49008000 -16.03987000 -0.23171000 -0.96476000 0.26018000 0.03927000 0 0 0 5768.820000
166 0 1 0 1.650000000000e-07 62.49008000 -16.03987000 -0.23171000 -0.96476000 0.26018000 0.03927000 0 0 0 5768.820000
167 0 1 0 1.660000000000e-07 62.49008000 -16.03987000 -0.23171000 -0.96476000 0.26018000 0.03927000 0 0 0 5768.820000
168 0 1 0 1.670000000000e-07 62.49008000 -16.03987000 -0.23171000 -0.96476000 0.26018000 0.03927000 0 0 0 5768.820000
169 0 1 0 1.680000000000e-07 62.49008000 -16.03987000 -0.23171000 -0.96476000 0.26018000 0.03927000 0 0 0 5768.820000
170 0 1 0 1.690000000000e-07 62.49008000 -16.03987000 -0.23171000 -0.96476000 0.26018000 0.03927000 0 0 0 5768.820000
171 0 1 0 1.700000000000e-07 62.49008000 -16.03987000 -0.23171000 -0.96476000 0.26018000 0.03927000 0 0 0 5768.820000
172 0 1 0 1.710000000000e-07 62.49008000 -16.03987000 -0.23171000 -0.96476000 0.26018000 0.03927000 0 0 0 5768.820000
173 0 1 0 1.720000000000e-07 62.49008000 -16.03987000 -0.23171000 -0.96476000 0.26018000 0.03927000 0 0 0 5768.820000
174 0 1 0 1.730000000000e-07 62.49008000 -16.03987000 -0.23171000 -0.96476000 0.26018000 0.03927000 0 0 0 5768.820000
175 0 1 0 1.740000000000e-07 62.49008000 -16.03987000 -0.23171000 -0.96476000 0.26018000 0.03927000 0 0 0 5768.820000
176 0 1 0 1.750000000000e-07 62.49008000 -16.03987000 -0.23171000 -0.96476000 0.26018000 0.03927000 0 0 0 5768.820000
177 0 1 0 1.760000000000e-07 62.49008000 -16.03987000 -0.23171000 -0.96476000 0.26018000 0.03927000 0 0 0 5768.820000
178 0 1 0 1.770000000000e-07 62.49008000 -16.03987000 -0.23171000 -0.96476000 0.26018000 0.03927000 0 0 0 5768.820000
179 0 1 0 1.780000000000e-07 62.49008000 -16.03987000 -0.23171000 -0.96476000 0.26018000 0.03927000 0 0 0 5768.820000
180 0 1 0 1.790000000000e-07 62.49008000 -16.03987000 -0.23171000 -0.96476000 0.26018000 0.03927000 0 0 0 5768.820000
181 0 1 0 1.800000000000e-07 62.49008000 -16.03987000 -0.23171000 -0.96476000 0.26018000 0.03927000 0 0 0 5768.820000
182 0 1 0 1.810000000000e-07 62.49008000 -16.03987000 -0.23171000 -0.96476000 0.26018000 0.03927000 0 0 0 5768.820000
183 0 1 0 1.820000000000e-07 62.49008000 -16.03987000 -0.23171000 -0.96476000 0.26018000 0.03927000 0 0 0 5768.820000
184 0 1 0 1.830000000000e-07 62.49008000 -16.03987000 -0.23171000 -0.96476000 0.26018000 0.03927000 0 0 0 5768.820000
185 0 1 0 1.840000000000e-07 62.49008000 -16.03987000 -0.23171000 -0.96476000 0.26018000 0.03927000 0 0 0 5768.820000
186 0 1 0 1.850000000000e-07 62.49008000 -16.03987000 -0.23171000 -0.96476000 0.26018000 0.03927000 0 0 0 5768.820000
187 0 1 0 1.860000000000e-07 62.49008000 -16.03987000 -0.23171000 -0.96476000 0.26018000 0.03927000 0 0 0 5768.820000
188 0 1 0 1.870000000000e-07 62.49008000 -16.03987000 -0.23171000 -0.96476000 0.26018000 0.03927000 0 0 0 5768.820000
189 0 1 0 1.880000000000e-07 62.49008000 -16.03987000 -0.23171000 -0.96476000 0.26018000 0.03927000 0 0 0 5768.820000
190 0 1 0 1.890000000000e-07 62.49008000 -16.03987000 -0.23171000 -0.96476000 0.26018000 0.03927000 0 0 0 5768.820000
191 0 1 0 1.900000000000e-07 62.49008000 -16.03987000 -0.23171000 -0.96476000 0.26018000 0.03927000 0 0 0 5768.820000
192 0 1 0 1.910000000000e-07 62.49008000 -16.03987000 -0.23171000 -0.96476000 0.26018000 0.03927000 0 0 0 5768.820000
193 0 1 0 1.920000000000e-07 62.49008000 -16.03987000 -0.23171000 -0.96476000 0.26018000 0.03927000 0 0 0 5768.820000
194 0 1 0 1.930000000000e-07 62.49008000 -16.03987000 -0.23171000 -0.96476000 0.26018000 0.03927000 0 0 0 5768.820000
195 0 1 0 1.940000000000e-07 62.49008000 -16.03987000 -0.23171000 -0.96476000 0.26018000 0.03927000 0 0 0 5768.820000
196 0 1 0 1.950000000000e-07 62.49008000 -16.03987000 -0.23171000 -0.96476000 0.26018000 0.03927000 0 0 0 5768.820000
197 0 1 0 1.960000000000e-07 62.49008000 -16.03987000 -0.23171000 -0.96476000 0.26018000 0.03927000 0 0 0 5768.820000
198 0 1 0 1.970000000000e-07 62.49008000 -16.03987000 -0.23171000 -0.96476000 0.26018000 0.03927000 0 0 0 5768.820000
199 0 1 0 1.980000000000e-07 62.49008000 -16.03987000 -0.23171000 -0.96476000 0.26018000 0.03927000 0 0 0 5768.820000
200 0 1 0 1.990000000000e-07 62.49008000 -16.03987000 -0.23171000 -0.96476000 0.26018000 0.03927000 0 0 0 5768.820000
201 0 1 0 2.000000000000e-07 62.49008000 -16.03987000 -0.23171000 -0.96476000 0.26018000 0.03927000 0 0 0 5768.820000
202 0 1 0 2.010000000000e-07 62.49008000 -16.03987000 -0.23171000 -0.96476000 0.26018000 0.03927000 0 0 0 5768.820000
203 0 1 0 2.020000000000e-07 62.49008000 -16.03987000 -0.23171000 -0.96476000 0.26018000 0.03927000 0 0 0 5768.820000
204 0 1 0 2.030000000000e-07 62.49008000 -16.03987000 -0.23171000 -0.96476000 0.26018000 0.03927000 0 0 0 5768.820000
205 0 1 0 2.040000000000e-07 62.49008000 -16.03987000 -0.23171000 -0.96476000 0.26018000 0.03927000 0 0 0 5768.820000
206 0 1 0 2.050000000000e-07 62.49008000 -16.03987000 -0.23171000 -0.96476000 0.26018000 0.03927000 0 0 0 5768.820000
207 0 1 0 2.060000000000e-07 62.49008000 -16.03987000 -0.23171000 -0.96476000 0.26018000 0.03927000 0 0 0 5768.820000
208 0 1 0 2.070000000000e-07 62.49008000 -16.03987000 -0.23171000 -0.96476000 0.26018000 0.03927000 0 0 0 5768.820000
209 0 1 0 2.080000000000e-07 62.49008000 -16.03987000 -0.23171000 -0.96476000 0.26018000 0.03927000 0 0 0 5768.820000
210 0 1 0 2.090000000000e-07 62.49008000 -16.03987000 -0.23171000 -0.96476000 0.26018000 0.03927000 0 0 0 5768.820000
211 0 1 0 2.100000000000e-07 62.49008000 -16.03987000 -0.23171000 -0.96476000 0.26018000 0.03927000 0 0 0 5768.820000
212 0 1 0 2.110000000000e-07 62.49008000 -16.03987000 -0.23171000 -0.96476000 0.26018000 0.03927000 0 0 0 5768.820000
213 0 1 0 2.120000000000e-07 62.49008000 -16.03987000 -0.23171000 -0.96476000 0.26018000 0.03927000 0 0 0 5768.820000
214 0 1 0 2.130000000000e-07 62.49008000 -16.03987000 -0.23171000 -0.96476000 0.26018000 0.03927000 0 0 0 5768.820000
215 0 1 0 2.140000000000e-07 62.49008000 -16.03987000 -0.23171000 -0.96476000 0.26018000 0.03927000 0 0 0 5768.820000
216 0 1 0 2.150000000000e-07 62.49008000 -16.03987000 -0.23171000 -0.96476000 0.26018000 0.03927000 0 0 0 5768.820000
217 0 1 0 2.160000000000e-07 62.49008000 -16.03987000 -0.23171000 -0.96476000 0.26018000 0.03927000 0 0 0 5768.820000
218 0 1 0 2.170000000000e-07 62.49008000 -16.03987000 -0.23171000 -0.96476000 0.26018000 0.03927000 0 0 0 5768.820000
219 0 1 0 2.180000000000e-07 62.49008000 -16.03987000 -0.23171000 -0.96476000 0.26018000 0.03927000 0 0 0 5768.820000
220 0 1 0 2.190000000000e-07 62.49008000 -16.03987000 -0.23171000 -0.96476000 0.26018000 0.03927000 0 0 0 5768.820000
221 0 1 0 2.200000000000e-07 62.49008000 -16.03987000 -0.23171000 -0.96476000 0.26018000 0.03927000 0 0 0 5768.820000
222 0 1 0 2.210000000000e-07 62.49008000 -16.03987000 -0.23171000 -0.96476000 0.26018000 0.03927000 0 0 0 5768.820000
223 0 1 0 2.220000000000e-07 62.49008000 -16.03987000 -0.23171000 -0.96476000 0.26018000 0.03927000 0 0 0 5768.820000
224 0 1 0 2.230000000000e-07 62.49008000 -16.03987000 -0.23171000 -0.96476000 0.26018000 0.03927000 0 0 0 5768.820000
225 0 1 0 2.240000000000e-07 62.49008000 -16.03987000 -0.23171000 -0.96476000 0.26018000 0.03927000 0 0 0 5768.820000
226 0 1 0 2.250000000000e-07 62.49008000 -16.03987000 -0.23171000 -0.96476000 0.26018000 0.03927000 0 0 0 5768.820000
227 0 1 0 2.260000000000e-07 62.49008000 -16.03987000 -0.23171000 -0.96476000 0.26018000 0.03927000 0 0 0 5768.820000
228 0 1 0 2.270000000000e-07 62.49008000 -16.03987000 -0.23171000 -0.96476000 0.26018000 0.03927000 0 0 0 5768.820000
229 0 1 0 2.280000000000e-07 62.49008000 -16.03987000 -0.23171000 -0.96476000 0.26018000 0.03927000 0 0 0 5768.820000
230 0 1 0 2.290000000000e-07 62.49008000 -16.03987000 -0.23171000 -0.96476000 0.26018000 0.03927000 0 0 0 5768.820000
231 0 1 0 2.300000000000e-07 62.49008000 -16.03987000 -0.23171000 -0.96476000 0.26018000 0.03927000 0 0 0 5768.820000
232 0 1 0 2.310000000000e-07 62.49008000 -16.03987000 -0.23171000 -0.96476000 0.26018000 0.03927000 0 0 0 5768.820000
233 0 1 0 2.320000000000e-07 62.49008000 -16.03987000 -0.23171000 -0.96476000 0.26018000 0.03927000 0 0 0 5768.820000
234 0 1 0 2.330000000000e-07 62.49008000 -16.03987000 -0.23171000 -0.96476000 0.26018000 0.03927000 0 0 0 5768.820000
235 0 1 0 2.340000000000e-07 62.49008000 -16.03987000 -0.23171000 -0.96476000 0.26018000 0.03927000 0 0 0 5768.820000
236 0 1 0 2.350000000000e-07 62.49008000 -16.03987000 -0.23171000 -0.96476000 0.26018000 0.03927000 0 0 0 5768.820000
237 0 1 0 2.360000000000e-07 62.49008000 -16.03987000 -0.23171000 -0.96476000 0.26018000 0.03927000 0 0 0 5768.820000
238 0 1 0 2.370000000000e-07 62.49008000 -16.03987000 -0.23171000 -0.96476000 0.26018000 0.03927000 0 0 0 5768.820000
239 0 1 0 2.380000000000e-07 62.49008000 -16.03987000 -0.23171000 -0.96476000 0.26018000 0.03927000 0 0 0 5768.820000
240 0 1 0 2.390000000000e-07 62.49008000 -16.03987000 -0.23171000 -0.96476000 0.26018000 0.03927000 0 0 0 5768.820000
241 0 1 0 2.400000000000e-07 62.49008000 -16.03987000 -0.23171000 -0.96476000 0.26018000 0.03927000 0 0 0 5768.820000
242 0 1 0 2.410000000000e-07 62.49008000 -16.03987000 -0.23171000 -0.96476000 0.26018000 0.03927000 0 0 0 5768.820000
243 0 1 0 2.420000000000e-07 62.49008000 -16.03987000 -0.23171000 -0.96476000 0.26018000 0.03927000 0 0 0 5768.820000
244 0 1 0 2.430000000000e-07 62.49008000 -16.03987000 -0.23171000 -0.96476000 0.26018000 0.03927000 0 0 0 5768.820000
245 0 1 0 2.440000000000e-07 62.49008000 -16.03987000 -0.23171000 -0.96476000 0.26018000 0.03927000 0 0 0 5768.820000
246 0 1 0 2.450000000000e-07 62.49008000 -16.03987000 -0.23171000 -0.96476000 0.26018000 0.03927000 0 0 0 5768.820000
247 0 1 0 2.460000000000e-07 62.49008000 -16.03987000 -0.23171000 -0.96476000 0.26018000 0.03927000 0 0 0 5768.820000
248 0 1 0 2.470000000000e-07 62.49008000 -16.03987000 -0.23171000 -0.96476000 0.26018000 0.03927000 0 0 0 5768.820000
249 0 1 0 2.480000000000e-07 62.49008000 -16.03987000 -0.23171000 -0.96476000 0.26018000 0.03927000 0 0 0 5768.820000
250 0 1 0 2.490000000000e-07 62.49008000 -16.03987000 -0.23171000 -0.96476000 0.26018000 0.03927000 0 0 0 5768.820000
251 0 1 0 2.500000000000e-07 62.49008000 -16.03987000 -0.23171000 -0.96476000 0.26018000 0.03927000 0 0 0 5768.820000
252 0 1 0 2.510000000000e-07 62.49008000 -16.03987000 -0.23171000 -0.96476000 0.26018000 0.03927000 0 0 0 5768.820000
253 0 1 0 2.520000000000e-07 62.49008000 -16.03987000 -0.23171000 -0.96476000 0.26018000 0.03927000 0 0 0 5768.820000
254 0 1 0 2.530000000000e-07 62.49008000 -16.03987000 -0.23171000 -0.96476000 0.26018000 0.03927000 0 0 0 5768.820000
255 0 1 0 2.540000000000e-07 62.49008000 -16.03987000 -0.23171000 -0.96476000 0.26018000 0.03927000 0 0 0 5768.820000
256 0 1 0 2.550000000000e-07 62.49008000 -16.03987000 -0.23171000 -0.96476000 0.26018000 0.03927000 0 0 0 5768.820000
257 0 1 0 2.560000000000e-07 62.49008000 -16.03987000 -0.23171000 -0.96476000 0.26018000 0.03927000 0 0 0 5768.820000
258 0 1 0 2.570000000000e-07 62.49008000 -16.03987000 -0.23171000 -0.96476000 0.26018000 0.03927000 0 0 0 5768.820000
259 0 1 0 2.580000000000e-07 62.49008000 -16.03987000 -0.23171000 -0.96476000 0.26018000 0.03927000 0 0 0 5768.820000
260 0 1 0 2.590000000000e-07 62.49008000 -16.03987000 -0.23171000 -0.96476000 0.26018000 0.03927000 0 0 0 5768.820000
261 0 1 0 2.600000000000e-07 62.49008000 -16.03987000 -0.23171000 -0.96476000 0.26018000 0.03927000 0 0 0 5768.820000
262 0 1 0 2.610000000000e-07 62.49008000 -16.03987000 -0.23171000 -0.96476000 0.26018000 0.03927000 0 0 0 5768.820000
263 0 1 0 2.620000000000e-07 62.49008000 -16.03987000 -0.23171000 -0.96476000 0.26018000 0.03927000 0 0 0 5768.820000
264 0 1 0 2.630000000000e-07 62.49008000 -16.03987000 -0.23171000 -0.96476000 0.26018000 0.03927000 0 0 0 5768.820000
265 0 1 0 2.640000000000e-07 62.49008000 -16.03987000 -0.23171000 -0.96476000 0.26018000 0.03927000 0 0 0 5768.820000
266 0 1 0 2.650000000000e-07 62.49008000 -16.03987000 -0.23171000 -0.96476000 0.26018000 0.03927000 0 0 0 5768.820000
267 0 1 0 2.660000000000e-07 62.49008000 -16.03987000 -0.23171000 -0.96476000 0.26018000 0.03927000 0 0 0 5768.820000
268 0 1 0 2.670000000000e-07 62.49008000 -16.03987000 -0.23171000 -0.96476000 0.26018000 0.03927000 0 0 0 5768.820000
269 0 1 0 2.680000000000e-07 62.49008000 -16.03987000 -0.23171000 -0.96476000 0.26018000 0.03927000 0 0 0 5768.820000
270 0 1 0 2.690000000000e-07 62.49008000 -16.03987000 -0.23171000 -0.96476000 0.26018000 0.03927000 0 0 0 5768.820000
271 0 1 0 2.700000000000e-07 62.49008000 -16.03987000 -0.23171000 -0.96476000 0.26018000 0.03927000 0 0 0 5768.820000
272 0 1 0 2.710000000000e-07 62.49008000 -16.03987000 -0.23171000 -0.96476000 0.26018000 0.03927000 0 0 0 5768.820000
273 0 1 0 2.720000000000e-07 62.49008000 -16.03987000 -0.23171000 -0.96476000 0.26018000 0.03927000 0 0 0 5768.820000
274 0 1 0 2.730000000000e-07 62.49008000 -16.03987000 -0.23171000 -0.96476000 0.26018000 0.03927000 0 0 0 5768.820000
275 0 1 0 2.740000000000e-07 62.49008000 -16.03987000 -0.23171000 -0.96476000 0.26018000 0.03927000 0 0 0 5768.820000
276 0 1 0 2.750000000000e-07 62.49008000 -16.03987000 -0.23171000 -0.96476000 0.26018000 0.03927000 0 0 0 5768.820000
277 0 1 0 2.760000000000e-07 62.49008000 -16.03987000 -0.23171000 -0.96476000 0.26018000 0.03927000 0 0 0 5768.820000
278 0 1 0 2.770000000000e-07 62.49008000 -16.03987000 -0.23171000 -0.96476000 0.26018000 0.03927000 0 0 0 5768.820000
279 0 1 0 2.780000000000e-07 62.49008000 -16.03987000 -0.23171000 -0.96476000 0.26018000 0.03927000 0 0 0 5768.820000
280 0 1 0 2.790000000000e-07 62.49008000 -16.03987000 -0.23171000 -0.96476000 0.26018000 0.03927000 0 0 0 5768.820000
281 0 1 0 2.800000000000e-07 62.49008000 -16.03987000 -0.23171000 -0.96476000 0.26018000 0.03927000 0 0 0 5768.820000
282 0 1 0 2.810000000000e-07 62.49008000 -16.03987000 -0.23171000 -0.96476000 0.26018000 0.03927000 0 0 0 5768.820000
283 0 1 0 2.820000000000e-07 62.49008000 -16.03987000 -0.23171000 -0.96476000 0.26018000 0.03927000 0 0 0 5768.820000
284 0 1 0 2.830000000000e-07 62.49008000 -16.03987000 -0.23171000 -0.96476000 0.26018000 0.03927000 0 0 0 5768.820000
285 0 1 0 2.840000000000e-07 62.49008000 -16.03987000 -0.23171000 -0.96476000 0.26018000 0.03927000 0 0 0 5768.820000
286 0 1 0 2.850000000000e-07 62.49008000 -16.03987000 -0.23171000 -0.96476000 0.26018000 0.03927000 0 0 0 5768.820000
287 0 1 0 2.860000000000e-07 62.49008000 -16.03987000 -0.23171000 -0.96476000 0.26018000 0.03927000 0 0 0 5768.820000
288 0 1 0 2.870000000000e-07 62.49008000 -16.03987000 -0.23171000 -0.96476000 0.26018000 0.03927000 0 0 0 5768.820000
289 0 1 0 2.880000000000e-07 62.49008000 -16.03987000 -0.23171000 -0.96476000 0.26018000 0.03927000 0 0 0 5768.820000
290 0 1 0 2.890000000000e-07 62.49008000 -16.03987000 -0.23171000 -0.96476000 0.26018000 0.03927000 0 0 0 5768.820000
291 0 1 0 2.900000000000e-07 62.49008000 -16.03987000 -0.23171000 -0.96476000 0.26018000 0.03927000 0 0 0 5768.820000
292 0 1 0 2.910000000000e-07 62.49008000 -16.03987000 -0.23171000 -0.96476000 0.26018000 0.03927000 0 0 0 5768.820000
293 0 1 0 2.920000000000e-07 62.49008000 -16.03987000 -0.23171000 -0.96476000 0.26018000 0.03927000 0 0 0 5768.820000
294 0 1 0 2.930000000000e-07 62.49008000 -16.03987000 -0.23171000 -0.96476000 0.26018000 0.03927000 0 0 0 5768.820000
295 0 1 0 2.940000000000e-07 62.49008000 -16.03987000 -0.23171000 -0.96476000 0.26018000 0.03927000 0 0 0 5768.820000
296 0 1 0 2.950000000000e-07 62.49008000 -16.03987000 -0.23171000 -0.96476000 0.26018000 0.03927000 0 0 0 5768.820000
297 0 1 0 2.960000000000e-07 62.49008000 -16.03987000 -0.23171000 -0.96476000 0.26018000 0.03927000 0 0 0 5768.820000
298 0 1 0 2.970000000000e-07 62.49008000 -16.03987000 -0.23171000 -0.96476000 0.26018000 0.03927000 0 0 0 5768.820000
299 0 1 0 2.980000000000e-07 62.49008000 -16.03987000 -0.23171000 -0.96476000 0.26018000 0.03927000 0 0 0 5768.820000
300 0 1 0 2.990000000000e-07 62.49008000 -16.03987000 -0.23171000 -0.96476000 0.26018000 0.03927000 0 0 0 5768.820000
301 0 1 0 3.000000000000e-07 62.49008000 -16.03987000 -0.23171000 -0.96476000 0.26018000 0.03927000 0 0 0 5768.820000
302 0 1 0 3.010000000000e-07 62.49008000 -16.03987000 -0.23171000 -0.96476000 0.26018000 0.03927000 0 0 0 5768.820000
303 0 1 0 3.020000000000e-07 62.49008000 -16.03987000 -0.23171000 -0.96476000 0.26018000 0.03927000 0 0 0 5768.820000
304 0 1 0 3.030000000000e-07 62.49008000 -16.03987000 -0.23171000 -0.96476000 0.26018000 0.03927000 0 0 0 5768.820000
305 0 1 0 3.040000000000e-07 62.49008000 -16.03987000 -0.23171000 -0.96476000 0.26018000 0.03927000 0 0 0 5768.820000
306 0 1 0 3.050000000000e-07 62.49008000 -16.03987000 -0.23171000 -0.96476000 0.26018000 0.03927000 0 0 0 5768.820000
307 0 1 0 3.060000000000e-07 62.49008000 -16.03987000 -0.23171000 -0.96476000 0.26018000 0.03927000 0 0 0 5768.820000
308 0 1 0 3.070000000000e-07 62.49008000 -16.03987000 -0.23171000 -0.96476000 0.26018000 0.03927000 0 0 0 5768.820000
309 0 1 0 3.080000000000e-07 62.49008000 -16.03987000 -0.23171000 -0.96476000 0.26018000 0.03927000 0 0 0 5768.820000
310 0 1 0 3.090000000000e-07 62.49008000 -16.03987000 -0.23171000 -0.96476000 0.26018000 0.03927000 0 0 0 5768.820000
311 0 1 0 3.100000000000e-07 62.49008000 -16.03987000 -0.23171000 -0.96476000 0.26018000 0.03927000 0 0 0 5768.820000
312 0 1 0 3.110000000000e-07 62.49008000 -16.03987000 -0.23171000 -0.96476000 0.26018000 0.03927000 0 0 0 5768.820000
313 0 1 0 3.120000000000e-07 62.49008000 -16.03987000 -0.23171000 -0.96476000 0.26018000 0.03927000 0 0 0 5768.820000
314 0 1 0 3.130000000000e-07 62.49008000 -16.03987000 -0.23171000 -0.96476000 0.26018000 0.03927000 0 0 0 5768.820000
315 0 1 0 3.140000000000e-07 62.49008000 -16.03987000 -0.23171000 -0.96476000 0.26018000 0.03927000 0 0 0 5768.820000
316 0 1 0 3.150000000000e-07 62.49008000 -16.03987000 -0.23171000 -0.96476000 0.26018000 0.03927000 0 0 0 5768.820000
317 0 1 0 3.160000000000e-07 62.49008000 -16.03987000 -0.23171000 -0.96476000 0.26018000 0.03927000 0 0 0 5768.820000
318 0 1 0 3.170000000000e-07 62.49008000 -16.03987000 -0.23171000 -0.96476000 0.26018000 0.03927000 0 0 0 5768.820000
319 0 1 0 3.180000000000e-07 62.49008000 -16.03987000 -0.23171000 -0.96476000 0.26018000 0.03927000 0 0 0 5768.820000
320 0 1 0 3.190000000000e-07 62.49008000 -16.03987000 -0.23171000 -0.96476000 0.26018000 0.03927000 0 0 0 5768.820000
321 0 1 0 3.200000000000e-07 62.49008000 -16.03987000 -0.23171000 -0.96476000 0.26018000 0.03927000 0 0 0 5768.820000
322 0 1 0 3.210000000000e-07 62.49008000 -16.03987000 -0.23171000 -0.96476000 0.26018000 0.03927000 0 0 0 5768.820000
323 0 1 0 3.220000000000e-07 62.49008000 -16.03987000 -0.23171000 -0.96476000 0.26018000 0.03927000 0 0 0 5768.820000
324 0 1 0 3.230000000000e-07 62.49008000 -16.03987000 -0.23171000 -0.96476000 0.26018000 0.03927000 0 0 0 5768.820000
325 0 1 0 3.240000000000e-07 62.49008000 -16.03987000 -0.23171000 -0.96476000 0.26018000 0.03927000 0 0 0 5768.820000
326 0 1 0 3.250000000000e-07 62.49008000 -16.03987000 -0.23171000 -0.96476000 0.26018000 0.03927000 0 0 0 5768.820000
327 0 1 0 3.260000000000e-07 62.49008000 -16.03987000 -0.23171000 -0.96476000 0.26018000 0.03927000 0 0 0 5768.820000
328 0 1 0 3.270000000000e-07 62.49008000 -16.03987000 -0.23171000 -0.96476000 0.26018000 0.03927000 0 0 0 5768.820000
329 0 1 0 3.280000000000e-07 62.49008000 -16.03987000 -0.23171000 -0.96476000 0.26018000 0.03927000 0 0 0 5768.820000
330 0 1 0 3.290000000000e-07 62.49008000 -16.03987000 -0.23171000 -0.96476000 0.26018000 0.03927000 0 0 0 5768.820000
331 0 1 0 3.300000000000e-07 62.49008000 -16.03987000 -0.23171000 -0.96476000 0.26018000 0.03927000 0 0 0 5768.820000
332 0 1 0 3.310000000000e-07 62.49008000 -16.03987000 -0.23171000 -0.96476000 0.26018000 0.03927000 0 0 0 5768.820000
333 0 1 0 3.320000000000e-07 62.49008000 -16.03987000 -0.23171000 -0.96476000 0.26018000 0.03927000 0 0 0 5768.820000
334 0 1 0 3.330000000000e-07 62.49008000 -16.03987000 -0.23171000 -0.96476000 0.26018000 0.03927000 0 0 0 5768.820000
335 0 1 0 3.340000000000e-07 62.49008000 -16.03987000 -0.23171000 -0.96476000 0.26018000 0.03927000 0 0 0 5768.820000
336 0 1 0 3.350000000000e-07 62.49008000 -16.03987000 -0.23171000 -0.96476000 0.26018000 0.03927000 0 0 0 5768.820000
337 0 1 0 3.360000000000e-07 62.49008000 -16.03987000 -0.23171000 -0.96476000 0.26018000 0.03927000 0 0 0 5768.820000
338 0 1 0 3.370000000000e-07 62.49008000 -16.03987000 -0.23171000 -0.96476000 0.26018000 0.03927000 0 0 0 5768.820000
339 0 1 0 3.380000000000e-07 62.49008000 -16.03987000 -0.23171000 -0.96476000 0.26018000 0.03927000 0 0 0 5768.820000
340 0 1 0 3.390000000000e-07 62.49008000 -16.03987000 -0.23171000 -0.96476000 0.26018000 0.03927000 0 0 0 5768.820000
341 0 1 0 3.400000000000e-07 62.49008000 -16.03987000 -0.23171000 -0.96476000 0.26018000 0.03927000 0 0 0 5768.820000
342 0 1 0 3.410000000000e-07 62.49008000 -16.03987000 -0.23171000 -0.96476000 0.26018000 0.03927000 0 0 0 5768.820000
343 0 1 0 3.420000000000e-07 62.49008000 -16.03987000 -0.23171000 -0.96476000 0.26018000 0.03927000 0 0 0 5768.820000
344 0 1 0 3.430000000000e-07 62.49008000 -16.03987000 -0.23171000 -0.96476000 0.26018000 0.03927000 0 0 0 5768.820000
345 0 1 0 3.440000000000e-07 62.49008000 -16.03987000 -0.23171000 -0.96476000 0.26018000 0.03927000 0 0 0 5768.820000
346 0 1 0 3.450000000000e-07 62.49008000 -16.03987000 -0.23171000 -0.96476000 0.26018000 0.03927000 0 0 0 5768.820000
347 0 1 0 3.460000000000e-07 62.49008000 -16.03987000 -0.23171000 -0.96476000 0.26018000 0.03927000 0 0 0 5768.820000
348 0 1 0 3.470000000000e-07 62.49008000 -16.03987000 -0.23171000 -0.96476000 0.26018000 0.03927000 0 0 0 5768.820000
349 0 1 0 3.480000000000e-07 62.49008000 -16.03987000 -0.23171000 -0.96476000 0.26018000 0.03927000 0 0 0 5768.820000
350 0 1 0 3.490000000000e-07 62.49008000 -16.03987000 -0.23171000 -0.96476000 0.26018000 0.03927000 0 0 0 5768.820000
351 0 1 0 3.500000000000e-07 62.49008000 -16.03987000 -0.23171000 -0.96476000 0.26018000 0.03927000 0 0 0 5768.820000
352 0 1 0 3.510000000000e-07 62.49008000 -16.03987000 -0.23171000 -0.96476000 0.26018000 0.03927000 0 0 0 5768.820000
353 0 1 0 3.520000000000e-07 62.49008000 -16.03987000 -0.23171000 -0.96476000 0.26018000 0.03927000 0 0 0 5768.820000
354 0 1 0 3.530000000000e-07 62.49008000 -16.03987000 -0.23171000 -0.96476000 0.26018000 0.03927000 0 0 0 5768.820000
355 0 1 0 3.540000000000e-07 62.49008000 -16.03987000 -0.23171000 -0.96476000 0.26018000 0.03927000 0 0 0 5768.820000
356 0 1 0 3.550000000000e-07 62.49008000 -16.03987000 -0.23171000 -0.96476000 0.26018000 0.03927000 0 0 0 5768.820000
357 0 1 0 3.560000000000e-07 62.49008000 -16.03987000 -0.23171000 -0.96476000 0.26018000 0.03927000 0 0 0 5768.820000
358 0 1 0 3.570000000000e-07 62.49008000 -16.03987000 -0.23171000 -0.96476000 0.26018000 0.03927000 0 0 0 5768.820000
359 0 1 0 3.580000000000e-07 62.49008000 -16.03987000 -0.23171000 -0.96476000 0.26018000 0.03927000 0 0 0 5768.820000
360 0 1 0 3.590000000000e-07 62.49008000 -16.03987000 -0.23171000 -0.96476000 0.26018000 0.03927000 0 0 0 5768.820000
361 0 1 0 3.600000000000e-07 62.49008000 -16.03987000 -0.23171000 -0.96476000 0.26018000 0.03927000 0 0 0 5768.820000
362 0 1 0 3.610000000000e-07 62.49008000 -16.03987000 -0.23171000 -0.96476000 0.26018000 0.03927000 0 0 0 5768.820000
363 0 1 0 3.620000000000e-07 62.49008000 -16.03987000 -0.23171000 -0.96476000 0.26018000 0.03927000 0 0 0 5768.820000
364 0 1 0 3.630000000000e-07 62.49008000 -16.03987000 -0.23171000 -0.96476000 0.26018000 0.03927000 0 0 0 5768.820000
365 0 1 0 3.640000000000e-07 62.49008000 -16.03987000 -0.23171000 -0.96476000 0.26018000 0.03927000 0 0 0 5768.820000
366 0 1 0 3.650000000000e-07 62.49008000 -16.03987000 -0.23171000 -0.96476000 0.26018000 0.03927000 0 0 0 5768.820000
367 0 1 0 3.660000000000e-07 62.49008000 -16.03987000 -0.23171000 -0.96476000 0.26018000 0.03927000 0 0 0 5768.820000
368 0 1 0 3.670000000000e-07 62.49008000 -16.03987000 -0.23171000 -0.96476000 0.26018000 0.03927000 0 0 0 5768.820000
369 0 1 0 3.680000000000e-07 62.49008000 -16.03987000 -0.23171000 -0.96476000 0.26018000 0.03927000 0 0 0 5768.820000
370 0 1 0 3.690000000000e-07 62.49008000 -16.03987000 -0.23171000 -0.96476000 0.26018000 0.03927000 0 0 0 5768.820000
371 0 1 0 3.700000000000e-07 62.49008000 -16.03987000 -0.23171000 -0.96476000 0.26018000 0.03927000 0 0 0 5768.820000
372 0 1 0 3.710000000000e-07 62.49008000 -16.03987000 -0.23171000 -0.96476000 0.26018000 0.03927000 0 0 0 5768.820000
373 0 1 0 3.720000000000e-07 62.49008000 -16.03987000 -0.23171000 -0.96476000 0.26018000 0.03927000 0 0 0 5768.820000
374 0 1 0 3.730000000000e-07 62.49008000 -16.03987000 -0.23171000 -0.96476000 0.26018000 0.03927000 0 0 0 5768.820000
375 0 1 0 3.740000000000e-07 62.49008000 -16.03987000 -0.23171000 -0.96476000 0.26018000 0.03927000 0 0 0 5768.820000
376 0 1 0 3.750000000000e-07 62.49008000 -16.03987000 -0.23171000 -0.96476000 0.26018000 0.03927000 0 0 0 5768.820000
377 0 1 0 3.760000000000e-07 62.49008000 -16.03987000 -0.23171000 -0.96476000 0.26018000 0.03927000 0 0 0 5768.820000
378 0 1 0 3.770000000000e-07 62.49008000 -16.03987000 -0.23171000 -0.96476000 0.26018000 0.03927000 0 0 0 5768.820000
379 0 1 0 3.780000000000e-07 62.49008000 -16.03987000 -0.23171000 -0.96476000 0.26018000 0.03927000 0 0 0 5768.820000
380 0 1 0 3.790000000000e-07 62.49008000 -16.03987000 -0.23171000 -0.96476000 0.26018000 0.03927000 0 0 0 5768.820000
381 0 1 0 3.800000000000e-07 62.49008000 -16.03987000 -0.23171000 -0.96476000 0.26018000 0.03927000 0 0 0 5768.820000
382 0 1 0 3.810000000000e-07 62.49008000 -16.03987000 -0.23171000 -0.96476000 0.26018000 0.03927000 0 0 0 5768.820000
383 0 1 0 3.820000000000e-07 62.49008000 -16.03987000 -0.23171000 -0.96476000 0.26018000 0.03927000 0 0 0 5768.820000
384 0 1 0 3.830000000000e-07 62.49008000 -16.03987000 -0.23171000 -0.96476000 0.26018000 0.03927000 0 0 0 5768.820000
385 0 1 0 3.840000000000e-07 62.49008000 -16.03987000 -0.23171000 -0.96476000 0.26018000 0.03927000 0 0 0 5768.820000
386 0 1 0 3.850000000000e-07 62.49008000 -16.03987000 -0.23171000 -0.96476000 0.26018000 0.03927000 0 0 0 5768.820000
387 0 1 0 3.860000000000e-07 62.49008000 -16.03987000 -0.23171000 -0.96476000 0.26018000 0.03927000 0 0 0 5768.820000
388 0 1 0 3.870000000000e-07 62.49008000 -16.03987000 -0.23171000 -0.96476000 0.26018000 0.03927000 0 0 0 5768.820000
389 0 1 0 3.880000000000e-07 62.49008000 -16.03987000 -0.23171000 -0.96476000 0.26018000 0.03927000 0 0 0 5768.820000
390 0 1 0 3.890000000000e-07 62.49008000 -16.03987000 -0.23171000 -0.96476000 0.26018000 0.03927000 0 0 0 5768.820000
391 0 1 0 3.900000000000e-07 62.49008000 -16.03987000 -0.23171000 -0.96476000 0.26018000 0.03927000 0 0 0 5768.820000
392 0 1 0 3.910000000000e-07 62.49008000 -16.03987000 -0.23171000 -0.96476000 0.26018000 0.03927000 0 0 0 5768.820000
393 0 1 0 3.920000000000e-07 62.49008000 -16.03987000 -0.23171000 -0.96476000 0.26018000 0.03927000 0 0 0 5768.820000
394 0 1 0 3.930000000000e-07 62.49008000 -16.03987000 -0.23171000 -0.96476000 0.26018000 0.03927000 0 0 0 5768.820000
395 0 1 0 3.940000000000e-07 62.49008000 -16.03987000 -0.23171000 -0.96476000 0.26018000 0.03927000 0 0 0 5768.820000
396 0 1 0 3.950000000000e-07 62.49008000 -16.03987000 -0.23171000 -0.96476000 0.26018000 0.03927000 0 0 0 5768.820000
397 0 1 0 3.960000000000e-07 62.49008000 -16.03987000 -0.23171000 -0.96476000 0.26018000 0.03927000 0 0 0 5768.820000
398 0 1 0 3.970000000000e-07 62.49008000 -16.03987000 -0.23171000 -0.96476000 0.26018000 0.03927000 0 0 0 5768.820000
399 0 1 0 3.980000000000e-07 62.49008000 -16.03987000 -0.23171000 -0.96476000 0.26018000 0.03927000 0 0 0 5768.820000
400 0 1 0 3.990000000000e-07 62.49008000 -16.03987000 -0.23171000 -0.96476000 0.26018000 0.03927000 0 0 0 5768.820000
401 0 1 0 4.000000000000e-07 62.49008000 -16.03987000 -0.23171000 -0.96476000 0.26018000 0.03927000 0 0 0 5768.820000
402 0 1 0 4.010000000000e-07 62.49008000 -16.03987000 -0.23171000 -0.96476000 0.26018000 0.03927000 0 0 0 5768.820000
403 0 1 0 4.020000000000e-07 62.49008000 -16.03987000 -0.23171000 -0.96476000 0.26018000 0.03927000 0 0 0 5768.820000
404 0 1 0 4.030000000000e-07 62.49008000 -16.03987000 -0.23171000 -0.96476000 0.26018000 0.03927000 0 0 0 5768.820000
405 0 1 0 4.040000000000e-07 62.49008000 -16.03987000 -0.23171000 -0.96476000 0.26018000 0.03927000 0 0 0 5768.820000
406 0 1 0 4.050000000000e-07 62.49008000 -16.03987000 -0.23171000 -0.96476000 0.26018000 0.03927000 0 0 0 5768.820000
407 0 1 0 4.060000000000e-07 62.49008000 -16.03987000 -0.23171000 -0.96476000 0.26018000 0.03927000 0 0 0 5768.820000
408 0 1 0 4.070000000000e-07 62.49008000 -16.03987000 -0.23171000 -0.96476000 0.26018000 0.03927000 0 0 0 5768.820000
409 0 1 0 4.080000000000e-07 62.49008000 -16.03987000 -0.23171000 -0.96476000 0.26018000 0.03927000 0 0 0 5768.820000
410 0 1 0 4.090000000000e-07 62.49008000 -16.03987000 -0.23171000 -0.96476000 0.26018000 0.03927000 0 0 0 5768.820000
411 0 1 0 4.100000000000e-07 62.49008000 -16.03987000 -0.23171000 -0.96476000 0.26018000 0.03927000 0 0 0 5768.820000
412 0 1 0 4.110000000000e-07 62.49008000 -16.03987000 -0.23171000 -0.96476000 0.26018000 0.03927000 0 0 0 5768.820000
413 0 1 0 4.120000000000e-07 62.49008000 -16.03987000 -0.23171000 -0.96476000 0.26018000 0.03927000 0 0 0 5768.820000
414 0 1 0 4.130000000000e-07 62.49008000 -16.03987000 -0.23171000 -0.96476000 0.26018000 0.03927000 0 0 0 5768.820000
415 0 1 0 4.140000000000e-07 62.49008000 -16.03987000 -0.23171000 -0.96476000 0.26018000 0.03927000 0 0 0 5768.820000
416 0 1 0 4.150000000000e-07 62.49008000 -16.03987000 -0.23171000 -0.96476000 0.26018000 0.03927000 0 0 0 5768.820000
417 0 1 0 4.160000000000e-07 62.49008000 -16.03987000 -0.23171000 -0.96476000 0.26018000 0.03927000 0 0 0 5768.820000
418 0 1 0 4.170000000000e-07 62.49008000 -16.03987000 -0.23171000 -0.96476000 0.26018000 0.03927000 0 0 0 5768.820000
419 0 1 0 4.180000000000e-07 62.49008000 -16.03987000 -0.23171000 -0.96476000 0.26018000 0.03927000 0 0 0 5768.820000
420 0 1 0 4.190000000000e-07 62.49008000 -16.03987000 -0.23171000 -0.96476000 0.26018000 0.03927000 0 0 0 5768.820000
421 0 1 0 4.200000000000e-07 62.49008000 -16.03987000 -0.23171000 -0.96476000 0.26018000 0.03927000 0 0 0 5768.820000
422 0 1 0 4.210000000000e-07 62.49008000 -16.03987000 -0.23171000 -0.96476000 0.26018000 0.03927000 0 0 0 5768.820000
423 0 1 0 4.220000000000e-07 62.49008000 -16.03987000 -0.23171000 -0.96476000 0.26018000 0.03927000 0 0 0 5768.820000
424 0 1 0 4.230000000000e-07 62.49008000 -16.03987000 -0.23171000 -0.96476000 0.26018000 0.03927000 0 0 0 5768.820000
425 0 1 0 4.240000000000e-07 62.49008000 -16.03987000 -0.23171000 -0.96476000 0.26018000 0.03927000 0 0 0 5768.820000
426 0 1 0 4.250000000000e-07 62.49008000 -16.03987000 -0.23171000 -0.96476000 0.26018000 0.03927000 0 0 0 5768.820000
427 0 1 0 4.260000000000e-07 62.49008000 -16.03987000 -0.23171000 -0.96476000 0.26018000 0.03927000 0 0 0 5768.820000
428 0 1 0 4.270000000000e-07 62.49008000 -16.03987000 -0.23171000 -0.96476000 0.26018000 0.03927000 0 0 0 5768.820000
429 0 1 0 4.280000000000e-07 62.49008000 -16.03987000 -0.23171000 -0.96476000 0.26018000 0.03927000 0 0 0 5768.820000
430 0 1 0 4.290000000000e-07 62.49008000 -16.03987000 -0.23171000 -0.96476000 0.26018000 0.03927000 0 0 0 5768.820000
431 0 1 0 4.300000000000e-07 62.49008000 -16.03987000 -0.23171000 -0.96476000 0.26018000 0.03927000 0 0 0 5768.820000
432 0 1 0 4.310000000000e-07 62.49008000 -16.03987000 -0.23171000 -0.96476000 0.26018000 0.03927000 0 0 0 5768.820000
433 0 1 0 4.320000000000e-07 62.49008000 -16.03987000 -0.23171000 -0.96476000 0.26018000 0.03927000 0 0 0 5768.820000
434 0 1 0 4.330000000000e-07 62.49008000 -16.03987000 -0.23171000 -0.96476000 0.26018000 0.03927000 0 0 0 5768.820000
435 0 1 0 4.340000000000e-07 62.49008000 -16.03987000 -0.23171000 -0.96476000 0.26018000 0.03927000 0 0 0 5768.820000
436 0 1 0 4.350000000000e-07 62.49008000 -16.03987000 -0.23171000 -0.96476000 0.26018000 0.03927000 0 0 0 5768.820000
437 0 1 0 4.360000000000e-07 62.49008000 -16.03987000 -0.23171000 -0.96476000 0.26018000 0.03927000 0 0 0 5768.820000
438 0 1 0 4.370000000000e-07 62.49008000 -16.03987000 -0.23171000 -0.96476000 0.26018000 0.03927000 0 0 0 5768.820000
439 0 1 0 4.380000000000e-07 62.49008000 -16.03987000 -0.23171000 -0.96476000 0.26018000 0.03927000 0 0 0 5768.820000
440 0 1 0 4.390000000000e-07 62.49008000 -16.03987000 -0.23171000 -0.96476000 0.26018000 0.03927000 0 0 0 5768.820000
441 0 1 0 4.400000000000e-07 62.49008000 -16.03987000 -0.23171000 -0.96476000 0.26018000 0.03927000 0 0 0 5768.820000
442 0 1 0 4.410000000000e-07 62.49008000 -16.03987000 -0.23171000 -0.96476000 0.26018000 0.03927000 0 0 0 5768.820000
443 0 1 0 4.420000000000e-07 62.49008000 -16.03987000 -0.23171000 -0.96476000 0.26018000 0.03927000 0 0 0 5768.820000
444 0 1 0 4.430000000000e-07 62.49008000 -16.03987000 -0.23171000 -0.96476000 0.26018000 0.03927000 0 0 0 5768.820000
445 0 1 0 4.440000000000e-07 62.49008000 -16.03987000 -0.23171000 -0.96476000 0.26018000 0.03927000 0 0 0 5768.820000
446 0 1 0 4.450000000000e-07 62.49008000 -16.03987000 -0.23171000 -0.96476000 0.26018000 0.03927000 0 0 0 5768.820000
447 0 1 0 4.460000000000e-07 62.49008000 -16.03987000 -0.23171000 -0.96476000 0.26018000 0.03927000 0 0 0 5768.820000
448 0 1 0 4.470000000000e-07 62.49008000 -16.03987000 -0.23171000 -0.96476000 0.26018000 0.03927000 0 0 0 5768.820000
449 0 1 0 4.480000000000e-07 62.49008000 -16.03987000 -0.23171000 -0.96476000 0.26018000 0.03927000 0 0 0 5768.820000
450 0 1 0 4.490000000000e-07 62.49008000 -16.03987000 -0.23171000 -0.96476000 0.26018000 0.03927000 0 0 0 5768.820000
451 0 1 0 4.500000000000e-07 62.49008000 -16.03987000 -0.23171000 -0.96476000 0.26018000 0.03927000 0 0 0 5768.820000
452 0 1 0 4.510000000000e-07 62.49008000 -16.03987000 -0.23171000 -0.96476000 0.26018000 0.03927000 0 0 0 5768.820000
453 0 1 0 4.520000000000e-07 62.49008000 -16.03987000 -0.23171000 -0.96476000 0.26018000 0.03927000 0 0 0 5768.820000
454 0 1 0 4.530000000000e-07 62.49008000 -16.03987000 -0.23171000 -0.96476000 0.26018000 0.03927000 0 0 0 5768.820000
455 0 1 0 4.540000000000e-07 62.49008000 -16.03987000 -0.23171000 -0.96476000 0.26018000 0.03927000 0 0 0 5768.820000
456 0 1 0 4.550000000000e-07 62.49008000 -16.03987000 -0.23171000 -0.96476000 0.26018000 0.03927000 0 0 0 5768.820000
457 0 1 0 4.560000000000e-07 62.49008000 -16.03987000 -0.23171000 -0.96476000 0.26018000 0.03927000 0 0 0 5768.820000
458 0 1 0 4.570000000000e-07 62.49008000 -16.03987000 -0.23171000 -0.96476000 0.26018000 0.03927000 0 0 0 5768.820000
459 0 1 0 4.580000000000e-07 62.49008000 -16.03987000 -0.23171000 -0.96476000 0.26018000 0.03927000 0 0 0 5768.820000
460 0 1 0 4.590000000000e-07 62.49008000 -16.03987000 -0.23171000 -0.96476000 0.26018000 0.03927000 0 0 0 5768.820000
461 0 1 0 4.600000000000e-07 62.49008000 -16.03987000 -0.23171000 -0.96476000 0.26018000 0.03927000 0 0 0 5768.820000
462 0 1 0 4.610000000000e-07 62.49008000 -16.03987000 -0.23171000 -0.96476000 0.26018000 0.03927000 0 0 0 5768.820000
463 0 1 0 4.620000000000e-07 62.49008000 -16.03987000 -0.23171000 -0.96476000 0.26018000 0.03927000 0 0 0 5768.820000
464 0 1 0 4.630000000000e-07 62.49008000 -16.03987000 -0.23171000 -0.96476000 0.26018000 0.03927000 0 0 0 5768.820000
465 0 1 0 4.640000000000e-07 62.49008000 -16.03987000 -0.23171000 -0.96476000 0.26018000 0.03927000 0 0 0 5768.820000
466 0 1 0 4.650000000000e-07 62.49008000 -16.03987000 -0.23171000 -0.96476000 0.26018000 0.03927000 0 0 0 5768.820000
467 0 1 0 4.660000000000e-07 62.49008000 -16.03987000 -0.23171000 -0.96476000 0.26018000 0.03927000 0 0 0 5768.820000
468 0 1 0 4.670000000000e-07 62.49008000 -16.03987000 -0.23171000 -0.96476000 0.26018000 0.03927000 0 0 0 5768.820000
469 0 1 0 4.680000000000e-07 62.49008000 -16.03987000 -0.23171000 -0.96476000 0.26018000 0.03927000 0 0 0 5768.820000
470 0 1 0 4.690000000000e-07 62.49008000 -16.03987000 -0.23171000 -0.96476000 0.26018000 0.03927000 0 0 0 5768.820000
471 0 1 0 4.700000000000e-07 62.49008000 -16.03987000 -0.23171000 -0.96476000 0.26018000 0.03927000 0 0 0 5768.820000
472 0 1 0 4.710000000000e-07 62.49008000 -16.03987000 -0.23171000 -0.96476000 0.26018000 0.03927000 0 0 0 5768.820000
473 0 1 0 4.720000000000e-07 62.49008000 -16.03987000 -0.23171000 -0.96476000 0.26018000 0.03927000 0 0 0 5768.820000
474 0 1 0 4.730000000000e-07 62.49008000 -16.03987000 -0.23171000 -0.96476000 0.26018000 0.03927000 0 0 0 5768.820000
475 0 1 0 4.740000000000e-07 62.49008000 -16.03987000 -0.23171000 -0.96476000 0.26018000 0.03927000 0 0 0 5768.820000
476 0 1 0 4.750000000000e-07 62.49008000 -16.03987000 -0.23171000 -0.96476000 0.26018000 0.03927000 0 0 0 5768.820000
477 0 1 0 4.760000000000e-07 62.49008000 -16.03987000 -0.23171000 -0.96476000 0.26018000 0.03927000 0 0 0 5768.820000
478 0 1 0 4.770000000000e-07 62.49008000 -16.03987000 -0.23171000 -0.96476000 0.26018000 0.03927000 0 0 0 5768.820000
479 0 1 0 4.780000000000e-07 62.49008000 -16.03987000 -0.23171000 -0.96476000 0.26018000 0.03927000 0 0 0 5768.820000
480 0 1 0 4.790000000000e-07 62.49008000 -16.03987000 -0.23171000 -0.96476000 0.26018000 0.03927000 0 0 0 5768.820000
481 0 1 0 4.800000000000e-07 62.49008000 -16.03987000 -0.23171000 -0.96476000 0.26018000 0.03927000 0 0 0 5768.820000
482 0 1 0 4.810000000000e-07 62.49008000 -16.03987000 -0.23171000 -0.96476000 0.26018000 0.03927000 0 0 0 5768.820000
483 0 1 0 4.820000000000e-07 62.49008000 -16.03987000 -0.23171000 -0.96476000 0.26018000 0.03927000 0 0 0 5768.820000
484 0 1 0 4.830000000000e-07 62.49008000 -16.03987000 -0.23171000 -0.96476000 0.26018000 0.03927000 0 0 0 5768.820000
485 0 1 0 4.840000000000e-07 62.49008000 -16.03987000 -0.23171000 -0.96476000 0.26018000 0.03927000 0 0 0 5768.820000
486 0 1 0 4.850000000000e-07 62.49008000 -16.03987000 -0.23171000 -0.96476000 0.26018000 0.03927000 0 0 0 5768.820000
487 0 1 0 4.860000000000e-07 62.49008000 -16.03987000 -0.23171000 -0.96476000 0.26018000 0.03927000 0 0 0 5768.820000
488 0 1 0 4.870000000000e-07 62.49008000 -16.03987000 -0.23171000 -0.96476000 0.26018000 0.03927000 0 0 0 5768.820000
489 0 1 0 4.880000000000e-07 62.49008000 -16.03987000 -0.23171000 -0.96476000 0.26018000 0.03927000 0 0 0 5768.820000
490 0 1 0 4.890000000000e-07 62.49008000 -16.03987000 -0.23171000 -0.96476000 0.26018000 0.03927000 0 0 0 5768.820000
491 0 1 0 4.900000000000e-07 62.49008000 -16.03987000 -0.23171000 -0.96476000 0.26018000 0.03927000 0 0 0 5768.820000
492 0 1 0 4.910000000000e-07 62.49008000 -16.03987000 -0.23171000 -0.96476000 0.26018000 0.03927000 0 0 0 5768.820000
493 0 1 0 4.920000000000e-07 62.49008000 -16.03987000 -0.23171000 -0.96476000 0.26018000 0.03927000 0 0 0 5768.820000
494 0 1 0 4.930000000000e-07 62.49008000 -16.03987000 -0.23171000 -0.96476000 0.26018000 0.03927000 0 0 0 5768.820000
495 0 1 0 4.940000000000e-07 62.49008000 -16.03987000 -0.23171000 -0.96476000 0.26018000 0.03927000 0 0 0 5768.820000
496 0 1 0 4.950000000000e-07 62.49008000 -16.03987000 -0.23171000 -0.96476000 0.26018000 0.03927000 0 0 0 5768.820000
497 0 1 0 4.960000000000e-07 62.49008000 -16.03987000 -0.23171000 -0.96476000 0.26018000 0.03927000 0 0 0 5768.820000
498 0 1 0 4.970000000000e-07 62.49008000 -16.03987000 -0.23171000 -0.96476000 0.26018000 0.03927000 0 0 0 5768.820000
499 0 1 0 4.980000000000e-07 62.49008000 -16.03987000 -0.23171000 -0.96476000 0.26018000 0.03927000 0 0 0 5768.820000
500 0 1 0 4.990000000000e-07 62.49008000 -16.03987000 -0.23171000 -0.96476000 0.26018000 0.03927000 0 0 0 5768.820000
501 0 1 0 5.000000000000e-07 62.49008000 -16.03987000 -0.23171000 -0.96476000 0.26018000 0.03927000 0 0 0 5768.820000
502 0 1 0 5.010000000000e-07 62.49008000 -16.03987000 -0.23171000 -0.96476000 0.26018000 0.03927000 0 0 0 5768.820000
503 0 1 0 5.020000000000e-07 62.49008000 -16.03987000 -0.23171000 -0.96476000 0.26018000 0.03927000 0 0 0 5768.820000
504 0 1 0 5.030000000000e-07 62.49008000 -16.03987000 -0.23171000 -0.96476000 0.26018000 0.03927000 0 0 0 5768.820000
505 0 1 0 5.040000000000e-07 62.49008000 -16.03987000 -0.23171000 -0.96476000 0.26018000 0.03927000 0 0 0 5768.820000
506 0 1 0 5.050000000000e-07 62.49008000 -16.03987000 -0.23171000 -0.96476000 0.26018000 0.03927000 0 0 0 5768.820000
507 0 1 0 5.060000000000e-07 62.49008000 -16.03987000 -0.23171000 -0.96476000 0.26018000 0.03927000 0 0 0 5768.820000
508 0 1 0 5.070000000000e-07 62.49008000 -16.03987000 -0.23171000 -0.96476000 0.26018000 0.03927000 0 0 0 5768.820000
509 0 1 0 5.080000000000e-07 62.49008000 -16.03987000 -0.23171000 -0.96476000 0.26018000 0.03927000 0 0 0 5768.820000
510 0 1 0 5.090000000000e-07 62.49008000 -16.03987000 -0.23171000 -0.96476000 0.26018000 0.03927000 0 0 0 5768.820000
511 0 1 0 5.100000000000e-07 62.49008000 -16.03987000 -0.23171000 -0.96476000 0.26018000 0.03927000 0 0 0 5768.820000
512 0 1 0 5.110000000000e-07 62.49008000 -16.03987000 -0.23171000 -0.96476000 0.26018000 0.03927000 0 0 0 5768.820000
