1 0 1 0 0.000000000000e+00 25.46579000 -31.55969000 -38.99286000 -0.47432000 0.55762000 0.68123000 0 0 0 6345.940000
2 0 1 0 1.000000000000e-09 25.46579000 -31.55969000 -38.99286000 -0.47432000 0.55762000 0.68123000 0 0 0 6345.940000
3 0 1 0 2.000000000000e-09 25.46579000 -31.55969000 -38.99286000 -0.47432000 0.55762000 0.68123000 0 0 0 6345.940000
4 0 1 0 3.000000000000e-09 25.46579000 -31.55969000 -38.99286000 -0.47432000 0.55762000 0.68123000 0 0 0 6345.940000
5 0 1 0 4.000000000000e-09 25.46579000 -31.55969000 -38.99286000 -0.47432000 0.55762000 0.68123000 0 0 0 6345.940000
6 0 1 0 5.000000000000e-09 25.46579000 -31.55969000 -38.99286000 -0.47432000 0.55762000 0.68123000 0 0 0 6345.940000
7 0 1 0 6.000000000000e-09 25.46579000 -31.55969000 -38.99286000 -0.47432000 0.55762000 0.68123000 0 0 0 6345.940000
8 0 1 0 7.000000000000e-09 25.46579000 -31.55969000 -38.99286000 -0.47432000 0.55762000 0.68123000 0 0 0 6345.940000
9 0 1 0 8.000000000000e-09 25.46579000 -31.55969000 -38.99286000 -0.47432000 0.55762000 0.68123000 0 0 0 6345.940000
10 0 1 0 9.000000000000e-09 25.46579000 -31.55969000 -38.99286000 -0.47432000 0.55762000 0.68123000 0 0 0 6345.940000
11 0 1 0 1.000000000000e-08 25.46579000 -31.55969000 -38.99286000 -0.47432000 0.55762000 0.68123000 0 0 0 6345.940000
12 0 1 0 1.100000000000e-08 25.46579000 -31.55969000 -38.99286000 -0.47432000 0.55762000 0.68123000 0 0 0 6345.940000
13 0 1 0 1.200000000000e-08 25.46579000 -31.55969000 -38.99286000 -0.47432000 0.55762000 0.68123000 0 0 0 6345.940000
14 0 1 0 1.300000000000e-08 25.46579000 -31.55969000 -38.99286000 -0.47432000 0.55762000 0.68123000 0 0 0 6345.940000
15 0 1 0 1.400000000000e-08 25.46579000 -31.55969000 -38.99286000 -0.47432000 0.55762000 0.68123000 0 0 0 6345.940000
16 0 1 0 1.500000000000e-08 25.46579000 -31.55969000 -38.99286000 -0.47432000 0.55762000 0.68123000 0 0 0 6345.940000
17 0 1 0 1.600000000000e-08 25.46579000 -31.55969000 -38.99286000 -0.47432000 0.55762000 0.68123000 0 0 0 6345.940000
18 0 1 0 1.700000000000e-08 25.46579000 -31.55969000 -38.99286000 -0.47432000 0.55762000 0.68123000 0 0 0 6345.940000
19 0 1 0 1.800000000000e-08 25.46579000 -31.55969000 -38.99286000 -0.47432000 0.55762000 0.68123000 0 0 0 6345.940000
20 0 1 0 1.900000000000e-08 25.46579000 -31.55969000 -38.99286000 -0.47432000 0.55762000 0.68123000 0 0 0 6345.940000
21 0 1 0 2.000000000000e-08 25.46579000 -31.55969000 -38.99286000 -0.47432000 0.55762000 0.68123000 0 0 0 6345.940000
22 0 1 0 2.100000000000e-08 25.46579000 -31.55969000 -38.99286000 -0.47432000 0.55762000 0.68123000 0 0 0 6345.940000
23 0 1 0 2.200000000000e-08 25.46579000 -31.55969000 -38.99286000 -0.47432000 0.55762000 0.68123000 0 0 0 6345.940000
24 0 1 0 2.300000000000e-08 25.46579000 -31.55969000 -38.99286000 -0.47432000 0.55762000 0.68123000 0 0 0 6345.940000
25 0 1 0 2.400000000000e-08 25.46579000 -31.55969000 -38.99286000 -0.47432000 0.55762000 0.68123000 0 0 0 6345.940000
26 0 1 0 2.500000000000e-08 25.46579000 -31.55969000 -38.99286000 -0.47432000 0.55762000 0.68123000 0 0 0 6345.940000
27 0 1 0 2.600000000000e-08 25.46579000 -31.55969000 -38.99286000 -0.47432000 0.55762000 0.68123000 0 0 0 6345.940000
28 0 1 0 2.700000000000e-08 25.46579000 -31.55969000 -38.99286000 -0.47432000 0.55762000 0.68123000 0 0 0 6345.940000
29 0 1 0 2.800000000000e-08 25.46579000 -31.55969000 -38.99286000 -0.47432000 0.55762000 0.68123000 0 0 0 6345.940000
30 0 1 0 2.900000000000e-08 25.46579000 -31.55969000 -38.99286000 -0.47432000 0.55762000 0.68123000 0 0 0 6345.940000
31 0 1 0 3.000000000000e-08 25.46579000 -31.55969000 -38.99286000 -0.47432000 0.55762000 0.68123000 0 0 0 6345.940000
32 0 1 0 3.100000000000e-08 25.46579000 -31.55969000 -38.99286000 -0.47432000 0.55762000 0.68123000 0 0 0 6345.940000
33 0 1 0 3.200000000000e-08 25.46579000 -31.55969000 -38.99286000 -0.47432000 0.55762000 0.68123000 0 0 0 6345.940000
34 0 1 0 3.300000000000e-08 25.46579000 -31.55969000 -38.99286000 -0.47432000 0.55762000 0.68123000 0 0 0 6345.940000
35 0 1 0 3.400000000000e-08 25.46579000 -31.55969000 -38.99286000 -0.47432000 0.55762000 0.68123000 0 0 0 6345.940000
36 0 1 0 3.500000000000e-08 25.46579000 -31.55969000 -38.99286000 -0.47432000 0.55762000 0.68123000 0 0 0 6345.940000
37 0 1 0 3.600000000000e-08 25.46579000 -31.55969000 -38.99286000 -0.47432000 0.55762000 0.68123000 0 0 0 6345.940000
38 0 1 0 3.700000000000e-08 25.46579000 -31.55969000 -38.99286000 -0.47432000 0.55762000 0.68123000 0 0 0 6345.940000
39 0 1 0 3.800000000000e-08 25.46579000 -31.55969000 -38.99286000 -0.47432000 0.55762000 0.68123000 0 0 0 6345.940000
40 0 1 0 3.900000000000e-08 25.46579000 -31.55969000 -38.99286000 -0.47432000 0.55762000 0.68123000 0 0 0 6345.940000
41 0 1 0 4.000000000000e-08 25.46579000 -31.55969000 -38.99286000 -0.47432000 0.55762000 0.68123000 0 0 0 6345.940000
42 0 1 0 4.100000000000e-08 25.46579000 -31.55969000 -38.99286000 -0.47432000 0.55762000 0.68123000 0 0 0 6345.940000
43 0 1 0 4.200000000000e-08 25.46579000 -31.55969000 -38.99286000 -0.47432000 0.55762000 0.68123000 0 0 0 6345.940000
44 0 1 0 4.300000000000e-08 25.46579000 -31.55969000 -38.99286000 -0.47432000 0.55762000 0.68123000 0 0 0 6345.940000
45 0 1 0 4.400000000000e-08 25.46579000 -31.55969000 -38.99286000 -0.47432000 0.55762000 0.68123000 0 0 0 6345.940000
46 0 1 0 4.500000000000e-08 25.46579000 -31.55969000 -38.99286000 -0.47432000 0.55762000 0.68123000 0 0 0 6345.940000
47 0 1 0 4.600000000000e-08 25.46579000 -31.55969000 -38.99286000 -0.47432000 0.55762000 0.68123000 0 0 0 6345.940000
48 0 1 0 4.700000000000e-08 25.46579000 -31.55969000 -38.99286000 -0.47432000 0.55762000 0.68123000 0 0 0 6345.940000
49 0 1 0 4.800000000000e-08 25.46579000 -31.55969000 -38.99286000 -0.47432000 0.55762000 0.68123000 0 0 0 6345.940000
50 0 1 0 4.900000000000e-08 25.46579000 -31.55969000 -38.99286000 -0.47432000 0.55762000 0.68123000 0 0 0 6345.940000
51 0 1 0 5.000000000000e-08 25.46579000 -31.55969000 -38.99286000 -0.47432000 0.55762000 0.68123000 0 0 0 6345.940000
52 0 1 0 5.100000000000e-08 25.46579000 -31.55969000 -38.99286000 -0.47432000 0.55762000 0.68123000 0 0 0 6345.940000
53 0 1 0 5.200000000000e-08 25.46579000 -31.55969000 -38.99286000 -0.47432000 0.55762000 0.68123000 0 0 0 6345.940000
54 0 1 0 5.300000000000e-08 25.46579000 -31.55969000 -38.99286000 -0.47432000 0.55762000 0.68123000 0 0 0 6345.940000
55 0 1 0 5.400000000000e-08 25.46579000 -31.55969000 -38.99286000 -0.47432000 0.55762000 0.68123000 0 0 0 6345.940000
56 0 1 0 5.500000000000e-08 25.46579000 -31.55969000 -38.99286000 -0.47432000 0.55762000 0.68123000 0 0 0 6345.940000
57 0 1 0 5.600000000000e-08 25.46579000 -31.55969000 -38.99286000 -0.47432000 0.55762000 0.68123000 0 0 0 6345.940000
58 0 1 0 5.700000000000e-08 25.46579000 -31.55969000 -38.99286000 -0.47432000 0.55762000 0.68123000 0 0 0 6345.940000
59 0 1 0 5.800000000000e-08 25.46579000 -31.55969000 -38.99286000 -0.47432000 0.55762000 0.68123000 0 0 0 6345.940000
60 0 1 0 5.900000000000e-08 25.46579000 -31.55969000 -38.99286000 -0.47432000 0.55762000 0.68123000 0 0 0 6345.940000
61 0 1 0 6.000000000000e-08 25.46579000 -31.55969000 -38.99286000 -0.47432000 0.55762000 0.68123000 0 0 0 6345.940000
62 0 1 0 6.100000000000e-08 25.46579000 -31.55969000 -38.99286000 -0.47432000 0.55762000 0.68123000 0 0 0 6345.940000
63 0 1 0 6.200000000000e-08 25.46579000 -31.55969000 -38.99286000 -0.47432000 0.55762000 0.68123000 0 0 0 6345.940000
64 0 1 0 6.300000000000e-08 25.46579000 -31.55969000 -38.99286000 -0.47432000 0.55762000 0.68123000 0 0 0 6345.940000
65 0 1 0 6.400000000000e-08 25.46579000 -31.55969000 -38.99286000 -0.47432000 0.55762000 0.68123000 0 0 0 6345.940000
66 0 1 0 6.500000000000e-08 25.46579000 -31.55969000 -38.99286000 -0.47432000 0.55762000 0.68123000 0 0 0 6345.940000
67 0 1 0 6.600000000000e-08 25.46579000 -31.55969000 -38.99286000 -0.47432000 0.55762000 0.68123000 0 0 0 6345.940000
68 0 1 0 6.700000000000e-08 25.46579000 -31.55969000 -38.99286000 -0.47432000 0.55762000 0.68123000 0 0 0 6345.940000
69 0 1 0 6.800000000000e-08 25.46579000 -31.55969000 -38.99286000 -0.47432000 0.55762000 0.68123000 0 0 0 6345.940000
70 0 1 0 6.900000000000e-08 25.46579000 -31.55969000 -38.99286000 -0.47432000 0.55762000 0.68123000 0 0 0 6345.940000
71 0 1 0 7.000000000000e-08 25.46579000 -31.55969000 -38.99286000 -0.47432000 0.55762000 0.68123000 0 0 0 6345.940000
72 0 1 0 7.100000000000e-08 25.46579000 -31.55969000 -38.99286000 -0.47432000 0.55762000 0.68123000 0 0 0 6345.940000
73 0 1 0 7.200000000000e-08 25.46579000 -31.55969000 -38.99286000 -0.47432000 0.55762000 0.68123000 0 0 0 6345.940000
74 0 1 0 7.300000000000e-08 25.46579000 -31.55969000 -38.99286000 -0.47432000 0.55762000 0.68123000 0 0 0 6345.940000
75 0 1 0 7.400000000000e-08 25.46579000 -31.55969000 -38.99286000 -0.47432000 0.55762000 0.68123000 0 0 0 6345.940000
76 0 1 0 7.500000000000e-08 25.46579000 -31.55969000 -38.99286000 -0.47432000 0.55762000 0.68123000 0 0 0 6345.940000
77 0 1 0 7.600000000000e-08 25.46579000 -31.55969000 -38.99286000 -0.47432000 0.55762000 0.68123000 0 0 0 6345.940000
78 0 1 0 7.700000000000e-08 25.46579000 -31.55969000 -38.99286000 -0.47432000 0.55762000 0.68123000 0 0 0 6345.940000
79 0 1 0 7.800000000000e-08 25.46579000 -31.55969000 -38.99286000 -0.47432000 0.55762000 0.68123000 0 0 0 6345.940000
80 0 1 0 7.900000000000e-08 25.46579000 -31.55969000 -38.99286000 -0.47432000 0.55762000 0.68123000 0 0 0 6345.940000
81 0 1 0 8.000000000000e-08 25.46579000 -31.55969000 -38.99286000 -0.47432000 0.55762000 0.68123000 0 0 0 6345.940000
82 0 1 0 8.100000000000e-08 25.46579000 -31.55969000 -38.99286000 -0.47432000 0.55762000 0.68123000 0 0 0 6345.940000
83 0 1 0 8.200000000000e-08 25.46579000 -31.55969000 -38.99286000 -0.47432000 0.55762000 0.68123000 0 0 0 6345.940000
84 0 1 0 8.300000000000e-08 25.46579000 -31.55969000 -38.99286000 -0.47432000 0.55762000 0.68123000 0 0 0 6345.940000
85 0 1 0 8.400000000000e-08 25.46579000 -31.55969000 -38.99286000 -0.47432000 0.55762000 0.68123000 0 0 0 6345.940000
86 0 1 0 8.500000000000e-08 25.46579000 -31.55969000 -38.99286000 -0.47432000 0.55762000 0.68123000 0 0 0 6345.940000
87 0 1 0 8.600000000000e-08 25.46579000 -31.55969000 -38.99286000 -0.47432000 0.55762000 0.68123000 0 0 0 6345.940000
88 0 1 0 8.700000000000e-08 25.46579000 -31.55969000 -38.99286000 -0.47432000 0.55762000 0.68123000 0 0 0 6345.940000
89 0 1 0 8.800000000000e-08 25.46579000 -31.55969000 -38.99286000 -0.47432000 0.55762000 0.68123000 0 0 0 6345.940000
90 0 1 0 8.900000000000e-08 25.46579000 -31.55969000 -38.99286000 -0.47432000 0.55762000 0.68123000 0 0 0 6345.940000
91 0 1 0 9.000000000000e-08 25.46579000 -31.55969000 -38.99286000 -0.47432000 0.55762000 0.68123000 0 0 0 6345.940000
92 0 1 0 9.100000000000e-08 25.46579000 -31.55969000 -38.99286000 -0.47432000 0.55762000 0.68123000 0 0 0 6345.940000
93 0 1 0 9.200000000000e-08 25.46579000 -31.55969000 -38.99286000 -0.47432000 0.55762000 0.68123000 0 0 0 6345.940000
94 0 1 0 9.300000000000e-08 25.46579000 -31.55969000 -38.99286000 -0.47432000 0.55762000 0.68123000 0 0 0 6345.940000
95 0 1 0 9.400000000000e-08 25.46579000 -31.55969000 -38.99286000 -0.47432000 0.55762000 0.68123000 0 0 0 6345.940000
96 0 1 0 9.500000000000e-08 25.46579000 -31.55969000 -38.99286000 -0.47432000 0.55762000 0.68123000 0 0 0 6345.940000
97 0 1 0 9.600000000000e-08 25.46579000 -31.55969000 -38.99286000 -0.47432000 0.55762000 0.68123000 0 0 0 6345.940000
98 0 1 0 9.700000000000e-08 25.46579000 -31.55969000 -38.99286000 -0.47432000 0.55762000 0.68123000 0 0 0 6345.940000
99 0 1 0 9.800000000000e-08 25.46579000 -31.55969000 -38.99286000 -0.47432000 0.55762000 0.68123000 0 0 0 6345.940000
100 0 1 0 9.900000000000e-08 25.46579000 -31.55969000 -38.99286000 -0.47432000 0.55762000 0.68123000 0 0 0 6345.940000
101 0 1 0 1.000000000000e-07 25.46579000 -31.55969000 -38.99286000 -0.47432000 0.55762000 0.68123000 0 0 0 6345.940000
102 0 1 0 1.010000000000e-07 25.46579000 -31.55969000 -38.99286000 -0.47432000 0.55762000 0.68123000 0 0 0 6345.940000
103 0 1 0 1.020000000000e-07 25.46579000 -31.55969000 -38.99286000 -0.47432000 0.55762000 0.68123000 0 0 0 6345.940000
104 0 1 0 1.030000000000e-07 25.46579000 -31.55969000 -38.99286000 -0.47432000 0.55762000 0.68123000 0 0 0 6345.940000
105 0 1 0 1.040000000000e-07 25.46579000 -31.55969000 -38.99286000 -0.47432000 0.55762000 0.68123000 0 0 0 6345.940000
106 0 1 0 1.050000000000e-07 25.46579000 -31.55969000 -38.99286000 -0.47432000 0.55762000 0.68123000 0 0 0 6345.940000
107 0 1 0 1.060000000000e-07 25.46579000 -31.55969000 -38.99286000 -0.47432000 0.55762000 0.68123000 0 0 0 6345.940000
108 0 1 0 1.070000000000e-07 25.46579000 -31.55969000 -38.99286000 -0.47432000 0.55762000 0.68123000 0 0 0 6345.940000
109 0 1 0 1.080000000000e-07 25.46579000 -31.55969000 -38.99286000 -0.47432000 0.55762000 0.68123000 0 0 0 6345.940000
110 0 1 0 1.090000000000e-07 25.46579000 -31.55969000 -38.99286000 -0.47432000 0.55762000 0.68123000 0 0 0 6345.940000
111 0 1 0 1.100000000000e-07 25.46579000 -31.55969000 -38.99286000 -0.47432000 0.55762000 0.68123000 0 0 0 6345.940000
112 0 1 0 1.110000000000e-07 25.46579000 -31.55969000 -38.99286000 -0.47432000 0.55762000 0.68123000 0 0 0 6345.940000
113 0 1 0 1.120000000000e-07 25.46579000 -31.55969000 -38.99286000 -0.47432000 0.55762000 0.68123000 0 0 0 6345.940000
114 0 1 0 1.130000000000e-07 25.46579000 -31.55969000 -38.99286000 -0.47432000 0.55762000 0.68123000 0 0 0 6345.940000
115 0 1 0 1.140000000000e-07 25.46579000 -31.55969000 -38.99286000 -0.47432000 0.55762000 0.68123000 0 0 0 6345.940000
116 0 1 0 1.150000000000e-07 25.46579000 -31.55969000 -38.99286000 -0.47432000 0.55762000 0.68123000 0 0 0 6345.940000
117 0 1 0 1.160000000000e-07 25.46579000 -31.55969000 -38.99286000 -0.47432000 0.55762000 0.68123000 0 0 0 6345.940000
118 0 1 0 1.170000000000e-07 25.46579000 -31.55969000 -38.99286000 -0.47432000 0.55762000 0.68123000 0 0 0 6345.940000
119 0 1 0 1.180000000000e-07 25.46579000 -31.55969000 -38.99286000 -0.47432000 0.55762000 0.68123000 0 0 0 6345.940000
120 0 1 0 1.190000000000e-07 25.46579000 -31.55969000 -38.99286000 -0.47432000 0.55762000 0.68123000 0 0 0 6345.940000
121 0 1 0 1.200000000000e-07 25.46579000 -31.55969000 -38.99286000 -0.47432000 0.55762000 0.68123000 0 0 0 6345.940000
122 0 1 0 1.210000000000e-07 25.46579000 -31.55969000 -38.99286000 -0.47432000 0.55762000 0.68123000 0 0 0 6345.940000
123 0 1 0 1.220000000000e-07 25.46579000 -31.55969000 -38.99286000 -0.47432000 0.55762000 0.68123000 0 0 0 6345.940000
124 0 1 0 1.230000000000e-07 25.46579000 -31.55969000 -38.99286000 -0.47432000 0.55762000 0.68123000 0 0 0 6345.940000
125 0 1 0 1.240000000000e-07 25.46579000 -31.55969000 -38.99286000 -0.47432000 0.55762000 0.68123000 0 0 0 6345.940000
126 0 1 0 1.250000000000e-07 25.46579000 -31.55969000 -38.99286000 -0.47432000 0.55762000 0.68123000 0 0 0 6345.940000
127 0 1 0 1.260000000000e-07 25.46579000 -31.55969000 -38.99286000 -0.47432000 0.55762000 0.68123000 0 0 0 6345.940000
128 0 1 0 1.270000000000e-07 25.46579000 -31.55969000 -38.99286000 -0.47432000 0.55762000 0.68123000 0 0 0 6345.940000
129 0 1 0 1.280000000000e-07 25.46579000 -31.55969000 -38.99286000 -0.47432000 0.55762000 0.68123000 0 0 0 6345.940000
130 0 1 0 1.290000000000e-07 25.46579000 -31.55969000 -38.99286000 -0.47432000 0.55762000 0.68123000 0 0 0 6345.940000
131 0 1 0 1.300000000000e-07 25.46579000 -31.55969000 -38.99286000 -0.47432000 0.55762000 0.68123000 0 0 0 6345.940000
132 0 1 0 1.310000000000e-07 25.46579000 -31.55969000 -38.99286000 -0.47432000 0.55762000 0.68123000 0 0 0 6345.940000
133 0 1 0 1.320000000000e-07 25.46579000 -31.55969000 -38.99286000 -0.47432000 0.55762000 0.68123000 0 0 0 6345.940000
134 0 1 0 1.330000000000e-07 25.46579000 -31.55969000 -38.99286000 -0.47432000 0.55762000 0.68123000 0 0 0 6345.940000
135 0 1 0 1.340000000000e-07 25.46579000 -31.55969000 -38.99286000 -0.47432000 0.55762000 0.68123000 0 0 0 6345.940000
136 0 1 0 1.350000000000e-07 25.46579000 -31.55969000 -38.99286000 -0.47432000 0.55762000 0.68123000 0 0 0 6345.940000
137 0 1 0 1.360000000000e-07 25.46579000 -31.55969000 -38.99286000 -0.47432000 0.55762000 0.68123000 0 0 0 6345.940000
138 0 1 0 1.370000000000e-07 25.46579000 -31.55969000 -38.99286000 -0.47432000 0.55762000 0.68123000 0 0 0 6345.940000
139 0 1 0 1.380000000000e-07 25.46579000 -31.55969000 -38.99286000 -0.47432000 0.55762000 0.68123000 0 0 0 6345.940000
140 0 1 0 1.390000000000e-07 25.46579000 -31.55969000 -38.99286000 -0.47432000 0.55762000 0.68123000 0 0 0 6345.940000
141 0 1 0 1.400000000000e-07 25.46579000 -31.55969000 -38.99286000 -0.47432000 0.55762000 0.68123000 0 0 0 6345.940000
142 0 1 0 1.410000000000e-07 25.46579000 -31.55969000 -38.99286000 -0.47432000 0.55762000 0.68123000 0 0 0 6345.940000
143 0 1 0 1.420000000000e-07 25.46579000 -31.55969000 -38.99286000 -0.47432000 0.55762000 0.68123000 0 0 0 6345.940000
144 0 1 0 1.430000000000e-07 25.46579000 -31.55969000 -38.99286000 -0.47432000 0.55762000 0.68123000 0 0 0 6345.940000
145 0 1 0 1.440000000000e-07 25.46579000 -31.55969000 -38.99286000 -0.47432000 0.55762000 0.68123000 0 0 0 6345.940000
146 0 1 0 1.450000000000e-07 25.46579000 -31.55969000 -38.99286000 -0.47432000 0.55762000 0.68123000 0 0 0 6345.940000
147 0 1 0 1.460000000000e-07 25.46579000 -31.55969000 -38.99286000 -0.47432000 0.55762000 0.68123000 0 0 0 6345.940000
148 0 1 0 1.470000000000e-07 25.46579000 -31.55969000 -38.99286000 -0.47432000 0.55762000 0.68123000 0 0 0 6345.940000
149 0 1 0 1.480000000000e-07 25.46579000 -31.55969000 -38.99286000 -0.47432000 0.55762000 0.68123000 0 0 0 6345.940000
150 0 1 0 1.490000000000e-07 25.46579000 -31.55969000 -38.99286000 -0.47432000 0.55762000 0.68123000 0 0 0 6345.940000
151 0 1 0 1.500000000000e-07 25.46579000 -31.55969000 -38.99286000 -0.47432000 0.55762000 0.68123000 0 0 0 6345.940000
152 0 1 0 1.510000000000e-07 25.46579000 -31.55969000 -38.99286000 -0.47432000 0.55762000 0.68123000 0 0 0 6345.940000
153 0 1 0 1.520000000000e-07 25.46579000 -31.55969000 -38.99286000 -0.47432000 0.55762000 0.68123000 0 0 0 6345.940000
154 0 1 0 1.530000000000e-07 25.46579000 -31.55969000 -38.99286000 -0.47432000 0.55762000 0.68123000 0 0 0 6345.940000
155 0 1 0 1.540000000000e-07 25.46579000 -31.55969000 -38.99286000 -0.47432000 0.55762000 0.68123000 0 0 0 6345.940000
156 0 1 0 1.550000000000e-07 25.46579000 -31.55969000 -38.99286000 -0.47432000 0.55762000 0.68123000 0 0 0 6345.940000
157 0 1 0 1.560000000000e-07 25.46579000 -31.55969000 -38.99286000 -0.47432000 0.55762000 0.68123000 0 0 0 6345.940000
158 0 1 0 1.570000000000e-07 25.46579000 -31.55969000 -38.99286000 -0.47432000 0.55762000 0.68123000 0 0 0 6345.940000
159 0 1 0 1.580000000000e-07 25.46579000 -31.55969000 -38.99286000 -0.47432000 0.55762000 0.68123000 0 0 0 6345.940000
160 0 1 0 1.590000000000e-07 25.46579000 -31.55969000 -38.99286000 -0.47432000 0.55762000 0.68123000 0 0 0 6345.940000
161 0 1 0 1.600000000000e-07 25.46579000 -31.55969000 -38.99286000 -0.47432000 0.55762000 0.68123000 0 0 0 6345.940000
162 0 1 0 1.610000000000e-07 25.46579000 -31.55969000 -38.99286000 -0.47432000 0.55762000 0.68123000 0 0 0 6345.940000
163 0 1 0 1.620000000000e-07 25.46579000 -31.55969000 -38.99286000 -0.47432000 0.55762000 0.68123000 0 0 0 6345.940000
164 0 1 0 1.630000000000e-07 25.46579000 -31.55969000 -38.99286000 -0.47432000 0.55762000 0.68123000 0 0 0 6345.940000
165 0 1 0 1.640000000000e-07 25.46579000 -31.55969000 -38.99286000 -0.47432000 0.55762000 0.68123000 0 0 0 6345.940000
166 0 1 0 1.650000000000e-07 25.46579000 -31.55969000 -38.99286000 -0.47432000 0.55762000 0.68123000 0 0 0 6345.940000
167 0 1 0 1.660000000000e-07 25.46579000 -31.55969000 -38.99286000 -0.47432000 0.55762000 0.68123000 0 0 0 6345.940000
168 0 1 0 1.670000000000e-07 25.46579000 -31.55969000 -38.99286000 -0.47432000 0.55762000 0.68123000 0 0 0 6345.940000
169 0 1 0 1.680000000000e-07 25.46579000 -31.55969000 -38.99286000 -0.47432000 0.55762000 0.68123000 0 0 0 6345.940000
170 0 1 0 1.690000000000e-07 25.46579000 -31.55969000 -38.99286000 -0.47432000 0.55762000 0.68123000 0 0 0 6345.940000
171 0 1 0 1.700000000000e-07 25.46579000 -31.55969000 -38.99286000 -0.47432000 0.55762000 0.68123000 0 0 0 6345.940000
172 0 1 0 1.710000000000e-07 25.46579000 -31.55969000 -38.99286000 -0.47432000 0.55762000 0.68123000 0 0 0 6345.940000
173 0 1 0 1.720000000000e-07 25.46579000 -31.55969000 -38.99286000 -0.47432000 0.55762000 0.68123000 0 0 0 6345.940000
174 0 1 0 1.730000000000e-07 25.46579000 -31.55969000 -38.99286000 -0.47432000 0.55762000 0.68123000 0 0 0 6345.940000
175 0 1 0 1.740000000000e-07 25.46579000 -31.55969000 -38.99286000 -0.47432000 0.55762000 0.68123000 0 0 0 6345.940000
176 0 1 0 1.750000000000e-07 25.46579000 -31.55969000 -38.99286000 -0.47432000 0.55762000 0.68123000 0 0 0 6345.940000
177 0 1 0 1.760000000000e-07 25.46579000 -31.55969000 -38.99286000 -0.47432000 0.55762000 0.68123000 0 0 0 6345.940000
178 0 1 0 1.770000000000e-07 25.46579000 -31.55969000 -38.99286000 -0.47432000 0.55762000 0.68123000 0 0 0 6345.940000
179 0 1 0 1.780000000000e-07 25.46579000 -31.55969000 -38.99286000 -0.47432000 0.55762000 0.68123000 0 0 0 6345.940000
180 0 1 0 1.790000000000e-07 25.46579000 -31.55969000 -38.99286000 -0.47432000 0.55762000 0.68123000 0 0 0 6345.940000
181 0 1 0 1.800000000000e-07 25.46579000 -31.55969000 -38.99286000 -0.47432000 0.55762000 0.68123000 0 0 0 6345.940000
182 0 1 0 1.810000000000e-07 25.46579000 -31.55969000 -38.99286000 -0.47432000 0.55762000 0.68123000 0 0 0 6345.940000
183 0 1 0 1.820000000000e-07 25.46579000 -31.55969000 -38.99286000 -0.47432000 0.55762000 0.68123000 0 0 0 6345.940000
184 0 1 0 1.830000000000e-07 25.46579000 -31.55969000 -38.99286000 -0.47432000 0.55762000 0.68123000 0 0 0 6345.940000
185 0 1 0 1.840000000000e-07 25.46579000 -31.55969000 -38.99286000 -0.47432000 0.55762000 0.68123000 0 0 0 6345.940000
186 0 1 0 1.850000000000e-07 25.46579000 -31.55969000 -38.99286000 -0.47432000 0.55762000 0.68123000 0 0 0 6345.940000
187 0 1 0 1.860000000000e-07 25.46579000 -31.55969000 -38.99286000 -0.47432000 0.55762000 0.68123000 0 0 0 6345.940000
188 0 1 0 1.870000000000e-07 25.46579000 -31.55969000 -38.99286000 -0.47432000 0.55762000 0.68123000 0 0 0 6345.940000
189 0 1 0 1.880000000000e-07 25.46579000 -31.55969000 -38.99286000 -0.47432000 0.55762000 0.68123000 0 0 0 6345.940000
190 0 1 0 1.890000000000e-07 25.46579000 -31.55969000 -38.99286000 -0.47432000 0.55762000 0.68123000 0 0 0 6345.940000
191 0 1 0 1.900000000000e-07 25.46579000 -31.55969000 -38.99286000 -0.47432000 0.55762000 0.68123000 0 0 0 6345.940000
192 0 1 0 1.910000000000e-07 25.46579000 -31.55969000 -38.99286000 -0.47432000 0.55762000 0.68123000 0 0 0 6345.940000
193 0 1 0 1.920000000000e-07 25.46579000 -31.55969000 -38.99286000 -0.47432000 0.55762000 0.68123000 0 0 0 6345.940000
194 0 1 0 1.930000000000e-07 25.46579000 -31.55969000 -38.99286000 -0.47432000 0.55762000 0.68123000 0 0 0 6345.940000
195 0 1 0 1.940000000000e-07 25.46579000 -31.55969000 -38.99286000 -0.47432000 0.55762000 0.68123000 0 0 0 6345.940000
196 0 1 0 1.950000000000e-07 25.46579000 -31.55969000 -38.99286000 -0.47432000 0.55762000 0.68123000 0 0 0 6345.940000
197 0 1 0 1.960000000000e-07 25.46579000 -31.55969000 -38.99286000 -0.47432000 0.55762000 0.68123000 0 0 0 6345.940000
198 0 1 0 1.970000000000e-07 25.46579000 -31.55969000 -38.99286000 -0.47432000 0.55762000 0.68123000 0 0 0 6345.940000
199 0 1 0 1.980000000000e-07 25.46579000 -31.55969000 -38.99286000 -0.47432000 0.55762000 0.68123000 0 0 0 6345.940000
200 0 1 0 1.990000000000e-07 25.46579000 -31.55969000 -38.99286000 -0.47432000 0.55762000 0.68123000 0 0 0 6345.940000
201 0 1 0 2.000000000000e-07 25.46579000 -31.55969000 -38.99286000 -0.47432000 0.55762000 0.68123000 0 0 0 6345.940000
202 0 1 0 2.010000000000e-07 25.46579000 -31.55969000 -38.99286000 -0.47432000 0.55762000 0.68123000 0 0 0 6345.940000
203 0 1 0 2.020000000000e-07 25.46579000 -31.55969000 -38.99286000 -0.47432000 0.55762000 0.68123000 0 0 0 6345.940000
204 0 1 0 2.030000000000e-07 25.46579000 -31.55969000 -38.99286000 -0.47432000 0.55762000 0.68123000 0 0 0 6345.940000
205 0 1 0 2.040000000000e-07 25.46579000 -31.55969000 -38.99286000 -0.47432000 0.55762000 0.68123000 0 0 0 6345.940000
206 0 1 0 2.050000000000e-07 25.46579000 -31.55969000 -38.99286000 -0.47432000 0.55762000 0.68123000 0 0 0 6345.940000
207 0 1 0 2.060000000000e-07 25.46579000 -31.55969000 -38.99286000 -0.47432000 0.55762000 0.68123000 0 0 0 6345.940000
208 0 1 0 2.070000000000e-07 25.46579000 -31.55969000 -38.99286000 -0.47432000 0.55762000 0.68123000 0 0 0 6345.940000
209 0 1 0 2.080000000000e-07 25.46579000 -31.55969000 -38.99286000 -0.47432000 0.55762000 0.68123000 0 0 0 6345.940000
210 0 1 0 2.090000000000e-07 25.46579000 -31.55969000 -38.99286000 -0.47432000 0.55762000 0.68123000 0 0 0 6345.940000
211 0 1 0 2.100000000000e-07 25.46579000 -31.55969000 -38.99286000 -0.47432000 0.55762000 0.68123000 0 0 0 6345.940000
212 0 1 0 2.110000000000e-07 25.46579000 -31.55969000 -38.99286000 -0.47432000 0.55762000 0.68123000 0 0 0 6345.940000
213 0 1 0 2.120000000000e-07 25.46579000 -31.55969000 -38.99286000 -0.47432000 0.55762000 0.68123000 0 0 0 6345.940000
214 0 1 0 2.130000000000e-07 25.46579000 -31.55969000 -38.99286000 -0.47432000 0.55762000 0.68123000 0 0 0 6345.940000
215 0 1 0 2.140000000000e-07 25.46579000 -31.55969000 -38.99286000 -0.47432000 0.55762000 0.68123000 0 0 0 6345.940000
216 0 1 0 2.150000000000e-07 25.46579000 -31.55969000 -38.99286000 -0.47432000 0.55762000 0.68123000 0 0 0 6345.940000
217 0 1 0 2.160000000000e-07 25.46579000 -31.55969000 -38.99286000 -0.47432000 0.55762000 0.68123000 0 0 0 6345.940000
218 0 1 0 2.170000000000e-07 25.46579000 -31.55969000 -38.99286000 -0.47432000 0.55762000 0.68123000 0 0 0 6345.940000
219 0 1 0 2.180000000000e-07 25.46579000 -31.55969000 -38.99286000 -0.47432000 0.55762000 0.68123000 0 0 0 6345.940000
220 0 1 0 2.190000000000e-07 25.46579000 -31.55969000 -38.99286000 -0.47432000 0.55762000 0.68123000 0 0 0 6345.940000
221 0 1 0 2.200000000000e-07 25.46579000 -31.55969000 -38.99286000 -0.47432000 0.55762000 0.68123000 0 0 0 6345.940000
222 0 1 0 2.210000000000e-07 25.46579000 -31.55969000 -38.99286000 -0.47432000 0.55762000 0.68123000 0 0 0 6345.940000
223 0 1 0 2.220000000000e-07 25.46579000 -31.55969000 -38.99286000 -0.47432000 0.55762000 0.68123000 0 0 0 6345.940000
224 0 1 0 2.230000000000e-07 25.46579000 -31.55969000 -38.99286000 -0.47432000 0.55762000 0.68123000 0 0 0 6345.940000
225 0 1 0 2.240000000000e-07 25.46579000 -31.55969000 -38.99286000 -0.47432000 0.55762000 0.68123000 0 0 0 6345.940000
226 0 1 0 2.250000000000e-07 25.46579000 -31.55969000 -38.99286000 -0.47432000 0.55762000 0.68123000 0 0 0 6345.940000
227 0 1 0 2.260000000000e-07 25.46579000 -31.55969000 -38.99286000 -0.47432000 0.55762000 0.68123000 0 0 0 6345.940000
228 0 1 0 2.270000000000e-07 25.46579000 -31.55969000 -38.99286000 -0.47432000 0.55762000 0.68123000 0 0 0 6345.940000
229 0 1 0 2.280000000000e-07 25.46579000 -31.55969000 -38.99286000 -0.47432000 0.55762000 0.68123000 0 0 0 6345.940000
230 0 1 0 2.290000000000e-07 25.46579000 -31.55969000 -38.99286000 -0.47432000 0.55762000 0.68123000 0 0 0 6345.940000
231 0 1 0 2.300000000000e-07 25.46579000 -31.55969000 -38.99286000 -0.47432000 0.55762000 0.68123000 0 0 0 6345.940000
232 0 1 0 2.310000000000e-07 25.46579000 -31.55969000 -38.99286000 -0.47432000 0.55762000 0.68123000 0 0 0 6345.940000
233 0 1 0 2.320000000000e-07 25.46579000 -31.55969000 -38.99286000 -0.47432000 0.55762000 0.68123000 0 0 0 6345.940000
234 0 1 0 2.330000000000e-07 25.46579000 -31.55969000 -38.99286000 -0.47432000 0.55762000 0.68123000 0 0 0 6345.940000
235 0 1 0 2.340000000000e-07 25.46579000 -31.55969000 -38.99286000 -0.47432000 0.55762000 0.68123000 0 0 0 6345.940000
236 0 1 0 2.350000000000e-07 25.46579000 -31.55969000 -38.99286000 -0.47432000 0.55762000 0.68123000 0 0 0 6345.940000
237 0 1 0 2.360000000000e-07 25.46579000 -31.55969000 -38.99286000 -0.47432000 0.55762000 0.68123000 0 0 0 6345.940000
238 0 1 0 2.370000000000e-07 25.46579000 -31.55969000 -38.99286000 -0.47432000 0.55762000 0.68123000 0 0 0 6345.940000
239 0 1 0 2.380000000000e-07 25.46579000 -31.55969000 -38.99286000 -0.47432000 0.55762000 0.68123000 0 0 0 6345.940000
240 0 1 0 2.390000000000e-07 25.46579000 -31.55969000 -38.99286000 -0.47432000 0.55762000 0.68123000 0 0 0 6345.940000
241 0 1 0 2.400000000000e-07 25.46579000 -31.55969000 -38.99286000 -0.47432000 0.55762000 0.68123000 0 0 0 6345.940000
242 0 1 0 2.410000000000e-07 25.46579000 -31.55969000 -38.99286000 -0.47432000 0.55762000 0.68123000 0 0 0 6345.940000
243 0 1 0 2.420000000000e-07 25.46579000 -31.55969000 -38.99286000 -0.47432000 0.55762000 0.68123000 0 0 0 6345.940000
244 0 1 0 2.430000000000e-07 25.46579000 -31.55969000 -38.99286000 -0.47432000 0.55762000 0.68123000 0 0 0 6345.940000
245 0 1 0 2.440000000000e-07 25.46579000 -31.55969000 -38.99286000 -0.47432000 0.55762000 0.68123000 0 0 0 6345.940000
246 0 1 0 2.450000000000e-07 25.46579000 -31.55969000 -38.99286000 -0.47432000 0.55762000 0.68123000 0 0 0 6345.940000
247 0 1 0 2.460000000000e-07 25.46579000 -31.55969000 -38.99286000 -0.47432000 0.55762000 0.68123000 0 0 0 6345.940000
248 0 1 0 2.470000000000e-07 25.46579000 -31.55969000 -38.99286000 -0.47432000 0.55762000 0.68123000 0 0 0 6345.940000
249 0 1 0 2.480000000000e-07 25.46579000 -31.55969000 -38.99286000 -0.47432000 0.55762000 0.68123000 0 0 0 6345.940000
250 0 1 0 2.490000000000e-07 25.46579000 -31.55969000 -38.99286000 -0.47432000 0.55762000 0.68123000 0 0 0 6345.940000
251 0 1 0 2.500000000000e-07 25.46579000 -31.55969000 -38.99286000 -0.47432000 0.55762000 0.68123000 0 0 0 6345.940000
252 0 1 0 2.510000000000e-07 25.46579000 -31.55969000 -38.99286000 -0.47432000 0.55762000 0.68123000 0 0 0 6345.940000
253 0 1 0 2.520000000000e-07 25.46579000 -31.55969000 -38.99286000 -0.47432000 0.55762000 0.68123000 0 0 0 6345.940000
254 0 1 0 2.530000000000e-07 25.46579000 -31.55969000 -38.99286000 -0.47432000 0.55762000 0.68123000 0 0 0 6345.940000
255 0 1 0 2.540000000000e-07 25.46579000 -31.55969000 -38.99286000 -0.47432000 0.55762000 0.68123000 0 0 0 6345.940000
256 0 1 0 2.550000000000e-07 25.46579000 -31.55969000 -38.99286000 -0.47432000 0.55762000 0.68123000 0 0 0 6345.940000
257 0 1 0 2.560000000000e-07 25.46579000 -31.55969000 -38.99286000 -0.47432000 0.55762000 0.68123000 0 0 0 6345.940000
258 0 1 0 2.570000000000e-07 25.46579000 -31.55969000 -38.99286000 -0.47432000 0.55762000 0.68123000 0 0 0 6345.940000
259 0 1 0 2.580000000000e-07 25.46579000 -31.55969000 -38.99286000 -0.47432000 0.55762000 0.68123000 0 0 0 6345.940000
260 0 1 0 2.590000000000e-07 25.46579000 -31.55969000 -38.99286000 -0.47432000 0.55762000 0.68123000 0 0 0 6345.940000
261 0 1 0 2.600000000000e-07 25.46579000 -31.55969000 -38.99286000 -0.47432000 0.55762000 0.68123000 0 0 0 6345.940000
262 0 1 0 2.610000000000e-07 25.46579000 -31.55969000 -38.99286000 -0.47432000 0.55762000 0.68123000 0 0 0 6345.940000
263 0 1 0 2.620000000000e-07 25.46579000 -31.55969000 -38.99286000 -0.47432000 0.55762000 0.68123000 0 0 0 6345.940000
264 0 1 0 2.630000000000e-07 25.46579000 -31.55969000 -38.99286000 -0.47432000 0.55762000 0.68123000 0 0 0 6345.940000
265 0 1 0 2.640000000000e-07 25.46579000 -31.55969000 -38.99286000 -0.47432000 0.55762000 0.68123000 0 0 0 6345.940000
266 0 1 0 2.650000000000e-07 25.46579000 -31.55969000 -38.99286000 -0.47432000 0.55762000 0.68123000 0 0 0 6345.940000
267 0 1 0 2.660000000000e-07 25.46579000 -31.55969000 -38.99286000 -0.47432000 0.55762000 0.68123000 0 0 0 6345.940000
268 0 1 0 2.670000000000e-07 25.46579000 -31.55969000 -38.99286000 -0.47432000 0.55762000 0.68123000 0 0 0 6345.940000
269 0 1 0 2.680000000000e-07 25.46579000 -31.55969000 -38.99286000 -0.47432000 0.55762000 0.68123000 0 0 0 6345.940000
270 0 1 0 2.690000000000e-07 25.46579000 -31.55969000 -38.99286000 -0.47432000 0.55762000 0.68123000 0 0 0 6345.940000
271 0 1 0 2.700000000000e-07 25.46579000 -31.55969000 -38.99286000 -0.47432000 0.55762000 0.68123000 0 0 0 6345.940000
272 0 1 0 2.710000000000e-07 25.46579000 -31.55969000 -38.99286000 -0.47432000 0.55762000 0.68123000 0 0 0 6345.940000
273 0 1 0 2.720000000000e-07 25.46579000 -31.55969000 -38.99286000 -0.47432000 0.55762000 0.68123000 0 0 0 6345.940000
274 0 1 0 2.730000000000e-07 25.46579000 -31.55969000 -38.99286000 -0.47432000 0.55762000 0.68123000 0 0 0 6345.940000
275 0 1 0 2.740000000000e-07 25.46579000 -31.55969000 -38.99286000 -0.47432000 0.55762000 0.68123000 0 0 0 6345.940000
276 0 1 0 2.750000000000e-07 25.46579000 -31.55969000 -38.99286000 -0.47432000 0.55762000 0.68123000 0 0 0 6345.940000
277 0 1 0 2.760000000000e-07 25.46579000 -31.55969000 -38.99286000 -0.47432000 0.55762000 0.68123000 0 0 0 6345.940000
278 0 1 0 2.770000000000e-07 25.46579000 -31.55969000 -38.99286000 -0.47432000 0.55762000 0.68123000 0 0 0 6345.940000
279 0 1 0 2.780000000000e-07 25.46579000 -31.55969000 -38.99286000 -0.47432000 0.55762000 0.68123000 0 0 0 6345.940000
280 0 1 0 2.790000000000e-07 25.46579000 -31.55969000 -38.99286000 -0.47432000 0.55762000 0.68123000 0 0 0 6345.940000
281 0 1 0 2.800000000000e-07 25.46579000 -31.55969000 -38.99286000 -0.47432000 0.55762000 0.68123000 0 0 0 6345.940000
282 0 1 0 2.810000000000e-07 25.46579000 -31.55969000 -38.99286000 -0.47432000 0.55762000 0.68123000 0 0 0 6345.940000
283 0 1 0 2.820000000000e-07 25.46579000 -31.55969000 -38.99286000 -0.47432000 0.55762000 0.68123000 0 0 0 6345.940000
284 0 1 0 2.830000000000e-07 25.46579000 -31.55969000 -38.99286000 -0.47432000 0.55762000 0.68123000 0 0 0 6345.940000
285 0 1 0 2.840000000000e-07 25.46579000 -31.55969000 -38.99286000 -0.47432000 0.55762000 0.68123000 0 0 0 6345.940000
286 0 1 0 2.850000000000e-07 25.46579000 -31.55969000 -38.99286000 -0.47432000 0.55762000 0.68123000 0 0 0 6345.940000
287 0 1 0 2.860000000000e-07 25.46579000 -31.55969000 -38.99286000 -0.47432000 0.55762000 0.68123000 0 0 0 6345.940000
288 0 1 0 2.870000000000e-07 25.46579000 -31.55969000 -38.99286000 -0.47432000 0.55762000 0.68123000 0 0 0 6345.940000
289 0 1 0 2.880000000000e-07 25.46579000 -31.55969000 -38.99286000 -0.47432000 0.55762000 0.68123000 0 0 0 6345.940000
290 0 1 0 2.890000000000e-07 25.46579000 -31.55969000 -38.99286000 -0.47432000 0.55762000 0.68123000 0 0 0 6345.940000
291 0 1 0 2.900000000000e-07 25.46579000 -31.55969000 -38.99286000 -0.47432000 0.55762000 0.68123000 0 0 0 6345.940000
292 0 1 0 2.910000000000e-07 25.46579000 -31.55969000 -38.99286000 -0.47432000 0.55762000 0.68123000 0 0 0 6345.940000
293 0 1 0 2.920000000000e-07 25.46579000 -31.55969000 -38.99286000 -0.47432000 0.55762000 0.68123000 0 0 0 6345.940000
294 0 1 0 2.930000000000e-07 25.46579000 -31.55969000 -38.99286000 -0.47432000 0.55762000 0.68123000 0 0 0 6345.940000
295 0 1 0 2.940000000000e-07 25.46579000 -31.55969000 -38.99286000 -0.47432000 0.55762000 0.68123000 0 0 0 6345.940000
296 0 1 0 2.950000000000e-07 25.46579000 -31.55969000 -38.99286000 -0.47432000 0.55762000 0.68123000 0 0 0 6345.940000
297 0 1 0 2.960000000000e-07 25.46579000 -31.55969000 -38.99286000 -0.47432000 0.55762000 0.68123000 0 0 0 6345.940000
298 0 1 0 2.970000000000e-07 25.46579000 -31.55969000 -38.99286000 -0.47432000 0.55762000 0.68123000 0 0 0 6345.940000
299 0 1 0 2.980000000000e-07 25.46579000 -31.55969000 -38.99286000 -0.47432000 0.55762000 0.68123000 0 0 0 6345.940000
300 0 1 0 2.990000000000e-07 25.46579000 -31.55969000 -38.99286000 -0.47432000 0.55762000 0.68123000 0 0 0 6345.940000
301 0 1 0 3.000000000000e-07 25.46579000 -31.55969000 -38.99286000 -0.47432000 0.55762000 0.68123000 0 0 0 6345.940000
302 0 1 0 3.010000000000e-07 25.46579000 -31.55969000 -38.99286000 -0.47432000 0.55762000 0.68123000 0 0 0 6345.940000
303 0 1 0 3.020000000000e-07 25.46579000 -31.55969000 -38.99286000 -0.47432000 0.55762000 0.68123000 0 0 0 6345.940000
304 0 1 0 3.030000000000e-07 25.46579000 -31.55969000 -38.99286000 -0.47432000 0.55762000 0.68123000 0 0 0 6345.940000
305 0 1 0 3.040000000000e-07 25.46579000 -31.55969000 -38.99286000 -0.47432000 0.55762000 0.68123000 0 0 0 6345.940000
306 0 1 0 3.050000000000e-07 25.46579000 -31.55969000 -38.99286000 -0.47432000 0.55762000 0.68123000 0 0 0 6345.940000
307 0 1 0 3.060000000000e-07 25.46579000 -31.55969000 -38.99286000 -0.47432000 0.55762000 0.68123000 0 0 0 6345.940000
308 0 1 0 3.070000000000e-07 25.46579000 -31.55969000 -38.99286000 -0.47432000 0.55762000 0.68123000 0 0 0 6345.940000
309 0 1 0 3.080000000000e-07 25.46579000 -31.55969000 -38.99286000 -0.47432000 0.55762000 0.68123000 0 0 0 6345.940000
310 0 1 0 3.090000000000e-07 25.46579000 -31.55969000 -38.99286000 -0.47432000 0.55762000 0.68123000 0 0 0 6345.940000
311 0 1 0 3.100000000000e-07 25.46579000 -31.55969000 -38.99286000 -0.47432000 0.55762000 0.68123000 0 0 0 6345.940000
312 0 1 0 3.110000000000e-07 25.46579000 -31.55969000 -38.99286000 -0.47432000 0.55762000 0.68123000 0 0 0 6345.940000
313 0 1 0 3.120000000000e-07 25.46579000 -31.55969000 -38.99286000 -0.47432000 0.55762000 0.68123000 0 0 0 6345.940000
314 0 1 0 3.130000000000e-07 25.46579000 -31.55969000 -38.99286000 -0.47432000 0.55762000 0.68123000 0 0 0 6345.940000
315 0 1 0 3.140000000000e-07 25.46579000 -31.55969000 -38.99286000 -0.47432000 0.55762000 0.68123000 0 0 0 6345.940000
316 0 1 0 3.150000000000e-07 25.46579000 -31.55969000 -38.99286000 -0.47432000 0.55762000 0.68123000 0 0 0 6345.940000
317 0 1 0 3.160000000000e-07 25.46579000 -31.55969000 -38.99286000 -0.47432000 0.55762000 0.68123000 0 0 0 6345.940000
318 0 1 0 3.170000000000e-07 25.46579000 -31.55969000 -38.99286000 -0.47432000 0.55762000 0.68123000 0 0 0 6345.940000
319 0 1 0 3.180000000000e-07 25.46579000 -31.55969000 -38.99286000 -0.47432000 0.55762000 0.68123000 0 0 0 6345.940000
320 0 1 0 3.190000000000e-07 25.46579000 -31.55969000 -38.99286000 -0.47432000 0.55762000 0.68123000 0 0 0 6345.940000
321 0 1 0 3.200000000000e-07 25.46579000 -31.55969000 -38.99286000 -0.47432000 0.55762000 0.68123000 0 0 0 6345.940000
322 0 1 0 3.210000000000e-07 25.46579000 -31.55969000 -38.99286000 -0.47432000 0.55762000 0.68123000 0 0 0 6345.940000
323 0 1 0 3.220000000000e-07 25.46579000 -31.55969000 -38.99286000 -0.47432000 0.55762000 0.68123000 0 0 0 6345.940000
324 0 1 0 3.230000000000e-07 25.46579000 -31.55969000 -38.99286000 -0.47432000 0.55762000 0.68123000 0 0 0 6345.940000
325 0 1 0 3.240000000000e-07 25.46579000 -31.55969000 -38.99286000 -0.47432000 0.55762000 0.68123000 0 0 0 6345.940000
326 0 1 0 3.250000000000e-07 25.46579000 -31.55969000 -38.99286000 -0.47432000 0.55762000 0.68123000 0 0 0 6345.940000
327 0 1 0 3.260000000000e-07 25.46579000 -31.55969000 -38.99286000 -0.47432000 0.55762000 0.68123000 0 0 0 6345.940000
328 0 1 0 3.270000000000e-07 25.46579000 -31.55969000 -38.99286000 -0.47432000 0.55762000 0.68123000 0 0 0 6345.940000
329 0 1 0 3.280000000000e-07 25.46579000 -31.55969000 -38.99286000 -0.47432000 0.55762000 0.68123000 0 0 0 6345.940000
330 0 1 0 3.290000000000e-07 25.46579000 -31.55969000 -38.99286000 -0.47432000 0.55762000 0.68123000 0 0 0 6345.940000
331 0 1 0 3.300000000000e-07 25.46579000 -31.55969000 -38.99286000 -0.47432000 0.55762000 0.68123000 0 0 0 6345.940000
332 0 1 0 3.310000000000e-07 25.46579000 -31.55969000 -38.99286000 -0.47432000 0.55762000 0.68123000 0 0 0 6345.940000
333 0 1 0 3.320000000000e-07 25.46579000 -31.55969000 -38.99286000 -0.47432000 0.55762000 0.68123000 0 0 0 6345.940000
334 0 1 0 3.330000000000e-07 25.46579000 -31.55969000 -38.99286000 -0.47432000 0.55762000 0.68123000 0 0 0 6345.940000
335 0 1 0 3.340000000000e-07 25.46579000 -31.55969000 -38.99286000 -0.47432000 0.55762000 0.68123000 0 0 0 6345.940000
336 0 1 0 3.350000000000e-07 25.46579000 -31.55969000 -38.99286000 -0.47432000 0.55762000 0.68123000 0 0 0 6345.940000
337 0 1 0 3.360000000000e-07 25.46579000 -31.55969000 -38.99286000 -0.47432000 0.55762000 0.68123000 0 0 0 6345.940000
338 0 1 0 3.370000000000e-07 25.46579000 -31.55969000 -38.99286000 -0.47432000 0.55762000 0.68123000 0 0 0 6345.940000
339 0 1 0 3.380000000000e-07 25.46579000 -31.55969000 -38.99286000 -0.47432000 0.55762000 0.68123000 0 0 0 6345.940000
340 0 1 0 3.390000000000e-07 25.46579000 -31.55969000 -38.99286000 -0.47432000 0.55762000 0.68123000 0 0 0 6345.940000
341 0 1 0 3.400000000000e-07 25.46579000 -31.55969000 -38.99286000 -0.47432000 0.55762000 0.68123000 0 0 0 6345.940000
342 0 1 0 3.410000000000e-07 25.46579000 -31.55969000 -38.99286000 -0.47432000 0.55762000 0.68123000 0 0 0 6345.940000
343 0 1 0 3.420000000000e-07 25.46579000 -31.55969000 -38.99286000 -0.47432000 0.55762000 0.68123000 0 0 0 6345.940000
344 0 1 0 3.430000000000e-07 25.46579000 -31.55969000 -38.99286000 -0.47432000 0.55762000 0.68123000 0 0 0 6345.940000
345 0 1 0 3.440000000000e-07 25.46579000 -31.55969000 -38.99286000 -0.47432000 0.55762000 0.68123000 0 0 0 6345.940000
346 0 1 0 3.450000000000e-07 25.46579000 -31.55969000 -38.99286000 -0.47432000 0.55762000 0.68123000 0 0 0 6345.940000
347 0 1 0 3.460000000000e-07 25.46579000 -31.55969000 -38.99286000 -0.47432000 0.55762000 0.68123000 0 0 0 6345.940000
348 0 1 0 3.470000000000e-07 25.46579000 -31.55969000 -38.99286000 -0.47432000 0.55762000 0.68123000 0 0 0 6345.940000
349 0 1 0 3.480000000000e-07 25.46579000 -31.55969000 -38.99286000 -0.47432000 0.55762000 0.68123000 0 0 0 6345.940000
350 0 1 0 3.490000000000e-07 25.46579000 -31.55969000 -38.99286000 -0.47432000 0.55762000 0.68123000 0 0 0 6345.940000
351 0 1 0 3.500000000000e-07 25.46579000 -31.55969000 -38.99286000 -0.47432000 0.55762000 0.68123000 0 0 0 6345.940000
352 0 1 0 3.510000000000e-07 25.46579000 -31.55969000 -38.99286000 -0.47432000 0.55762000 0.68123000 0 0 0 6345.940000
353 0 1 0 3.520000000000e-07 25.46579000 -31.55969000 -38.99286000 -0.47432000 0.55762000 0.68123000 0 0 0 6345.940000
354 0 1 0 3.530000000000e-07 25.46579000 -31.55969000 -38.99286000 -0.47432000 0.55762000 0.68123000 0 0 0 6345.940000
355 0 1 0 3.540000000000e-07 25.46579000 -31.55969000 -38.99286000 -0.47432000 0.55762000 0.68123000 0 0 0 6345.940000
356 0 1 0 3.550000000000e-07 25.46579000 -31.55969000 -38.99286000 -0.47432000 0.55762000 0.68123000 0 0 0 6345.940000
357 0 1 0 3.560000000000e-07 25.46579000 -31.55969000 -38.99286000 -0.47432000 0.55762000 0.68123000 0 0 0 6345.940000
358 0 1 0 3.570000000000e-07 25.46579000 -31.55969000 -38.99286000 -0.47432000 0.55762000 0.68123000 0 0 0 6345.940000
359 0 1 0 3.580000000000e-07 25.46579000 -31.55969000 -38.99286000 -0.47432000 0.55762000 0.68123000 0 0 0 6345.940000
360 0 1 0 3.590000000000e-07 25.46579000 -31.55969000 -38.99286000 -0.47432000 0.55762000 0.68123000 0 0 0 6345.940000
361 0 1 0 3.600000000000e-07 25.46579000 -31.55969000 -38.99286000 -0.47432000 0.55762000 0.68123000 0 0 0 6345.940000
362 0 1 0 3.610000000000e-07 25.46579000 -31.55969000 -38.99286000 -0.47432000 0.55762000 0.68123000 0 0 0 6345.940000
363 0 1 0 3.620000000000e-07 25.46579000 -31.55969000 -38.99286000 -0.47432000 0.55762000 0.68123000 0 0 0 6345.940000
364 0 1 0 3.630000000000e-07 25.46579000 -31.55969000 -38.99286000 -0.47432000 0.55762000 0.68123000 0 0 0 6345.940000
365 0 1 0 3.640000000000e-07 25.46579000 -31.55969000 -38.99286000 -0.47432000 0.55762000 0.68123000 0 0 0 6345.940000
366 0 1 0 3.650000000000e-07 25.46579000 -31.55969000 -38.99286000 -0.47432000 0.55762000 0.68123000 0 0 0 6345.940000
367 0 1 0 3.660000000000e-07 25.46579000 -31.55969000 -38.99286000 -0.47432000 0.55762000 0.68123000 0 0 0 6345.940000
368 0 1 0 3.670000000000e-07 25.46579000 -31.55969000 -38.99286000 -0.47432000 0.55762000 0.68123000 0 0 0 6345.940000
369 0 1 0 3.680000000000e-07 25.46579000 -31.55969000 -38.99286000 -0.47432000 0.55762000 0.68123000 0 0 0 6345.940000
370 0 1 0 3.690000000000e-07 25.46579000 -31.55969000 -38.99286000 -0.47432000 0.55762000 0.68123000 0 0 0 6345.940000
371 0 1 0 3.700000000000e-07 25.46579000 -31.55969000 -38.99286000 -0.47432000 0.55762000 0.68123000 0 0 0 6345.940000
372 0 1 0 3.710000000000e-07 25.46579000 -31.55969000 -38.99286000 -0.47432000 0.55762000 0.68123000 0 0 0 6345.940000
373 0 1 0 3.720000000000e-07 25.46579000 -31.55969000 -38.99286000 -0.47432000 0.55762000 0.68123000 0 0 0 6345.940000
374 0 1 0 3.730000000000e-07 25.46579000 -31.55969000 -38.99286000 -0.47432000 0.55762000 0.68123000 0 0 0 6345.940000
375 0 1 0 3.740000000000e-07 25.46579000 -31.55969000 -38.99286000 -0.47432000 0.55762000 0.68123000 0 0 0 6345.940000
376 0 1 0 3.750000000000e-07 25.46579000 -31.55969000 -38.99286000 -0.47432000 0.55762000 0.68123000 0 0 0 6345.940000
377 0 1 0 3.760000000000e-07 25.46579000 -31.55969000 -38.99286000 -0.47432000 0.55762000 0.68123000 0 0 0 6345.940000
378 0 1 0 3.770000000000e-07 25.46579000 -31.55969000 -38.99286000 -0.47432000 0.55762000 0.68123000 0 0 0 6345.940000
379 0 1 0 3.780000000000e-07 25.46579000 -31.55969000 -38.99286000 -0.47432000 0.55762000 0.68123000 0 0 0 6345.940000
380 0 1 0 3.790000000000e-07 25.46579000 -31.55969000 -38.99286000 -0.47432000 0.55762000 0.68123000 0 0 0 6345.940000
381 0 1 0 3.800000000000e-07 25.46579000 -31.55969000 -38.99286000 -0.47432000 0.55762000 0.68123000 0 0 0 6345.940000
382 0 1 0 3.810000000000e-07 25.46579000 -31.55969000 -38.99286000 -0.47432000 0.55762000 0.68123000 0 0 0 6345.940000
383 0 1 0 3.820000000000e-07 25.46579000 -31.55969000 -38.99286000 -0.47432000 0.55762000 0.68123000 0 0 0 6345.940000
384 0 1 0 3.830000000000e-07 25.46579000 -31.55969000 -38.99286000 -0.47432000 0.55762000 0.68123000 0 0 0 6345.940000
385 0 1 0 3.840000000000e-07 25.46579000 -31.55969000 -38.99286000 -0.47432000 0.55762000 0.68123000 0 0 0 6345.940000
386 0 1 0 3.850000000000e-07 25.46579000 -31.55969000 -38.99286000 -0.47432000 0.55762000 0.68123000 0 0 0 6345.940000
387 0 1 0 3.860000000000e-07 25.46579000 -31.55969000 -38.99286000 -0.47432000 0.55762000 0.68123000 0 0 0 6345.940000
388 0 1 0 3.870000000000e-07 25.46579000 -31.55969000 -38.99286000 -0.47432000 0.55762000 0.68123000 0 0 0 6345.940000
389 0 1 0 3.880000000000e-07 25.46579000 -31.55969000 -38.99286000 -0.47432000 0.55762000 0.68123000 0 0 0 6345.940000
390 0 1 0 3.890000000000e-07 25.46579000 -31.55969000 -38.99286000 -0.47432000 0.55762000 0.68123000 0 0 0 6345.940000
391 0 1 0 3.900000000000e-07 25.46579000 -31.55969000 -38.99286000 -0.47432000 0.55762000 0.68123000 0 0 0 6345.940000
392 0 1 0 3.910000000000e-07 25.46579000 -31.55969000 -38.99286000 -0.47432000 0.55762000 0.68123000 0 0 0 6345.940000
393 0 1 0 3.920000000000e-07 25.46579000 -31.55969000 -38.99286000 -0.47432000 0.55762000 0.68123000 0 0 0 6345.940000
394 0 1 0 3.930000000000e-07 25.46579000 -31.55969000 -38.99286000 -0.47432000 0.55762000 0.68123000 0 0 0 6345.940000
395 0 1 0 3.940000000000e-07 25.46579000 -31.55969000 -38.99286000 -0.47432000 0.55762000 0.68123000 0 0 0 6345.940000
396 0 1 0 3.950000000000e-07 25.46579000 -31.55969000 -38.99286000 -0.47432000 0.55762000 0.68123000 0 0 0 6345.940000
397 0 1 0 3.960000000000e-07 25.46579000 -31.55969000 -38.99286000 -0.47432000 0.55762000 0.68123000 0 0 0 6345.940000
398 0 1 0 3.970000000000e-07 25.46579000 -31.55969000 -38.99286000 -0.47432000 0.55762000 0.68123000 0 0 0 6345.940000
399 0 1 0 3.980000000000e-07 25.46579000 -31.55969000 -38.99286000 -0.47432000 0.55762000 0.68123000 0 0 0 6345.940000
400 0 1 0 3.990000000000e-07 25.46579000 -31.55969000 -38.99286000 -0.47432000 0.55762000 0.68123000 0 0 0 6345.940000
401 0 1 0 4.000000000000e-07 25.46579000 -31.55969000 -38.99286000 -0.47432000 0.55762000 0.68123000 0 0 0 6345.940000
402 0 1 0 4.010000000000e-07 25.46579000 -31.55969000 -38.99286000 -0.47432000 0.55762000 0.68123000 0 0 0 6345.940000
403 0 1 0 4.020000000000e-07 25.46579000 -31.55969000 -38.99286000 -0.47432000 0.55762000 0.68123000 0 0 0 6345.940000
404 0 1 0 4.030000000000e-07 25.46579000 -31.55969000 -38.99286000 -0.47432000 0.55762000 0.68123000 0 0 0 6345.940000
405 0 1 0 4.040000000000e-07 25.46579000 -31.55969000 -38.99286000 -0.47432000 0.55762000 0.68123000 0 0 0 6345.940000
406 0 1 0 4.050000000000e-07 25.46579000 -31.55969000 -38.99286000 -0.47432000 0.55762000 0.68123000 0 0 0 6345.940000
407 0 1 0 4.060000000000e-07 25.46579000 -31.55969000 -38.99286000 -0.47432000 0.55762000 0.68123000 0 0 0 6345.940000
408 0 1 0 4.070000000000e-07 25.46579000 -31.55969000 -38.99286000 -0.47432000 0.55762000 0.68123000 0 0 0 6345.940000
409 0 1 0 4.080000000000e-07 25.46579000 -31.55969000 -38.99286000 -0.47432000 0.55762000 0.68123000 0 0 0 6345.940000
410 0 1 0 4.090000000000e-07 25.46579000 -31.55969000 -38.99286000 -0.47432000 0.55762000 0.68123000 0 0 0 6345.940000
411 0 1 0 4.100000000000e-07 25.46579000 -31.55969000 -38.99286000 -0.47432000 0.55762000 0.68123000 0 0 0 6345.940000
412 0 1 0 4.110000000000e-07 25.46579000 -31.55969000 -38.99286000 -0.47432000 0.55762000 0.68123000 0 0 0 6345.940000
413 0 1 0 4.120000000000e-07 25.46579000 -31.55969000 -38.99286000 -0.47432000 0.55762000 0.68123000 0 0 0 6345.940000
414 0 1 0 4.130000000000e-07 25.46579000 -31.55969000 -38.99286000 -0.47432000 0.55762000 0.68123000 0 0 0 6345.940000
415 0 1 0 4.140000000000e-07 25.46579000 -31.55969000 -38.99286000 -0.47432000 0.55762000 0.68123000 0 0 0 6345.940000
416 0 1 0 4.150000000000e-07 25.46579000 -31.55969000 -38.99286000 -0.47432000 0.55762000 0.68123000 0 0 0 6345.940000
417 0 1 0 4.160000000000e-07 25.46579000 -31.55969000 -38.99286000 -0.47432000 0.55762000 0.68123000 0 0 0 6345.940000
418 0 1 0 4.170000000000e-07 25.46579000 -31.55969000 -38.99286000 -0.47432000 0.55762000 0.68123000 0 0 0 6345.940000
419 0 1 0 4.180000000000e-07 25.46579000 -31.55969000 -38.99286000 -0.47432000 0.55762000 0.68123000 0 0 0 6345.940000
420 0 1 0 4.190000000000e-07 25.46579000 -31.55969000 -38.99286000 -0.47432000 0.55762000 0.68123000 0 0 0 6345.940000
421 0 1 0 4.200000000000e-07 25.46579000 -31.55969000 -38.99286000 -0.47432000 0.55762000 0.68123000 0 0 0 6345.940000
422 0 1 0 4.210000000000e-07 25.46579000 -31.55969000 -38.99286000 -0.47432000 0.55762000 0.68123000 0 0 0 6345.940000
423 0 1 0 4.220000000000e-07 25.46579000 -31.55969000 -38.99286000 -0.47432000 0.55762000 0.68123000 0 0 0 6345.940000
424 0 1 0 4.230000000000e-07 25.46579000 -31.55969000 -38.99286000 -0.47432000 0.55762000 0.68123000 0 0 0 6345.940000
425 0 1 0 4.240000000000e-07 25.46579000 -31.55969000 -38.99286000 -0.47432000 0.55762000 0.68123000 0 0 0 6345.940000
426 0 1 0 4.250000000000e-07 25.46579000 -31.55969000 -38.99286000 -0.47432000 0.55762000 0.68123000 0 0 0 6345.940000
427 0 1 0 4.260000000000e-07 25.46579000 -31.55969000 -38.99286000 -0.47432000 0.55762000 0.68123000 0 0 0 6345.940000
428 0 1 0 4.270000000000e-07 25.46579000 -31.55969000 -38.99286000 -0.47432000 0.55762000 0.68123000 0 0 0 6345.940000
429 0 1 0 4.280000000000e-07 25.46579000 -31.55969000 -38.99286000 -0.47432000 0.55762000 0.68123000 0 0 0 6345.940000
430 0 1 0 4.290000000000e-07 25.46579000 -31.55969000 -38.99286000 -0.47432000 0.55762000 0.68123000 0 0 0 6345.940000
431 0 1 0 4.300000000000e-07 25.46579000 -31.55969000 -38.99286000 -0.47432000 0.55762000 0.68123000 0 0 0 6345.940000
432 0 1 0 4.310000000000e-07 25.46579000 -31.55969000 -38.99286000 -0.47432000 0.55762000 0.68123000 0 0 0 6345.940000
433 0 1 0 4.320000000000e-07 25.46579000 -31.55969000 -38.99286000 -0.47432000 0.55762000 0.68123000 0 0 0 6345.940000
434 0 1 0 4.330000000000e-07 25.46579000 -31.55969000 -38.99286000 -0.47432000 0.55762000 0.68123000 0 0 0 6345.940000
435 0 1 0 4.340000000000e-07 25.46579000 -31.55969000 -38.99286000 -0.47432000 0.55762000 0.68123000 0 0 0 6345.940000
436 0 1 0 4.350000000000e-07 25.46579000 -31.55969000 -38.99286000 -0.47432000 0.55762000 0.68123000 0 0 0 6345.940000
437 0 1 0 4.360000000000e-07 25.46579000 -31.55969000 -38.99286000 -0.47432000 0.55762000 0.68123000 0 0 0 6345.940000
438 0 1 0 4.370000000000e-07 25.46579000 -31.55969000 -38.99286000 -0.47432000 0.55762000 0.68123000 0 0 0 6345.940000
439 0 1 0 4.380000000000e-07 25.46579000 -31.55969000 -38.99286000 -0.47432000 0.55762000 0.68123000 0 0 0 6345.940000
440 0 1 0 4.390000000000e-07 25.46579000 -31.55969000 -38.99286000 -0.47432000 0.55762000 0.68123000 0 0 0 6345.940000
441 0 1 0 4.400000000000e-07 25.46579000 -31.55969000 -38.99286000 -0.47432000 0.55762000 0.68123000 0 0 0 6345.940000
442 0 1 0 4.410000000000e-07 25.46579000 -31.55969000 -38.99286000 -0.47432000 0.55762000 0.68123000 0 0 0 6345.940000
443 0 1 0 4.420000000000e-07 25.46579000 -31.55969000 -38.99286000 -0.47432000 0.55762000 0.68123000 0 0 0 6345.940000
444 0 1 0 4.430000000000e-07 25.46579000 -31.55969000 -38.99286000 -0.47432000 0.55762000 0.68123000 0 0 0 6345.940000
445 0 1 0 4.440000000000e-07 25.46579000 -31.55969000 -38.99286000 -0.47432000 0.55762000 0.68123000 0 0 0 6345.940000
446 0 1 0 4.450000000000e-07 25.46579000 -31.55969000 -38.99286000 -0.47432000 0.55762000 0.68123000 0 0 0 6345.940000
447 0 1 0 4.460000000000e-07 25.46579000 -31.55969000 -38.99286000 -0.47432000 0.55762000 0.68123000 0 0 0 6345.940000
448 0 1 0 4.470000000000e-07 25.46579000 -31.55969000 -38.99286000 -0.47432000 0.55762000 0.68123000 0 0 0 6345.940000
449 0 1 0 4.480000000000e-07 25.46579000 -31.55969000 -38.99286000 -0.47432000 0.55762000 0.68123000 0 0 0 6345.940000
450 0 1 0 4.490000000000e-07 25.46579000 -31.55969000 -38.99286000 -0.47432000 0.55762000 0.68123000 0 0 0 6345.940000
451 0 1 0 4.500000000000e-07 25.46579000 -31.55969000 -38.99286000 -0.47432000 0.55762000 0.68123000 0 0 0 6345.940000
452 0 1 0 4.510000000000e-07 25.46579000 -31.55969000 -38.99286000 -0.47432000 0.55762000 0.68123000 0 0 0 6345.940000
453 0 1 0 4.520000000000e-07 25.46579000 -31.55969000 -38.99286000 -0.47432000 0.55762000 0.68123000 0 0 0 6345.940000
454 0 1 0 4.530000000000e-07 25.46579000 -31.55969000 -38.99286000 -0.47432000 0.55762000 0.68123000 0 0 0 6345.940000
455 0 1 0 4.540000000000e-07 25.46579000 -31.55969000 -38.99286000 -0.47432000 0.55762000 0.68123000 0 0 0 6345.940000
456 0 1 0 4.550000000000e-07 25.46579000 -31.55969000 -38.99286000 -0.47432000 0.55762000 0.68123000 0 0 0 6345.940000
457 0 1 0 4.560000000000e-07 25.46579000 -31.55969000 -38.99286000 -0.47432000 0.55762000 0.68123000 0 0 0 6345.940000
458 0 1 0 4.570000000000e-07 25.46579000 -31.55969000 -38.99286000 -0.47432000 0.55762000 0.68123000 0 0 0 6345.940000
459 0 1 0 4.580000000000e-07 25.46579000 -31.55969000 -38.99286000 -0.47432000 0.55762000 0.68123000 0 0 0 6345.940000
460 0 1 0 4.590000000000e-07 25.46579000 -31.55969000 -38.99286000 -0.47432000 0.55762000 0.68123000 0 0 0 6345.940000
461 0 1 0 4.600000000000e-07 25.46579000 -31.55969000 -38.99286000 -0.47432000 0.55762000 0.68123000 0 0 0 6345.940000
462 0 1 0 4.610000000000e-07 25.46579000 -31.55969000 -38.99286000 -0.47432000 0.55762000 0.68123000 0 0 0 6345.940000
463 0 1 0 4.620000000000e-07 25.46579000 -31.55969000 -38.99286000 -0.47432000 0.55762000 0.68123000 0 0 0 6345.940000
464 0 1 0 4.630000000000e-07 25.46579000 -31.55969000 -38.99286000 -0.47432000 0.55762000 0.68123000 0 0 0 6345.940000
465 0 1 0 4.640000000000e-07 25.46579000 -31.55969000 -38.99286000 -0.47432000 0.55762000 0.68123000 0 0 0 6345.940000
466 0 1 0 4.650000000000e-07 25.46579000 -31.55969000 -38.99286000 -0.47432000 0.55762000 0.68123000 0 0 0 6345.940000
467 0 1 0 4.660000000000e-07 25.46579000 -31.55969000 -38.99286000 -0.47432000 0.55762000 0.68123000 0 0 0 6345.940000
468 0 1 0 4.670000000000e-07 25.46579000 -31.55969000 -38.99286000 -0.47432000 0.55762000 0.68123000 0 0 0 6345.940000
469 0 1 0 4.680000000000e-07 25.46579000 -31.55969000 -38.99286000 -0.47432000 0.55762000 0.68123000 0 0 0 6345.940000
470 0 1 0 4.690000000000e-07 25.46579000 -31.55969000 -38.99286000 -0.47432000 0.55762000 0.68123000 0 0 0 6345.940000
471 0 1 0 4.700000000000e-07 25.46579000 -31.55969000 -38.99286000 -0.47432000 0.55762000 0.68123000 0 0 0 6345.940000
472 0 1 0 4.710000000000e-07 25.46579000 -31.55969000 -38.99286000 -0.47432000 0.55762000 0.68123000 0 0 0 6345.940000
473 0 1 0 4.720000000000e-07 25.46579000 -31.55969000 -38.99286000 -0.47432000 0.55762000 0.68123000 0 0 0 6345.940000
474 0 1 0 4.730000000000e-07 25.46579000 -31.55969000 -38.99286000 -0.47432000 0.55762000 0.68123000 0 0 0 6345.940000
475 0 1 0 4.740000000000e-07 25.46579000 -31.55969000 -38.99286000 -0.47432000 0.55762000 0.68123000 0 0 0 6345.940000
476 0 1 0 4.750000000000e-07 25.46579000 -31.55969000 -38.99286000 -0.47432000 0.55762000 0.68123000 0 0 0 6345.940000
477 0 1 0 4.760000000000e-07 25.46579000 -31.55969000 -38.99286000 -0.47432000 0.55762000 0.68123000 0 0 0 6345.940000
478 0 1 0 4.770000000000e-07 25.46579000 -31.55969000 -38.99286000 -0.47432000 0.55762000 0.68123000 0 0 0 6345.940000
479 0 1 0 4.780000000000e-07 25.46579000 -31.55969000 -38.99286000 -0.47432000 0.55762000 0.68123000 0 0 0 6345.940000
480 0 1 0 4.790000000000e-07 25.46579000 -31.55969000 -38.99286000 -0.47432000 0.55762000 0.68123000 0 0 0 6345.940000
481 0 1 0 4.800000000000e-07 25.46579000 -31.55969000 -38.99286000 -0.47432000 0.55762000 0.68123000 0 0 0 6345.940000
482 0 1 0 4.810000000000e-07 25.46579000 -31.55969000 -38.99286000 -0.47432000 0.55762000 0.68123000 0 0 0 6345.940000
483 0 1 0 4.820000000000e-07 25.46579000 -31.55969000 -38.99286000 -0.47432000 0.55762000 0.68123000 0 0 0 6345.940000
484 0 1 0 4.830000000000e-07 25.46579000 -31.55969000 -38.99286000 -0.47432000 0.55762000 0.68123000 0 0 0 6345.940000
485 0 1 0 4.840000000000e-07 25.46579000 -31.55969000 -38.99286000 -0.47432000 0.55762000 0.68123000 0 0 0 6345.940000
486 0 1 0 4.850000000000e-07 25.46579000 -31.55969000 -38.99286000 -0.47432000 0.55762000 0.68123000 0 0 0 6345.940000
487 0 1 0 4.860000000000e-07 25.46579000 -31.55969000 -38.99286000 -0.47432000 0.55762000 0.68123000 0 0 0 6345.940000
488 0 1 0 4.870000000000e-07 25.46579000 -31.55969000 -38.99286000 -0.47432000 0.55762000 0.68123000 0 0 0 6345.940000
489 0 1 0 4.880000000000e-07 25.46579000 -31.55969000 -38.99286000 -0.47432000 0.55762000 0.68123000 0 0 0 6345.940000
490 0 1 0 4.890000000000e-07 25.46579000 -31.55969000 -38.99286000 -0.47432000 0.55762000 0.68123000 0 0 0 6345.940000
491 0 1 0 4.900000000000e-07 25.46579000 -31.55969000 -38.99286000 -0.47432000 0.55762000 0.68123000 0 0 0 6345.940000
492 0 1 0 4.910000000000e-07 25.46579000 -31.55969000 -38.99286000 -0.47432000 0.55762000 0.68123000 0 0 0 6345.940000
493 0 1 0 4.920000000000e-07 25.46579000 -31.55969000 -38.99286000 -0.47432000 0.55762000 0.68123000 0 0 0 6345.940000
494 0 1 0 4.930000000000e-07 25.46579000 -31.55969000 -38.99286000 -0.47432000 0.55762000 0.68123000 0 0 0 6345.940000
495 0 1 0 4.940000000000e-07 25.46579000 -31.55969000 -38.99286000 -0.47432000 0.55762000 0.68123000 0 0 0 6345.940000
496 0 1 0 4.950000000000e-07 25.46579000 -31.55969000 -38.99286000 -0.47432000 0.55762000 0.68123000 0 0 0 6345.940000
497 0 1 0 4.960000000000e-07 25.46579000 -31.55969000 -38.99286000 -0.47432000 0.55762000 0.68123000 0 0 0 6345.940000
498 0 1 0 4.970000000000e-07 25.46579000 -31.55969000 -38.99286000 -0.47432000 0.55762000 0.68123000 0 0 0 6345.940000
499 0 1 0 4.980000000000e-07 25.46579000 -31.55969000 -38.99286000 -0.47432000 0.55762000 0.68123000 0 0 0 6345.940000
500 0 1 0 4.990000000000e-07 25.46579000 -31.55969000 -38.99286000 -0.47432000 0.55762000 0.68123000 0 0 0 6345.940000
501 0 1 0 5.000000000000e-07 25.46579000 -31.55969000 -38.99286000 -0.47432000 0.55762000 0.68123000 0 0 0 6345.940000
502 0 1 0 5.010000000000e-07 25.46579000 -31.55969000 -38.99286000 -0.47432000 0.55762000 0.68123000 0 0 0 6345.940000
503 0 1 0 5.020000000000e-07 25.46579000 -31.55969000 -38.99286000 -0.47432000 0.55762000 0.68123000 0 0 0 6345.940000
504 0 1 0 5.030000000000e-07 25.46579000 -31.55969000 -38.99286000 -0.47432000 0.55762000 0.68123000 0 0 0 6345.940000
505 0 1 0 5.040000000000e-07 25.46579000 -31.55969000 -38.99286000 -0.47432000 0.55762000 0.68123000 0 0 0 6345.940000
506 0 1 0 5.050000000000e-07 25.46579000 -31.55969000 -38.99286000 -0.47432000 0.55762000 0.68123000 0 0 0 6345.940000
507 0 1 0 5.060000000000e-07 25.46579000 -31.55969000 -38.99286000 -0.47432000 0.55762000 0.68123000 0 0 0 6345.940000
508 0 1 0 5.070000000000e-07 25.46579000 -31.55969000 -38.99286000 -0.47432000 0.55762000 0.68123000 0 0 0 6345.940000
509 0 1 0 5.080000000000e-07 25.46579000 -31.55969000 -38.99286000 -0.47432000 0.55762000 0.68123000 0 0 0 6345.940000
510 0 1 0 5.090000000000e-07 25.46579000 -31.55969000 -38.99286000 -0.47432000 0.55762000 0.68123000 0 0 0 6345.940000
511 0 1 0 5.100000000000e-07 25.46579000 -31.55969000 -38.99286000 -0.47432000 0.55762000 0.68123000 0 0 0 6345.940000
512 0 1 0 5.110000000000e-07 25.46579000 -31.55969000 -38.99286000 -0.47432000 0.55762000 0.68123000 0 0 0 6345.940000
