# particle=alpha
# bin=12
# theta_mid_deg=104.477512
# spectrum_type=normalized_pdf
# energy_unit=keV_total
# pdf_unit=keV^-1
# pdf_integral=1.000000000000e+00
# Energy_keV PDF_per_keV
4.5176000000e+01 8.4247797241e-06
5.6876000000e+01 7.2428875385e-06
7.1604000000e+01 6.3475840164e-06
9.0144000000e+01 5.6712295781e-06
1.1348400000e+02 5.1621720200e-06
1.4286800000e+02 4.7809877595e-06
1.7986000000e+02 4.4975831158e-06
2.2642800000e+02 4.2889515907e-06
2.8505600000e+02 4.1374844643e-06
3.5886800000e+02 4.0297283469e-06
4.5176000000e+02 3.9553896794e-06
5.6876000000e+02 3.9064682845e-06
7.1604000000e+02 3.8768190299e-06
9.0144000000e+02 3.8614998270e-06
1.1348400000e+03 3.8563658516e-06
1.4286800000e+03 3.8575857905e-06
1.7986000000e+03 3.8610439481e-06
2.2643200000e+03 3.8614998604e-06
2.8505600000e+03 3.8513272488e-06
3.5886800000e+03 3.8186505165e-06
4.5176000000e+03 3.7378342314e-06
5.6876000000e+03 3.5758585204e-06
7.1604000000e+03 3.3062353768e-06
9.0144000000e+03 2.9082623458e-06
1.1348400000e+04 2.3943203646e-06
1.4286800000e+04 1.8250158567e-06
1.7986000000e+04 1.2889090644e-06
2.2642800000e+04 8.5441643551e-07
2.8506000000e+04 5.4189350573e-07
3.5886800000e+04 3.3512614758e-07
4.5180000000e+04 2.0522520558e-07
5.6876000000e+04 1.2083491752e-07
7.1604000000e+04 7.3693526154e-08
9.0144000000e+04 4.4830990121e-08
1.1348400000e+05 2.7108370633e-08
1.4286800000e+05 1.6464524116e-08
1.7986000000e+05 9.9314840045e-09
2.2642800000e+05 5.8149208219e-09
2.8506000000e+05 3.3211837701e-09
3.5886400000e+05 1.8841320531e-09
4.5176000000e+05 1.0548648603e-09
5.6876000000e+05 5.8110824012e-10
7.1604000000e+05 3.2239850515e-10
9.0144000000e+05 1.7797547588e-10
1.1348400000e+06 9.8299975153e-11
1.4286800000e+06 4.0652181887e-11
1.7986000000e+06 2.1185016999e-11
2.2643200000e+06 1.5219187918e-11
2.8506000000e+06 1.5255136177e-11
3.5886400000e+06 2.2191393462e-11
4.5176000000e+06 3.8857649257e-11
5.6876000000e+06 6.7427348651e-11
7.1604000000e+06 1.3689921288e-10
9.0144000000e+06 3.5033551464e-10
1.1348400000e+07 1.1113727640e-09
1.4286800000e+07 4.6630876528e-09
1.7986000000e+07 2.7086597014e-08
2.2643200000e+07 4.5723192456e-08
2.8506000000e+07 2.5638815191e-08
3.5886800000e+07 1.3714102538e-08
4.5176000000e+07 7.6086058112e-09
5.6876000000e+07 4.3584207413e-09
7.1604000000e+07 2.4590324613e-09
9.0144000000e+07 1.3702870702e-09
1.1348400000e+08 7.5581437232e-10
1.4286800000e+08 4.1340691787e-10
1.7986000000e+08 2.2458898773e-10
2.2643200000e+08 1.2134453042e-10
2.8505600000e+08 6.5269914165e-11
3.5886400000e+08 3.4983063474e-11
4.5176000000e+08 1.8694581127e-11
5.6876000000e+08 9.9694420888e-12
7.1604000000e+08 5.3059281852e-12
9.0144000000e+08 2.8199470096e-12
1.1348400000e+09 1.4969907978e-12
1.4286800000e+09 7.9393883874e-13
1.7986000000e+09 4.2078704975e-13
2.2643200000e+09 2.2286404665e-13
2.8505600000e+09 1.1798544726e-13
3.5886400000e+09 6.2439016707e-14
