# particle=alpha
# bin=15
# theta_mid_deg=123.367013
# spectrum_type=normalized_pdf
# energy_unit=keV_total
# pdf_unit=keV^-1
# pdf_integral=1.000000000000e+00
# Energy_keV PDF_per_keV
4.5176000000e+01 1.3847423013e-05
5.6876000000e+01 1.1904801177e-05
7.1604000000e+01 1.0433231949e-05
9.0144000000e+01 9.3215392619e-06
1.1348400000e+02 8.4848247629e-06
1.4286800000e+02 7.8582897231e-06
1.7986000000e+02 7.3924705428e-06
2.2642800000e+02 7.0495524990e-06
2.8505600000e+02 6.8005929486e-06
3.5886800000e+02 6.6234791737e-06
4.5176000000e+02 6.5012921245e-06
5.6876000000e+02 6.4208822774e-06
7.1604000000e+02 6.3721491610e-06
9.0144000000e+02 6.3469696917e-06
1.1348400000e+03 6.3385312124e-06
1.4286800000e+03 6.3405363699e-06
1.7986000000e+03 6.3462203845e-06
2.2643200000e+03 6.3469697466e-06
2.8505600000e+03 6.3302494927e-06
3.5886800000e+03 6.2765402505e-06
4.5176000000e+03 6.1227254447e-06
5.6876000000e+03 5.8108318840e-06
7.1604000000e+03 5.3197822866e-06
9.0144000000e+03 4.6264409075e-06
1.1348400000e+04 3.7634832353e-06
1.4286800000e+04 2.8363043237e-06
1.7986000000e+04 1.9841498168e-06
2.2642800000e+04 1.3058132344e-06
2.8506000000e+04 8.2364300933e-07
3.5886800000e+04 5.0670675459e-07
4.5180000000e+04 3.0800108625e-07
5.6876000000e+04 1.7800346219e-07
7.1604000000e+04 1.0389947564e-07
9.0144000000e+04 6.1543942272e-08
1.1348400000e+05 3.5723640667e-08
1.4286800000e+05 2.0814307901e-08
1.7986000000e+05 1.2119971901e-08
2.2642800000e+05 6.8809749883e-09
2.8506000000e+05 3.8354284796e-09
3.5886400000e+05 2.1391062267e-09
4.5176000000e+05 1.1812369106e-09
5.6876000000e+05 6.4262044877e-10
7.1604000000e+05 3.4751572096e-10
9.0144000000e+05 1.8427745163e-10
1.1348400000e+06 9.3967835396e-11
1.4286800000e+06 3.8940819394e-11
1.7986000000e+06 2.1958831655e-11
2.2643200000e+06 1.5636929215e-11
2.8506000000e+06 1.5386991155e-11
3.5886400000e+06 2.1814076084e-11
4.5176000000e+06 3.7321306959e-11
5.6876000000e+06 7.5677600139e-11
7.1604000000e+06 1.6359657144e-10
9.0144000000e+06 4.2125417737e-10
1.1348400000e+07 1.2931058019e-09
1.4286800000e+07 5.0009631456e-09
1.7986000000e+07 2.8263701832e-08
2.2643200000e+07 4.3410082900e-08
2.8506000000e+07 2.3354656359e-08
3.5886800000e+07 1.2841231048e-08
4.5176000000e+07 7.2269241827e-09
5.6876000000e+07 4.1397829031e-09
7.1604000000e+07 2.3356764172e-09
9.0144000000e+07 1.3015473545e-09
1.1348400000e+08 7.1789934983e-10
1.4286800000e+08 3.9266858163e-10
1.7986000000e+08 2.1332260166e-10
2.2643200000e+08 1.1525734715e-10
2.8505600000e+08 6.1995683938e-11
3.5886400000e+08 3.3228156863e-11
4.5176000000e+08 1.7756777495e-11
5.6876000000e+08 9.4693303751e-12
7.1604000000e+08 5.0397591444e-12
9.0144000000e+08 2.6784858808e-12
1.1348400000e+09 1.4218950576e-12
1.4286800000e+09 7.5411132284e-13
1.7986000000e+09 3.9967849315e-13
2.2643200000e+09 2.1168419132e-13
2.8505600000e+09 1.1206677060e-13
3.5886400000e+09 5.9306796933e-14
