# particle=alpha
# bin=13
# theta_mid_deg=110.487315
# spectrum_type=normalized_pdf
# energy_unit=keV_total
# pdf_unit=keV^-1
# pdf_integral=1.000000000000e+00
# Energy_keV PDF_per_keV
4.5176000000e+01 1.0098767525e-05
5.6876000000e+01 8.6820355968e-06
7.1604000000e+01 7.6088369579e-06
9.0144000000e+01 6.7980921716e-06
1.1348400000e+02 6.1878858392e-06
1.4286800000e+02 5.7309609870e-06
1.7986000000e+02 5.3912443765e-06
2.2642800000e+02 5.1411581618e-06
2.8505600000e+02 4.9595948038e-06
3.5886800000e+02 4.8304277496e-06
4.5176000000e+02 4.7413181294e-06
5.6876000000e+02 4.6826761459e-06
7.1604000000e+02 4.6471356405e-06
9.0144000000e+02 4.6287725410e-06
1.1348400000e+03 4.6226184544e-06
1.4286800000e+03 4.6240807928e-06
1.7986000000e+03 4.6282260798e-06
2.2643200000e+03 4.6287725810e-06
2.8505600000e+03 4.6165786907e-06
3.5886800000e+03 4.5774091534e-06
4.5176000000e+03 4.4750075653e-06
5.6876000000e+03 4.2685487149e-06
7.1604000000e+03 3.9321680696e-06
9.0144000000e+03 3.4441108154e-06
1.1348400000e+04 2.8227611003e-06
1.4286800000e+04 2.1425151398e-06
1.7986000000e+04 1.5078427336e-06
2.2642800000e+04 9.9693162346e-07
2.8506000000e+04 6.3104059239e-07
3.5886800000e+04 3.8951842539e-07
4.5180000000e+04 2.3787258068e-07
5.6876000000e+04 1.3911386484e-07
7.1604000000e+04 8.3924134492e-08
9.0144000000e+04 5.0865950341e-08
1.1348400000e+05 3.0436643948e-08
1.4286800000e+05 1.8283773048e-08
1.7986000000e+05 1.0925999922e-08
2.2642800000e+05 6.3430031888e-09
2.8506000000e+05 3.5970348137e-09
3.5886400000e+05 2.0300209524e-09
4.5176000000e+05 1.1314322390e-09
5.6876000000e+05 6.2041090350e-10
7.1604000000e+05 3.4140697877e-10
9.0144000000e+05 1.8619931651e-10
1.1348400000e+06 1.0038988464e-10
1.4286800000e+06 4.1047345270e-11
1.7986000000e+06 2.1950006833e-11
2.2643200000e+06 1.5770474724e-11
2.8506000000e+06 1.5740069169e-11
3.5886400000e+06 2.2677568612e-11
4.5176000000e+06 3.9235367988e-11
5.6876000000e+06 7.0225936022e-11
7.1604000000e+06 1.4540400514e-10
9.0144000000e+06 3.7273495735e-10
1.1348400000e+07 1.1685908095e-09
1.4286800000e+07 4.7696738320e-09
1.7986000000e+07 2.7456112043e-08
2.2643200000e+07 4.4996074494e-08
2.8506000000e+07 2.4921084687e-08
3.5886800000e+07 1.3439135541e-08
4.5176000000e+07 7.4881785201e-09
5.6876000000e+07 4.2894366440e-09
7.1604000000e+07 2.4201114520e-09
9.0144000000e+07 1.3485984765e-09
1.1348400000e+08 7.4385151346e-10
1.4286800000e+08 4.0686360672e-10
1.7986000000e+08 2.2103424406e-10
2.2643200000e+08 1.1942391665e-10
2.8505600000e+08 6.4236836733e-11
3.5886400000e+08 3.4429359461e-11
4.5176000000e+08 1.8398687527e-11
5.6876000000e+08 9.8116480154e-12
7.1604000000e+08 5.2219471545e-12
9.0144000000e+08 2.7753135265e-12
1.1348400000e+09 1.4732967662e-12
1.4286800000e+09 7.8137255446e-13
1.7986000000e+09 4.1412692754e-13
2.2643200000e+09 2.1933660495e-13
2.8505600000e+09 1.1611800030e-13
3.5886400000e+09 6.1450746080e-14
