# particle=alpha
# bin=10
# theta_mid_deg=92.865984
# spectrum_type=normalized_pdf
# energy_unit=keV_total
# pdf_unit=keV^-1
# pdf_integral=1.000000000000e+00
# Energy_keV PDF_per_keV
4.5176000000e+01 4.8243321853e-06
5.6876000000e+01 4.1475381684e-06
7.1604000000e+01 3.6348551383e-06
9.0144000000e+01 3.2475502363e-06
1.1348400000e+02 2.9560455511e-06
1.4286800000e+02 2.7377657198e-06
1.7986000000e+02 2.5754780175e-06
2.2642800000e+02 2.4560080949e-06
2.8505600000e+02 2.3692725651e-06
3.5886800000e+02 2.3075675327e-06
4.5176000000e+02 2.2649985353e-06
5.6876000000e+02 2.2369843833e-06
7.1604000000e+02 2.2200061527e-06
9.0144000000e+02 2.2112338256e-06
1.1348400000e+03 2.2082939264e-06
1.4286800000e+03 2.2089925073e-06
1.7986000000e+03 2.2109727729e-06
2.2643200000e+03 2.2112338447e-06
2.8505600000e+03 2.2054086410e-06
3.5886800000e+03 2.1866967677e-06
4.5176000000e+03 2.1481179072e-06
5.6876000000e+03 2.0736725856e-06
7.1604000000e+03 1.9402308876e-06
9.0144000000e+03 1.7309455583e-06
1.1348400000e+04 1.4466673038e-06
1.4286800000e+04 1.1184946261e-06
1.7986000000e+04 7.9934179646e-07
2.2642800000e+04 5.3459343806e-07
2.8506000000e+04 3.4131723517e-07
3.5886800000e+04 2.1246560383e-07
4.5180000000e+04 1.3136541384e-07
5.6876000000e+04 7.8858810772e-08
7.1604000000e+04 4.7977126247e-08
9.0144000000e+04 2.8921281372e-08
1.1348400000e+05 1.7717535317e-08
1.4286800000e+05 1.0936368953e-08
1.7986000000e+05 6.6942203929e-09
2.2642800000e+05 3.9775888339e-09
2.8506000000e+05 2.3013259312e-09
3.5886400000e+05 1.3164587228e-09
4.5176000000e+05 7.4253333300e-10
5.6876000000e+05 4.1339917632e-10
7.1604000000e+05 2.3351343763e-10
9.0144000000e+05 1.3233890352e-10
1.1348400000e+06 7.7430270836e-11
1.4286800000e+06 3.5483041105e-11
1.7986000000e+06 1.7374989686e-11
2.2643200000e+06 1.2383507501e-11
2.8506000000e+06 1.2529846289e-11
3.5886400000e+06 1.8656289608e-11
4.5176000000e+06 3.3611490095e-11
5.6876000000e+06 5.9498954836e-11
7.1604000000e+06 1.1683175848e-10
9.0144000000e+06 2.9892259622e-10
1.1348400000e+07 9.8123498402e-10
1.4286800000e+07 4.4172948873e-09
1.7986000000e+07 2.6242605568e-08
2.2643200000e+07 4.7339687709e-08
2.8506000000e+07 2.7241065413e-08
3.5886800000e+07 1.4331118623e-08
4.5176000000e+07 7.8794021008e-09
5.6876000000e+07 4.5135403774e-09
7.1604000000e+07 2.5465513686e-09
9.0144000000e+07 1.4190566691e-09
1.1348400000e+08 7.8271440272e-10
1.4286800000e+08 4.2812039656e-10
1.7986000000e+08 2.3258228717e-10
2.2643200000e+08 1.2566327809e-10
2.8505600000e+08 6.7592921955e-11
3.5886400000e+08 3.6228138330e-11
4.5176000000e+08 1.9359936033e-11
5.6876000000e+08 1.0324262406e-11
7.1604000000e+08 5.4947703595e-12
9.0144000000e+08 2.9203111507e-12
1.1348400000e+09 1.5502698825e-12
1.4286800000e+09 8.2219574901e-13
1.7986000000e+09 4.3576319316e-13
2.2643200000e+09 2.3079595407e-13
2.8505600000e+09 1.2218464250e-13
3.5886400000e+09 6.4661270622e-14
