# particle=alpha
# bin=08
# theta_mid_deg=81.373073
# spectrum_type=normalized_pdf
# energy_unit=keV_total
# pdf_unit=keV^-1
# pdf_integral=1.000000000000e+00
# Energy_keV PDF_per_keV
4.5176000000e+01 3.0969620710e-07
5.6876000000e+01 2.6624966736e-07
7.1604000000e+01 2.3333817127e-07
9.0144000000e+01 2.0847527739e-07
1.1348400000e+02 1.8976224274e-07
1.4286800000e+02 1.7574985030e-07
1.7986000000e+02 1.6533185172e-07
2.2642800000e+02 1.5766252455e-07
2.8505600000e+02 1.5209456953e-07
3.5886800000e+02 1.4813343797e-07
4.5176000000e+02 1.4540073705e-07
5.6876000000e+02 1.4360237900e-07
7.1604000000e+02 1.4251246780e-07
9.0144000000e+02 1.4194933154e-07
1.1348400000e+03 1.4176060580e-07
1.4286800000e+03 1.4180545095e-07
1.7986000000e+03 1.4193257336e-07
2.2643200000e+03 1.4194933276e-07
2.8505600000e+03 1.4157538598e-07
3.5886800000e+03 1.4037418425e-07
4.5176000000e+03 1.3842508822e-07
5.6876000000e+03 1.3496861080e-07
7.1604000000e+03 1.2799007119e-07
9.0144000000e+03 1.1598319988e-07
1.1348400000e+04 9.8410210307e-08
1.4286800000e+04 7.6881013061e-08
1.7986000000e+04 5.4982063287e-08
2.2642800000e+04 3.6269071274e-08
2.8506000000e+04 2.2423294746e-08
3.5886800000e+04 1.3214080315e-08
4.5180000000e+04 7.5248025998e-09
5.6876000000e+04 4.4827772862e-09
7.1604000000e+04 2.5395499212e-09
9.0144000000e+04 1.4736775632e-09
1.1348400000e+05 8.7056234097e-10
1.4286800000e+05 5.0463783943e-10
1.7986000000e+05 2.8331700985e-10
2.2642800000e+05 1.5598943139e-10
2.8506000000e+05 8.6915619767e-11
3.5886400000e+05 5.0166712596e-11
4.5176000000e+05 2.9700426927e-11
5.6876000000e+05 1.8102936055e-11
7.1604000000e+05 1.1528148670e-11
9.0144000000e+05 7.7915509828e-12
1.1348400000e+06 6.0069398615e-12
1.4286800000e+06 5.6404403767e-12
1.7986000000e+06 5.4303938588e-12
2.2643200000e+06 6.0105744651e-12
2.8506000000e+06 7.6663124891e-12
3.5886400000e+06 1.1039900829e-11
4.5176000000e+06 1.7714277252e-11
5.6876000000e+06 3.2004314243e-11
7.1604000000e+06 6.8553133583e-11
9.0144000000e+06 1.8310677499e-10
1.1348400000e+07 6.5170792070e-10
1.4286800000e+07 3.3179783066e-09
1.7986000000e+07 2.1644644730e-08
2.2643200000e+07 4.5683093487e-08
2.8506000000e+07 2.8951968571e-08
3.5886800000e+07 1.6241721183e-08
4.5176000000e+07 9.2048085053e-09
5.6876000000e+07 5.2727699797e-09
7.1604000000e+07 2.9749107098e-09
9.0144000000e+07 1.6577583845e-09
1.1348400000e+08 9.1437600204e-10
1.4286800000e+08 5.0013519010e-10
1.7986000000e+08 2.7170531314e-10
2.2643200000e+08 1.4680129230e-10
2.8505600000e+08 7.8962831818e-11
3.5886400000e+08 4.2322129467e-11
4.5176000000e+08 2.2616500793e-11
5.6876000000e+08 1.2060922541e-11
7.1604000000e+08 6.4190541735e-12
9.0144000000e+08 3.4115412025e-12
1.1348400000e+09 1.8110431753e-12
1.4286800000e+09 9.6049856660e-13
1.7986000000e+09 5.0906359332e-13
2.2643200000e+09 2.6961849819e-13
2.8505600000e+09 1.4273751005e-13
3.5886400000e+09 7.5538042883e-14
