# particle=alpha
# bin=03
# theta_mid_deg=49.458398
# spectrum_type=normalized_pdf
# energy_unit=keV_total
# pdf_unit=keV^-1
# pdf_integral=1.000000000000e+00
# Energy_keV PDF_per_keV
4.5176000000e+01 2.8075515474e-07
5.6876000000e+01 2.4136868597e-07
7.1604000000e+01 2.1153276300e-07
9.0144000000e+01 1.8899330189e-07
1.1348400000e+02 1.7202899681e-07
1.4286800000e+02 1.5932605981e-07
1.7986000000e+02 1.4988162124e-07
2.2642800000e+02 1.4292899125e-07
2.8505600000e+02 1.3788136059e-07
3.5886800000e+02 1.3429039603e-07
4.5176000000e+02 1.3181306549e-07
5.6876000000e+02 1.3018276366e-07
7.1604000000e+02 1.2919470446e-07
9.0144000000e+02 1.2868419317e-07
1.1348400000e+03 1.2851310383e-07
1.4286800000e+03 1.2855375820e-07
1.7986000000e+03 1.2866900104e-07
2.2643200000e+03 1.2868419428e-07
2.8505600000e+03 1.2834519276e-07
3.5886800000e+03 1.2725624310e-07
4.5176000000e+03 1.2539025458e-07
5.6876000000e+03 1.2205102901e-07
7.1604000000e+03 1.1550132016e-07
9.0144000000e+03 1.0439590644e-07
1.1348400000e+04 8.8285551620e-08
1.4286800000e+04 6.8675318357e-08
1.7986000000e+04 4.8840340827e-08
2.2642800000e+04 3.1987063852e-08
2.8506000000e+04 1.9596453580e-08
3.5886800000e+04 1.1418972879e-08
4.5180000000e+04 6.4040506368e-09
5.6876000000e+04 3.6186580282e-09
7.1604000000e+04 2.0684648967e-09
9.0144000000e+04 1.1206740760e-09
1.1348400000e+05 5.9138140668e-10
1.4286800000e+05 3.0708756327e-10
1.7986000000e+05 1.6110589128e-10
2.2642800000e+05 8.6171786328e-11
2.8506000000e+05 4.7070908235e-11
3.5886400000e+05 2.6408173734e-11
4.5176000000e+05 1.5203122785e-11
5.6876000000e+05 9.1174012974e-12
7.1604000000e+05 5.6736437009e-12
9.0144000000e+05 3.8399661140e-12
1.1348400000e+06 2.8629385677e-12
1.4286800000e+06 2.7144826537e-12
1.7986000000e+06 2.7901192304e-12
2.2643200000e+06 3.2505457193e-12
2.8506000000e+06 4.1991375054e-12
3.5886400000e+06 5.9321671767e-12
4.5176000000e+06 9.4073936959e-12
5.6876000000e+06 1.7302704624e-11
7.1604000000e+06 3.8476741434e-11
9.0144000000e+06 1.0833435213e-10
1.1348400000e+07 4.1877110691e-10
1.4286800000e+07 2.3843722430e-09
1.7986000000e+07 1.7443461216e-08
2.2643200000e+07 4.0930942261e-08
2.8506000000e+07 2.8542043555e-08
3.5886800000e+07 1.7485076899e-08
4.5176000000e+07 1.0311399973e-08
5.6876000000e+07 5.9066563085e-09
7.1604000000e+07 3.3325510460e-09
9.0144000000e+07 1.8570521865e-09
1.1348400000e+08 1.0243012310e-09
1.4286800000e+08 5.6026086612e-10
1.7986000000e+08 3.0436941268e-10
2.2643200000e+08 1.6444957443e-10
2.8505600000e+08 8.8455652435e-11
3.5886400000e+08 4.7410047084e-11
4.5176000000e+08 2.5335430447e-11
5.6876000000e+08 1.3510872745e-11
7.1604000000e+08 7.1907454667e-12
9.0144000000e+08 3.8216727533e-12
1.1348400000e+09 2.0287646982e-12
1.4286800000e+09 1.0759685971e-12
1.7986000000e+09 5.7026263169e-13
2.2643200000e+09 3.0203172324e-13
2.8505600000e+09 1.5989724897e-13
3.5886400000e+09 8.4619139322e-14
