# particle=alpha
# bin=09
# theta_mid_deg=87.134016
# spectrum_type=normalized_pdf
# energy_unit=keV_total
# pdf_unit=keV^-1
# pdf_integral=1.000000000000e+00
# Energy_keV PDF_per_keV
4.5176000000e+01 3.1605742882e-07
5.6876000000e+01 2.7171848851e-07
7.1604000000e+01 2.3813098374e-07
9.0144000000e+01 2.1275740107e-07
1.1348400000e+02 1.9365999696e-07
1.4286800000e+02 1.7935978720e-07
1.7986000000e+02 1.6872780085e-07
2.2642800000e+02 1.6090094418e-07
2.8505600000e+02 1.5521862225e-07
3.5886800000e+02 1.5117612826e-07
4.5176000000e+02 1.4838729711e-07
5.6876000000e+02 1.4655200043e-07
7.1604000000e+02 1.4543970225e-07
9.0144000000e+02 1.4486499905e-07
1.1348400000e+03 1.4467239685e-07
1.4286800000e+03 1.4471816312e-07
1.7986000000e+03 1.4484789665e-07
2.2643200000e+03 1.4486500030e-07
2.8505600000e+03 1.4448337258e-07
3.5886800000e+03 1.4325749792e-07
4.5176000000e+03 1.4131732827e-07
5.6876000000e+03 1.3789031399e-07
7.1604000000e+03 1.3087760457e-07
9.0144000000e+03 1.1873505426e-07
1.1348400000e+04 1.0089794175e-07
1.4286800000e+04 7.8987197697e-08
1.7986000000e+04 5.6647364589e-08
2.2642800000e+04 3.7509606446e-08
2.8506000000e+04 2.3306622562e-08
3.5886800000e+04 1.3820960389e-08
4.5180000000e+04 7.9347347976e-09
5.6876000000e+04 4.7316394553e-09
7.1604000000e+04 2.6819890035e-09
9.0144000000e+04 1.5618366442e-09
1.1348400000e+05 9.3152184062e-10
1.4286800000e+05 5.5380803164e-10
1.7986000000e+05 3.2194143781e-10
2.2642800000e+05 1.8219729184e-10
2.8506000000e+05 1.0295952095e-10
3.5886400000e+05 5.9503906456e-11
4.5176000000e+05 3.4982390355e-11
5.6876000000e+05 2.1072453269e-11
7.1604000000e+05 1.3313376688e-11
9.0144000000e+05 9.0204068012e-12
1.1348400000e+06 6.9909939070e-12
1.4286800000e+06 6.5725751039e-12
1.7986000000e+06 6.3100536306e-12
2.2643200000e+06 6.9381333194e-12
2.8506000000e+06 8.8715976279e-12
3.5886400000e+06 1.2870588967e-11
4.5176000000e+06 2.0601282713e-11
5.6876000000e+06 3.7060202309e-11
7.1604000000e+06 7.9083259026e-11
9.0144000000e+06 2.0904713471e-10
1.1348400000e+07 7.2704303683e-10
1.4286800000e+07 3.6103602432e-09
1.7986000000e+07 2.2989050025e-08
2.2643200000e+07 4.7252657041e-08
2.8506000000e+07 2.9105749602e-08
3.5886800000e+07 1.5838557615e-08
4.5176000000e+07 8.8413370148e-09
5.6876000000e+07 5.0645634144e-09
7.1604000000e+07 2.8574400173e-09
9.0144000000e+07 1.5922982600e-09
1.1348400000e+08 8.7826991595e-10
1.4286800000e+08 4.8038628572e-10
1.7986000000e+08 2.6097644951e-10
2.2643200000e+08 1.4100453026e-10
2.8505600000e+08 7.5844816038e-11
3.5886400000e+08 4.0650949945e-11
4.5176000000e+08 2.1723440036e-11
5.6876000000e+08 1.1584671298e-11
7.1604000000e+08 6.1655841327e-12
9.0144000000e+08 3.2768292240e-12
1.1348400000e+09 1.7395302740e-12
1.4286800000e+09 9.2257123270e-13
1.7986000000e+09 4.8896213191e-13
2.2643200000e+09 2.5897203690e-13
2.8505600000e+09 1.3710121512e-13
3.5886400000e+09 7.2555262197e-14
