# particle=alpha
# bin=17
# theta_mid_deg=138.590378
# spectrum_type=normalized_pdf
# energy_unit=keV_total
# pdf_unit=keV^-1
# pdf_integral=1.000000000000e+00
# Energy_keV PDF_per_keV
4.5176000000e+01 1.8684317130e-05
5.6876000000e+01 1.6063138995e-05
7.1604000000e+01 1.4077551777e-05
9.0144000000e+01 1.2577545696e-05
1.1348400000e+02 1.1448567472e-05
1.4286800000e+02 1.0603184228e-05
1.7986000000e+02 9.9746547695e-06
2.2642800000e+02 9.5119557190e-06
2.8505600000e+02 9.1760347908e-06
3.5886800000e+02 8.9370553117e-06
4.5176000000e+02 8.7721884209e-06
5.6876000000e+02 8.6636914767e-06
7.1604000000e+02 8.5979359205e-06
9.0144000000e+02 8.5639612821e-06
1.1348400000e+03 8.5525752486e-06
1.4286800000e+03 8.5552808059e-06
1.7986000000e+03 8.5629502425e-06
2.2643200000e+03 8.5639613561e-06
2.8505600000e+03 8.5414007305e-06
3.5886800000e+03 8.4689308916e-06
4.5176000000e+03 8.2410290091e-06
5.6876000000e+03 7.7784551444e-06
7.1604000000e+03 7.0746869709e-06
9.0144000000e+03 6.1070476910e-06
1.1348400000e+04 4.9287480546e-06
1.4286800000e+04 3.6857771573e-06
1.7986000000e+04 2.5605777793e-06
2.2642800000e+04 1.6755578803e-06
2.8506000000e+04 1.0519850131e-06
3.5886800000e+04 6.4449456876e-07
4.5180000000e+04 3.8982038678e-07
5.6876000000e+04 2.2258631048e-07
7.1604000000e+04 1.2399492177e-07
9.0144000000e+04 6.9923390054e-08
1.1348400000e+05 3.8542805213e-08
1.4286800000e+05 2.1285479658e-08
1.7986000000e+05 1.1822753578e-08
2.2642800000e+05 6.4668620933e-09
2.8506000000e+05 3.5242999321e-09
3.5886400000e+05 1.9454292954e-09
4.5176000000e+05 1.0683965162e-09
5.6876000000e+05 5.7918427596e-10
7.1604000000e+05 3.0594073095e-10
9.0144000000e+05 1.5499070901e-10
1.1348400000e+06 7.1601630714e-11
1.4286800000e+06 3.2251487549e-11
1.7986000000e+06 1.9591330048e-11
2.2643200000e+06 1.3508081756e-11
2.8506000000e+06 1.2851007198e-11
3.5886400000e+06 1.8015122913e-11
4.5176000000e+06 3.1635609268e-11
5.6876000000e+06 8.1827590681e-11
7.1604000000e+06 1.8585644464e-10
9.0144000000e+06 4.8122466804e-10
1.1348400000e+07 1.4476772029e-09
1.4286800000e+07 5.2885768671e-09
1.7986000000e+07 2.9278059148e-08
2.2643200000e+07 4.1461829020e-08
2.8506000000e+07 2.1421697152e-08
3.5886800000e+07 1.2107187098e-08
4.5176000000e+07 6.9074515682e-09
5.6876000000e+07 3.9567801160e-09
7.1604000000e+07 2.2324257627e-09
9.0144000000e+07 1.2440112954e-09
1.1348400000e+08 6.8616397023e-10
1.4286800000e+08 3.7531031756e-10
1.7986000000e+08 2.0389248622e-10
2.2643200000e+08 1.1016229356e-10
2.8505600000e+08 5.9255109562e-11
3.5886400000e+08 3.1759276620e-11
4.5176000000e+08 1.6971823344e-11
5.6876000000e+08 9.0507301994e-12
7.1604000000e+08 4.8169721067e-12
9.0144000000e+08 2.5600810290e-12
1.1348400000e+09 1.3590389213e-12
1.4286800000e+09 7.2077516076e-13
1.7986000000e+09 3.8201034970e-13
2.2643200000e+09 2.0232650327e-13
2.8505600000e+09 1.0711275928e-13
3.5886400000e+09 5.6685087199e-14
