# particle=alpha
# bin=18
# theta_mid_deg=148.211669
# spectrum_type=normalized_pdf
# energy_unit=keV_total
# pdf_unit=keV^-1
# pdf_integral=1.000000000000e+00
# Energy_keV PDF_per_keV
4.5176000000e+01 2.1812722370e-05
5.6876000000e+01 1.8752667750e-05
7.1604000000e+01 1.6434624098e-05
9.0144000000e+01 1.4683464772e-05
1.1348400000e+02 1.3365456284e-05
1.4286800000e+02 1.2378526451e-05
1.7986000000e+02 1.1644759276e-05
2.2642800000e+02 1.1104588294e-05
2.8505600000e+02 1.0712422507e-05
3.5886800000e+02 1.0433429542e-05
4.5176000000e+02 1.0240958193e-05
5.6876000000e+02 1.0114295083e-05
7.1604000000e+02 1.0037529757e-05
9.0144000000e+02 9.9978665816e-06
1.1348400000e+03 9.9845741295e-06
1.4286800000e+03 9.9877326914e-06
1.7986000000e+03 9.9966862586e-06
2.2643200000e+03 9.9978666679e-06
2.8505600000e+03 9.9715286081e-06
3.5886800000e+03 9.8869247949e-06
4.5176000000e+03 9.6050882551e-06
5.6876000000e+03 9.0336989899e-06
7.1604000000e+03 8.1821104728e-06
9.0144000000e+03 7.0296241777e-06
1.1348400000e+04 5.6443501276e-06
1.4286800000e+04 4.1990796417e-06
1.7986000000e+04 2.9030218941e-06
2.2642800000e+04 1.8916080300e-06
2.8506000000e+04 1.1834303259e-06
3.5886800000e+04 7.2280010573e-07
4.5180000000e+04 4.3578471776e-07
5.6876000000e+04 2.4704866926e-07
7.1604000000e+04 1.3353806906e-07
9.0144000000e+04 7.2372146430e-08
1.1348400000e+05 3.8247673986e-08
1.4286800000e+05 2.0147935970e-08
1.7986000000e+05 1.0707691099e-08
2.2642800000e+05 5.6708053497e-09
2.8506000000e+05 3.0490527621e-09
3.5886400000e+05 1.6828353640e-09
4.5176000000e+05 9.2711262021e-10
5.6876000000e+05 5.0408016956e-10
7.1604000000e+05 2.6132535268e-10
9.0144000000e+05 1.2672648489e-10
1.1348400000e+06 5.2437249656e-11
1.4286800000e+06 2.6541079872e-11
1.7986000000e+06 1.7190695170e-11
2.2643200000e+06 1.1405274958e-11
2.8506000000e+06 1.0436128406e-11
3.5886400000e+06 1.4601571615e-11
4.5176000000e+06 2.6985022416e-11
5.6876000000e+06 8.5481787518e-11
7.1604000000e+06 1.9960472820e-10
9.0144000000e+06 5.1843733142e-10
1.1348400000e+07 1.5438401482e-09
1.4286800000e+07 5.4683179272e-09
1.7986000000e+07 2.9917542788e-08
2.2643200000e+07 4.0270597447e-08
2.8506000000e+07 2.0232359129e-08
3.5886800000e+07 1.1657619753e-08
4.5176000000e+07 6.7125705797e-09
5.6876000000e+07 3.8451468729e-09
7.1604000000e+07 2.1694419929e-09
9.0144000000e+07 1.2089138143e-09
1.1348400000e+08 6.6680512110e-10
1.4286800000e+08 3.6472163012e-10
1.7986000000e+08 1.9814003630e-10
2.2643200000e+08 1.0705426791e-10
2.8505600000e+08 5.7583336085e-11
3.5886400000e+08 3.0863247287e-11
4.5176000000e+08 1.6492994694e-11
5.6876000000e+08 8.7953805628e-12
7.1604000000e+08 4.6810701353e-12
9.0144000000e+08 2.4878530710e-12
1.1348400000e+09 1.3206961481e-12
1.4286800000e+09 7.0043982081e-13
1.7986000000e+09 3.7123263323e-13
2.2643200000e+09 1.9661823466e-13
2.8505600000e+09 1.0409077060e-13
3.5886400000e+09 5.5085822157e-14
