# particle=alpha
# bin=05
# theta_mid_deg=63.256316
# spectrum_type=normalized_pdf
# energy_unit=keV_total
# pdf_unit=keV^-1
# pdf_integral=1.000000000000e+00
# Energy_keV PDF_per_keV
4.5176000000e+01 2.8871201737e-07
5.6876000000e+01 2.4820929939e-07
7.1604000000e+01 2.1752779857e-07
9.0144000000e+01 1.9434954813e-07
1.1348400000e+02 1.7690445884e-07
1.4286800000e+02 1.6384150878e-07
1.7986000000e+02 1.5412940601e-07
2.2642800000e+02 1.4697973202e-07
2.8505600000e+02 1.4178904679e-07
3.5886800000e+02 1.3809631095e-07
4.5176000000e+02 1.3554877056e-07
5.6876000000e+02 1.3387226446e-07
7.1604000000e+02 1.3285620275e-07
9.0144000000e+02 1.3233122309e-07
1.1348400000e+03 1.3215528491e-07
1.4286800000e+03 1.3219709147e-07
1.7986000000e+03 1.3231560040e-07
2.2643200000e+03 1.3233122423e-07
2.8505600000e+03 1.3198261509e-07
3.5886800000e+03 1.3086280358e-07
4.5176000000e+03 1.2898676623e-07
5.6876000000e+03 1.2564187315e-07
7.1604000000e+03 1.1900154237e-07
9.0144000000e+03 1.0767155712e-07
1.1348400000e+04 9.1172323023e-08
1.4286800000e+04 7.1033399620e-08
1.7986000000e+04 5.0616746951e-08
2.2642800000e+04 3.3231280618e-08
2.8506000000e+04 2.0420046743e-08
3.5886800000e+04 1.1943036621e-08
4.5180000000e+04 6.7324718268e-09
5.6876000000e+04 3.9283238928e-09
7.1604000000e+04 2.2443473661e-09
9.0144000000e+04 1.2705287469e-09
1.1348400000e+05 7.0819831060e-10
1.4286800000e+05 3.8094383944e-10
1.7986000000e+05 2.0217201992e-10
2.2642800000e+05 1.0765579975e-10
2.8506000000e+05 5.8684071835e-11
3.5886400000e+05 3.3399838584e-11
4.5176000000e+05 1.9617589210e-11
5.6876000000e+05 1.1969454142e-11
7.1604000000e+05 7.6025084602e-12
9.0144000000e+05 5.1100005214e-12
1.1348400000e+06 3.8612846451e-12
1.4286800000e+06 3.6499312681e-12
1.7986000000e+06 3.6126941069e-12
2.2643200000e+06 4.1169086890e-12
2.8506000000e+06 5.2896452094e-12
3.5886400000e+06 7.5377021631e-12
4.5176000000e+06 1.2045731607e-11
5.6876000000e+06 2.2015612939e-11
7.1604000000e+06 4.8061795393e-11
9.0144000000e+06 1.3200939877e-10
1.1348400000e+07 4.9420471176e-10
1.4286800000e+07 2.6978270435e-09
1.7986000000e+07 1.8869918649e-08
2.2643200000e+07 4.2532845296e-08
2.8506000000e+07 2.8673688315e-08
3.5886800000e+07 1.7064988838e-08
4.5176000000e+07 9.9394719506e-09
5.6876000000e+07 5.6936056068e-09
7.1604000000e+07 3.2123472790e-09
9.0144000000e+07 1.7900690660e-09
1.1348400000e+08 9.8735510025e-10
1.4286800000e+08 5.4005248351e-10
1.7986000000e+08 2.9339093119e-10
2.2643200000e+08 1.5851794486e-10
2.8505600000e+08 8.5265092864e-11
3.5886400000e+08 4.5699985880e-11
4.5176000000e+08 2.4421591728e-11
5.6876000000e+08 1.3023541035e-11
7.1604000000e+08 6.9313781890e-12
9.0144000000e+08 3.6838265643e-12
1.1348400000e+09 1.9555879769e-12
1.4286800000e+09 1.0371588454e-12
1.7986000000e+09 5.4969348944e-13
2.2643200000e+09 2.9113756126e-13
2.8505600000e+09 1.5412981993e-13
3.5886400000e+09 8.1566961226e-14
