# particle=alpha
# bin=04
# theta_mid_deg=56.632987
# spectrum_type=normalized_pdf
# energy_unit=keV_total
# pdf_unit=keV^-1
# pdf_integral=1.000000000000e+00
# Energy_keV PDF_per_keV
4.5176000000e+01 2.8383594207e-07
5.6876000000e+01 2.4401727702e-07
7.1604000000e+01 2.1385395799e-07
9.0144000000e+01 1.9106716647e-07
1.1348400000e+02 1.7391670838e-07
1.4286800000e+02 1.6107437930e-07
1.7986000000e+02 1.5152630484e-07
2.2642800000e+02 1.4449738214e-07
2.8505600000e+02 1.3939436272e-07
3.5886800000e+02 1.3576399373e-07
4.5176000000e+02 1.3325947890e-07
5.6876000000e+02 1.3161128742e-07
7.1604000000e+02 1.3061238603e-07
9.0144000000e+02 1.3009627279e-07
1.1348400000e+03 1.2992330605e-07
1.4286800000e+03 1.2996440653e-07
1.7986000000e+03 1.3008091396e-07
2.2643200000e+03 1.3009627392e-07
2.8505600000e+03 1.2975355246e-07
3.5886800000e+03 1.2865265351e-07
4.5176000000e+03 1.2679181860e-07
5.6876000000e+03 1.2346908336e-07
7.1604000000e+03 1.1690370242e-07
9.0144000000e+03 1.0572867424e-07
1.1348400000e+04 8.9479120633e-08
1.4286800000e+04 6.9666324617e-08
1.7986000000e+04 4.9598989554e-08
2.2642800000e+04 3.2526746077e-08
2.8506000000e+04 1.9959036142e-08
3.5886800000e+04 1.1653050646e-08
4.5180000000e+04 6.5529842255e-09
5.6876000000e+04 3.7711270307e-09
7.1604000000e+04 2.1607578708e-09
9.0144000000e+04 1.2008979668e-09
1.1348400000e+05 6.5173151421e-10
1.4286800000e+05 3.4371672859e-10
1.7986000000e+05 1.8091686004e-10
2.2642800000e+05 9.6149460076e-11
2.8506000000e+05 5.2267887900e-11
3.5886400000e+05 2.9545012648e-11
4.5176000000e+05 1.7206606835e-11
5.6876000000e+05 1.0428666212e-11
7.1604000000e+05 6.5716183395e-12
9.0144000000e+05 4.4239760277e-12
1.1348400000e+06 3.3160864247e-12
1.4286800000e+06 3.1463478378e-12
1.7986000000e+06 3.1669232703e-12
2.2643200000e+06 3.6504946255e-12
2.8506000000e+06 4.7056740939e-12
3.5886400000e+06 6.6810609603e-12
4.5176000000e+06 1.0643062505e-11
5.6876000000e+06 1.9517197156e-11
7.1604000000e+06 4.2972827814e-11
9.0144000000e+06 1.1939153522e-10
1.1348400000e+07 4.5408681050e-10
1.4286800000e+07 2.5329384556e-09
1.7986000000e+07 1.8126725384e-08
2.2643200000e+07 4.1701795263e-08
2.8506000000e+07 2.8606145097e-08
3.5886800000e+07 1.7283633259e-08
4.5176000000e+07 1.0132944920e-08
5.6876000000e+07 5.8044322974e-09
7.1604000000e+07 3.2748759897e-09
9.0144000000e+07 1.8249129671e-09
1.1348400000e+08 1.0065740813e-09
1.4286800000e+08 5.5056466746e-10
1.7986000000e+08 2.9910181954e-10
2.2643200000e+08 1.6160351496e-10
2.8505600000e+08 8.6924787742e-11
3.5886400000e+08 4.6589541382e-11
4.5176000000e+08 2.4896960831e-11
5.6876000000e+08 1.3277045765e-11
7.1604000000e+08 7.0662982658e-12
9.0144000000e+08 3.7555326737e-12
1.1348400000e+09 1.9936537226e-12
1.4286800000e+09 1.0573472621e-12
1.7986000000e+09 5.6039333669e-13
2.2643200000e+09 2.9680458751e-13
2.8505600000e+09 1.5712997467e-13
3.5886400000e+09 8.3154671544e-14
