# particle=alpha
# bin=14
# theta_mid_deg=116.743684
# spectrum_type=normalized_pdf
# energy_unit=keV_total
# pdf_unit=keV^-1
# pdf_integral=1.000000000000e+00
# Energy_keV PDF_per_keV
4.5176000000e+01 1.1881152369e-05
5.6876000000e+01 1.0214373937e-05
7.1604000000e+01 8.9517607991e-06
9.0144000000e+01 7.9979233814e-06
1.1348400000e+02 7.2800185089e-06
1.4286800000e+02 6.7424485751e-06
1.7986000000e+02 6.3427735848e-06
2.2642800000e+02 6.0485483326e-06
2.8505600000e+02 5.8349398981e-06
3.5886800000e+02 5.6829754680e-06
4.5176000000e+02 5.5781384201e-06
5.6876000000e+02 5.5091464031e-06
7.1604000000e+02 5.4673331660e-06
9.0144000000e+02 5.4457290660e-06
1.1348400000e+03 5.4384888121e-06
1.4286800000e+03 5.4402092464e-06
1.7986000000e+03 5.4450861570e-06
2.2643200000e+03 5.4457291130e-06
2.8505600000e+03 5.4313830586e-06
3.5886800000e+03 5.3853002828e-06
4.5176000000e+03 5.2589922775e-06
5.6876000000e+03 5.0034203845e-06
7.1604000000e+03 4.5944071767e-06
9.0144000000e+03 4.0093780950e-06
1.1348400000e+04 3.2733663478e-06
1.4286800000e+04 2.4754778468e-06
1.7986000000e+04 1.7368513631e-06
2.2642800000e+04 1.1456869687e-06
2.8506000000e+04 7.2392841152e-07
3.5886800000e+04 4.4610560651e-07
4.5180000000e+04 2.7177786938e-07
5.6876000000e+04 1.5797940068e-07
7.1604000000e+04 9.3902360709e-08
9.0144000000e+04 5.6418005514e-08
1.1348400000e+05 3.3310394728e-08
1.4286800000e+05 1.9741656677e-08
1.7986000000e+05 1.1663316688e-08
2.2642800000e+05 6.7036282585e-09
2.8506000000e+05 3.7711076745e-09
3.5886400000e+05 2.1160379614e-09
4.5176000000e+05 1.1738265929e-09
5.6876000000e+05 6.4093184160e-10
7.1604000000e+05 3.4975664876e-10
9.0144000000e+05 1.8828473444e-10
1.1348400000e+06 9.8944870232e-11
1.4286800000e+06 4.0487830503e-11
1.7986000000e+06 2.2212285190e-11
2.2643200000e+06 1.5916764487e-11
2.8506000000e+06 1.5794244984e-11
3.5886400000e+06 2.2561314048e-11
4.5176000000e+06 3.8711014140e-11
5.6876000000e+06 7.2923740935e-11
7.1604000000e+06 1.5417397314e-10
9.0144000000e+06 3.9604452050e-10
1.1348400000e+07 1.2283307107e-09
1.4286800000e+07 4.8806773967e-09
1.7986000000e+07 2.7842769379e-08
2.2643200000e+07 4.4234622989e-08
2.8506000000e+07 2.4169465923e-08
3.5886800000e+07 1.3151891420e-08
4.5176000000e+07 7.3625600106e-09
5.6876000000e+07 4.2174788726e-09
7.1604000000e+07 2.3795126878e-09
9.0144000000e+07 1.3259749599e-09
1.1348400000e+08 7.3137297569e-10
1.4286800000e+08 4.0003823527e-10
1.7986000000e+08 2.1732626725e-10
2.2643200000e+08 1.1742051163e-10
2.8505600000e+08 6.3159226782e-11
3.5886400000e+08 3.3851787117e-11
4.5176000000e+08 1.8090038942e-11
5.6876000000e+08 9.6470519662e-12
7.1604000000e+08 5.1343459819e-12
9.0144000000e+08 2.7287560429e-12
1.1348400000e+09 1.4485813640e-12
1.4286800000e+09 7.6826457960e-13
1.7986000000e+09 4.0717970970e-13
2.2643200000e+09 2.1565710701e-13
2.8505600000e+09 1.1417005393e-13
3.5886400000e+09 6.0419874405e-14
