# particle=eminus
# bin=15
# theta_mid_deg=123.367013
# spectrum_type=normalized_pdf
# energy_unit=keV_total
# pdf_unit=keV^-1
# pdf_integral=1.000000000000e+00
# Energy_keV PDF_per_keV
1.1294000000e+01 6.9387226621e-04
1.4219000000e+01 6.6462050850e-04
1.7901000000e+01 6.3517496185e-04
2.2536000000e+01 6.0540696085e-04
2.8371000000e+01 5.7519423662e-04
3.5717000000e+01 5.4443089446e-04
4.4965000000e+01 5.1303979083e-04
5.6607000000e+01 4.8098334998e-04
7.1264000000e+01 4.4827376677e-04
8.9717000000e+01 4.1499339005e-04
1.1294000000e+02 3.8243649291e-04
1.4219000000e+02 3.5079566384e-04
1.7901000000e+02 3.1974443425e-04
2.2536000000e+02 2.8936372786e-04
2.8371000000e+02 2.5646637152e-04
3.5717000000e+02 2.2590276373e-04
4.4965000000e+02 1.9810913488e-04
5.6608000000e+02 1.7182580280e-04
7.1264000000e+02 1.4736134270e-04
8.9717000000e+02 1.2499277523e-04
1.1294000000e+03 1.0507104400e-04
1.4219000000e+03 8.7881743669e-05
1.7901000000e+03 7.3163770884e-05
2.2536000000e+03 6.0609396199e-05
2.8371000000e+03 4.9990821160e-05
3.5717000000e+03 4.0987957744e-05
4.4965000000e+03 3.3376882939e-05
5.6607000000e+03 2.7075210798e-05
7.1265000000e+03 2.1937107961e-05
8.9717000000e+03 1.7748688932e-05
1.1295000000e+04 1.4286446613e-05
1.4219000000e+04 1.1404877011e-05
1.7901000000e+04 9.0231477676e-06
2.2536000000e+04 7.0599928352e-06
2.8371000000e+04 5.4581418705e-06
3.5717000000e+04 4.1692518074e-06
4.4965000000e+04 3.1441820337e-06
5.6607000000e+04 2.3502054513e-06
7.1265000000e+04 1.7403421044e-06
8.9716000000e+04 1.2719580878e-06
1.1294000000e+05 9.1205187224e-07
1.4219000000e+05 6.3535190156e-07
1.7901000000e+05 4.2441105037e-07
2.2536000000e+05 2.6835418315e-07
2.8371000000e+05 1.6043560733e-07
3.5717000000e+05 9.1726057778e-08
4.4965000000e+05 4.8486163656e-08
5.6608000000e+05 2.3678889231e-08
7.1265000000e+05 1.0763762687e-08
8.9716000000e+05 4.6171662455e-09
1.1294000000e+06 1.9010374609e-09
1.4219000000e+06 7.6404750217e-10
1.7901000000e+06 3.0469491047e-10
2.2536000000e+06 1.2215173767e-10
2.8371000000e+06 4.9706157078e-11
3.5717000000e+06 2.0654341166e-11
4.4965000000e+06 8.7753080761e-12
5.6608000000e+06 3.8034808742e-12
7.1265000000e+06 1.6796561630e-12
8.9717000000e+06 7.5429684161e-13
1.1294000000e+07 3.5309473805e-13
1.4219000000e+07 1.6981306444e-13
1.7901000000e+07 8.1667019477e-14
2.2536000000e+07 3.9275510473e-14
2.8371000000e+07 1.8887962023e-14
3.5717000000e+07 9.0830052742e-15
4.4965000000e+07 4.3678684080e-15
5.6608000000e+07 2.1003606812e-15
7.1264000000e+07 1.0100664876e-15
8.9716000000e+07 4.8571446493e-16
1.1294000000e+08 2.3360406246e-16
1.4219000000e+08 1.1231584711e-16
1.7901000000e+08 5.4006076040e-17
2.2536000000e+08 2.5969974395e-17
2.8371000000e+08 1.2488367929e-17
3.5717000000e+08 6.0052579035e-18
4.4965000000e+08 2.8877511202e-18
5.6608000000e+08 1.3885974109e-18
7.1264000000e+08 6.6777061596e-19
8.9716000000e+08 3.2111080501e-19
