# particle=eminus
# bin=00
# theta_mid_deg=18.194872
# spectrum_type=normalized_pdf
# energy_unit=keV_total
# pdf_unit=keV^-1
# pdf_integral=1.000000000000e+00
# Energy_keV PDF_per_keV
1.1294000000e+01 2.0225938912e-03
1.4219000000e+01 1.9373268624e-03
1.7901000000e+01 1.8514949512e-03
2.2536000000e+01 1.7647231058e-03
2.8371000000e+01 1.6766549203e-03
3.5717000000e+01 1.5869817183e-03
4.4965000000e+01 1.4954786311e-03
5.6607000000e+01 1.4020361280e-03
7.1264000000e+01 1.3066897560e-03
8.9717000000e+01 1.2096795570e-03
1.1294000000e+02 1.1016233002e-03
1.4219000000e+02 9.8345272385e-04
1.7901000000e+02 8.6383576561e-04
2.2536000000e+02 7.4547758977e-04
2.8371000000e+02 6.4253962432e-04
3.5717000000e+02 5.4199141633e-04
4.4965000000e+02 4.4464923435e-04
5.6608000000e+02 3.5478349024e-04
7.1264000000e+02 2.7500692319e-04
8.9717000000e+02 2.0661774919e-04
1.1294000000e+03 1.5100760282e-04
1.4219000000e+03 1.0812424940e-04
1.7901000000e+03 7.6136066961e-05
2.2536000000e+03 5.2763982482e-05
2.8371000000e+03 3.5999230734e-05
3.5717000000e+03 2.4152085100e-05
4.4965000000e+03 1.5861384403e-05
5.6607000000e+03 1.0137958935e-05
7.1265000000e+03 6.2786525442e-06
8.9717000000e+03 3.7741041399e-06
1.1295000000e+04 2.3695813402e-06
1.4219000000e+04 1.6949139793e-06
1.7901000000e+04 1.3040458429e-06
2.2536000000e+04 1.0921797898e-06
2.8371000000e+04 9.8326257009e-07
3.5717000000e+04 9.4639640412e-07
4.4965000000e+04 9.8380043485e-07
5.6607000000e+04 9.7807236027e-07
7.1265000000e+04 9.2451769536e-07
8.9716000000e+04 8.3725133465e-07
1.1294000000e+05 7.2543665783e-07
1.4219000000e+05 6.0307847533e-07
1.7901000000e+05 4.8129818750e-07
2.2536000000e+05 3.6635181357e-07
2.8371000000e+05 2.6181562010e-07
3.5717000000e+05 1.7285615715e-07
4.4965000000e+05 1.0637554559e-07
5.6608000000e+05 6.1266972166e-08
7.1265000000e+05 3.3301834063e-08
8.9716000000e+05 1.7243054493e-08
1.1294000000e+06 8.5795646267e-09
1.4219000000e+06 4.1323618586e-09
1.7901000000e+06 1.9408901413e-09
2.2536000000e+06 8.9440822293e-10
2.8371000000e+06 4.0650310476e-10
3.5717000000e+06 1.8298126681e-10
4.4965000000e+06 8.2280452483e-11
5.6608000000e+06 3.7360001037e-11
7.1265000000e+06 1.7110689904e-11
8.9717000000e+06 7.8780832532e-12
1.1294000000e+07 3.7202149849e-12
1.4219000000e+07 1.7891546910e-12
1.7901000000e+07 8.6044575829e-13
2.2536000000e+07 4.1380775994e-13
2.8371000000e+07 1.9900403993e-13
3.5717000000e+07 9.5698770577e-14
4.4965000000e+07 4.6019970711e-14
5.6608000000e+07 2.2129452631e-14
7.1264000000e+07 1.0642085758e-14
8.9716000000e+07 5.1174997418e-15
1.1294000000e+08 2.4612582404e-15
1.4219000000e+08 1.1833625722e-15
1.7901000000e+08 5.6900936691e-16
2.2536000000e+08 2.7362029929e-16
2.8371000000e+08 1.3157775662e-16
3.5717000000e+08 6.3271547358e-17
4.4965000000e+08 3.0425417975e-17
5.6608000000e+08 1.4630297026e-17
7.1264000000e+08 7.0356478991e-18
8.9716000000e+08 3.3832314670e-18
