# particle=eminus
# bin=02
# theta_mid_deg=41.409622
# spectrum_type=normalized_pdf
# energy_unit=keV_total
# pdf_unit=keV^-1
# pdf_integral=1.000000000000e+00
# Energy_keV PDF_per_keV
1.1294000000e+01 1.3647520942e-03
1.4219000000e+01 1.3072178771e-03
1.7901000000e+01 1.2493025036e-03
2.2536000000e+01 1.1907529064e-03
2.8371000000e+01 1.1313285992e-03
3.5717000000e+01 1.0708213017e-03
4.4965000000e+01 1.0090792831e-03
5.6607000000e+01 9.4602863684e-04
7.1264000000e+01 8.8169334869e-04
8.9717000000e+01 8.1623538758e-04
1.1294000000e+02 7.4506470694e-04
1.4219000000e+02 6.6871995883e-04
1.7901000000e+02 5.9149786618e-04
2.2536000000e+02 5.1507605134e-04
2.8371000000e+02 4.4872750363e-04
3.5717000000e+02 3.8360642086e-04
4.4965000000e+02 3.2036142731e-04
5.6608000000e+02 2.6261669049e-04
7.1264000000e+02 2.1154403877e-04
8.9717000000e+02 1.6768566570e-04
1.1294000000e+03 1.3145054189e-04
1.4219000000e+03 1.0173988043e-04
1.7901000000e+03 7.7430299043e-05
2.2536000000e+03 5.7765200656e-05
2.8371000000e+03 4.2257065020e-05
3.5717000000e+03 3.0558356676e-05
4.4965000000e+03 2.1979435455e-05
5.6607000000e+03 1.5703900355e-05
7.1265000000e+03 1.1130968407e-05
8.9717000000e+03 7.8565285615e-06
1.1295000000e+04 5.6479743182e-06
1.4219000000e+04 4.2164124435e-06
1.7901000000e+04 3.2317314244e-06
2.2536000000e+04 2.5624186056e-06
2.8371000000e+04 2.1034529167e-06
3.5717000000e+04 1.7890451351e-06
4.4965000000e+04 1.5870710297e-06
5.6607000000e+04 1.4081391723e-06
7.1265000000e+04 1.2362745611e-06
8.9716000000e+04 1.0707331929e-06
1.1294000000e+05 9.0970319069e-07
1.4219000000e+05 7.5548859176e-07
1.7901000000e+05 6.1016506147e-07
2.2536000000e+05 4.7427389740e-07
2.8371000000e+05 3.4858025313e-07
3.5717000000e+05 2.3823020758e-07
4.4965000000e+05 1.5248107916e-07
5.6608000000e+05 9.1580114318e-08
7.1265000000e+05 5.1977455707e-08
8.9716000000e+05 2.8141549065e-08
1.1294000000e+06 1.4677233561e-08
1.4219000000e+06 7.4365722781e-09
1.7901000000e+06 3.6895518327e-09
2.2536000000e+06 1.8034210208e-09
2.8371000000e+06 8.7253719224e-10
3.5717000000e+06 4.1932088078e-10
4.4965000000e+06 2.0087652558e-10
5.6608000000e+06 9.6215086285e-11
7.1265000000e+06 4.6092430222e-11
8.9717000000e+06 2.2079196858e-11
1.1294000000e+07 1.0603001356e-11
1.4219000000e+07 5.0992777815e-12
1.7901000000e+07 2.4523603015e-12
2.2536000000e+07 1.1793953461e-12
2.8371000000e+07 5.6718230367e-13
3.5717000000e+07 2.7275149376e-13
4.4965000000e+07 1.3116172421e-13
5.6608000000e+07 6.3071251853e-14
7.1264000000e+07 3.0331056184e-14
8.9716000000e+07 1.4585408887e-14
1.1294000000e+08 7.0148431119e-15
1.4219000000e+08 3.3727069562e-15
1.7901000000e+08 1.6217361399e-15
2.2536000000e+08 7.7984643798e-16
2.8371000000e+08 3.7501035223e-16
3.5717000000e+08 1.8033051992e-16
4.4965000000e+08 8.6715619761e-17
5.6608000000e+08 4.1697874946e-17
7.1264000000e+08 2.0052331524e-17
8.9716000000e+08 9.6425631257e-18
