# particle=eminus
# bin=01
# theta_mid_deg=31.788331
# spectrum_type=normalized_pdf
# energy_unit=keV_total
# pdf_unit=keV^-1
# pdf_integral=1.000000000000e+00
# Energy_keV PDF_per_keV
1.1294000000e+01 1.6366580219e-03
1.4219000000e+01 1.5676609943e-03
1.7901000000e+01 1.4982068707e-03
2.2536000000e+01 1.4279921641e-03
2.8371000000e+01 1.3567284749e-03
3.5717000000e+01 1.2841660262e-03
4.4965000000e+01 1.2101228571e-03
5.6607000000e+01 1.1345103364e-03
7.1264000000e+01 1.0573572286e-03
8.9717000000e+01 9.7885777246e-04
1.1294000000e+02 8.9246734837e-04
1.4219000000e+02 7.9888414516e-04
1.7901000000e+02 7.0418731355e-04
2.2536000000e+02 6.1047818658e-04
2.8371000000e+02 5.2904665768e-04
3.5717000000e+02 4.4931979327e-04
4.4965000000e+02 3.7201854590e-04
5.6608000000e+02 3.0105385277e-04
7.1264000000e+02 2.3819404306e-04
8.9717000000e+02 1.8429837426e-04
1.1294000000e+03 1.4016943348e-04
1.4219000000e+03 1.0504284252e-04
1.7901000000e+03 7.7463146122e-05
2.2536000000e+03 5.6098200078e-05
2.8371000000e+03 3.9908567359e-05
3.5717000000e+03 2.8037086992e-05
4.4965000000e+03 1.9510729263e-05
5.6607000000e+03 1.3424917919e-05
7.1265000000e+03 9.1258302751e-06
8.9717000000e+03 6.1591248014e-06
1.1295000000e+04 4.2786174150e-06
1.4219000000e+04 3.1590217676e-06
1.7901000000e+04 2.4205543759e-06
2.2536000000e+04 1.9417752708e-06
2.8371000000e+04 1.6291384010e-06
3.5717000000e+04 1.4310672883e-06
4.4965000000e+04 1.3295713874e-06
5.6607000000e+04 1.2235953608e-06
7.1265000000e+04 1.1018172543e-06
8.9716000000e+04 9.6964811256e-07
1.1294000000e+05 8.2983302288e-07
1.4219000000e+05 6.8953647317e-07
1.7901000000e+05 5.5459147133e-07
2.2536000000e+05 4.2791721864e-07
2.8371000000e+05 3.1145262318e-07
3.5717000000e+05 2.1034843238e-07
4.4965000000e+05 1.3287020884e-07
5.6608000000e+05 7.8713462353e-08
7.1265000000e+05 4.4063185905e-08
8.9716000000e+05 2.3528892019e-08
1.1294000000e+06 1.2099165742e-08
1.4219000000e+06 6.0408194212e-09
1.7901000000e+06 2.9514696466e-09
2.2536000000e+06 1.4200079947e-09
2.8371000000e+06 6.7608891654e-10
3.5717000000e+06 3.1974982222e-10
4.4965000000e+06 1.5093341554e-10
5.6608000000e+06 7.1437906942e-11
7.1265000000e+06 3.3894352624e-11
8.9717000000e+06 1.6103220965e-11
1.1294000000e+07 7.7068668077e-12
1.4219000000e+07 3.7064462559e-12
1.7901000000e+07 1.7825154948e-12
2.2536000000e+07 8.5725188001e-13
2.8371000000e+07 4.1226048392e-13
3.5717000000e+07 1.9825135953e-13
4.4965000000e+07 9.5335830377e-14
5.6608000000e+07 4.5843787159e-14
7.1264000000e+07 2.2046343511e-14
8.9716000000e+07 1.0601507993e-14
1.1294000000e+08 5.0987885151e-15
1.4219000000e+08 2.4514759944e-15
1.7901000000e+08 1.1787704262e-15
2.2536000000e+08 5.6683691966e-16
2.8371000000e+08 2.7257893676e-16
3.5717000000e+08 1.3107451859e-16
4.4965000000e+08 6.3029863828e-17
5.6608000000e+08 3.0308396422e-17
7.1264000000e+08 1.4575179522e-17
8.9716000000e+08 7.0087654616e-18
