# particle=eminus
# bin=18
# theta_mid_deg=148.211669
# spectrum_type=normalized_pdf
# energy_unit=keV_total
# pdf_unit=keV^-1
# pdf_integral=1.000000000000e+00
# Energy_keV PDF_per_keV
1.1294000000e+01 1.0228399295e-03
1.4219000000e+01 9.7971979453e-04
1.7901000000e+01 9.3631399445e-04
2.2536000000e+01 8.9243286312e-04
2.8371000000e+01 8.4789616346e-04
3.5717000000e+01 8.0254779566e-04
4.4965000000e+01 7.5627404214e-04
5.6607000000e+01 7.0901951231e-04
7.1264000000e+01 6.6080218268e-04
8.9717000000e+01 6.1174344401e-04
1.1294000000e+02 5.6369006138e-04
1.4219000000e+02 5.1690844843e-04
1.7901000000e+02 4.7095535472e-04
2.2536000000e+02 4.2593000641e-04
2.8371000000e+02 3.7708757938e-04
3.5717000000e+02 3.3154795710e-04
4.4965000000e+02 2.8988389994e-04
5.6608000000e+02 2.5012800791e-04
7.1264000000e+02 2.1254892336e-04
8.9717000000e+02 1.7736026978e-04
1.1294000000e+03 1.4541679204e-04
1.4219000000e+03 1.1786522598e-04
1.7901000000e+03 9.4643390200e-05
2.2536000000e+03 7.5151172268e-05
2.8371000000e+03 5.8866640149e-05
3.5717000000e+03 4.5363157619e-05
4.4965000000e+03 3.4482244612e-05
5.6607000000e+03 2.6146368267e-05
7.1265000000e+03 1.9992394386e-05
8.9717000000e+03 1.5459511812e-05
1.1295000000e+04 1.2012164815e-05
1.4219000000e+04 9.2971554321e-06
1.7901000000e+04 7.1206824025e-06
2.2536000000e+04 5.3643989003e-06
2.8371000000e+04 3.9709092610e-06
3.5717000000e+04 2.9009584930e-06
4.4965000000e+04 2.1040930832e-06
5.6607000000e+04 1.5275293906e-06
7.1265000000e+04 1.1075722934e-06
8.9716000000e+04 7.9404047945e-07
1.1294000000e+05 5.5490133778e-07
1.4219000000e+05 3.7093247434e-07
1.7901000000e+05 2.3144089220e-07
2.2536000000e+05 1.3240141567e-07
2.8371000000e+05 7.2156441760e-08
3.5717000000e+05 4.1396388704e-08
4.4965000000e+05 2.2015465699e-08
5.6608000000e+05 1.0853764211e-08
7.1265000000e+05 5.0019368398e-09
8.9716000000e+05 2.1863999725e-09
1.1294000000e+06 9.2265268919e-10
1.4219000000e+06 3.8235080116e-10
1.7901000000e+06 1.5806835731e-10
2.2536000000e+06 6.5951215437e-11
2.8371000000e+06 2.7978211736e-11
3.5717000000e+06 1.2110507866e-11
4.4965000000e+06 5.3452596218e-12
5.6608000000e+06 2.3979889207e-12
7.1265000000e+06 1.0913373357e-12
8.9717000000e+06 5.0279185441e-13
1.1294000000e+07 2.3786841313e-13
1.4219000000e+07 1.1439752512e-13
1.7901000000e+07 5.5016408444e-14
2.2536000000e+07 2.6458630912e-14
2.8371000000e+07 1.2724204213e-14
3.5717000000e+07 6.1189245213e-15
4.4965000000e+07 2.9424905415e-15
5.6608000000e+07 1.4149445132e-15
7.1264000000e+07 6.8044886165e-16
8.9716000000e+07 3.2720999935e-16
1.1294000000e+08 1.5737144072e-16
1.4219000000e+08 7.5663524380e-17
1.7901000000e+08 3.6382132676e-17
2.2536000000e+08 1.7495125055e-17
2.8371000000e+08 8.4130063172e-18
3.5717000000e+08 4.0455464610e-18
4.4965000000e+08 1.9453837808e-18
5.6608000000e+08 9.3545280350e-19
7.1264000000e+08 4.4985529275e-19
8.9716000000e+08 2.1632188021e-19
