# particle=eminus
# bin=07
# theta_mid_deg=75.522488
# spectrum_type=normalized_pdf
# energy_unit=keV_total
# pdf_unit=keV^-1
# pdf_integral=1.000000000000e+00
# Energy_keV PDF_per_keV
1.1294000000e+01 6.6232435077e-04
1.4219000000e+01 6.3440256693e-04
1.7901000000e+01 6.0629580503e-04
2.2536000000e+01 5.7788124966e-04
2.8371000000e+01 5.4904219103e-04
3.5717000000e+01 5.1967754913e-04
4.4965000000e+01 4.8971368785e-04
5.6607000000e+01 4.5911473987e-04
7.1264000000e+01 4.2789234561e-04
8.9717000000e+01 3.9612510980e-04
1.1294000000e+02 3.6373473639e-04
1.4219000000e+02 3.3090645471e-04
1.7901000000e+02 2.9782995937e-04
2.2536000000e+02 2.6510787901e-04
2.8371000000e+02 2.3688946881e-04
3.5717000000e+02 2.0872799095e-04
4.4965000000e+02 1.8100176455e-04
5.6608000000e+02 1.5610180243e-04
7.1264000000e+02 1.3374364810e-04
8.9717000000e+02 1.1369076732e-04
1.1294000000e+03 9.5765337444e-05
1.4219000000e+03 7.9681688202e-05
1.7901000000e+03 6.5573785690e-05
2.2536000000e+03 5.3321007868e-05
2.8371000000e+03 4.2703042177e-05
3.5717000000e+03 3.3798341500e-05
4.4965000000e+03 2.6598592992e-05
5.6607000000e+03 2.0780153413e-05
7.1265000000e+03 1.6069548199e-05
8.9717000000e+03 1.2318505068e-05
1.1295000000e+04 9.4211818848e-06
1.4219000000e+04 7.2461160275e-06
1.7901000000e+04 5.6345629905e-06
2.2536000000e+04 4.4555954319e-06
2.8371000000e+04 3.5896614362e-06
3.5717000000e+04 2.9417330261e-06
4.4965000000e+04 2.4463404319e-06
5.6607000000e+04 2.0473853974e-06
7.1265000000e+04 1.7178510978e-06
8.9716000000e+04 1.4412620153e-06
1.1294000000e+05 1.2038788319e-06
1.4219000000e+05 9.9512043045e-07
1.7901000000e+05 8.0708679145e-07
2.2536000000e+05 6.3387736379e-07
2.8371000000e+05 4.7293285164e-07
3.5717000000e+05 3.2938858829e-07
4.4965000000e+05 2.1535075035e-07
5.6608000000e+05 1.3220575689e-07
7.1265000000e+05 7.6676976543e-08
8.9716000000e+05 4.2406337027e-08
1.1294000000e+06 2.2590611261e-08
1.4219000000e+06 1.1693546595e-08
1.7901000000e+06 5.9280892632e-09
2.2536000000e+06 2.9605277196e-09
2.8371000000e+06 1.4628058758e-09
3.5717000000e+06 7.1734648230e-10
4.4965000000e+06 3.4988717263e-10
5.6608000000e+06 1.6997267385e-10
7.1265000000e+06 8.2343819972e-11
8.9717000000e+06 3.9815656806e-11
1.1294000000e+07 1.9194093668e-11
1.4219000000e+07 9.2309726360e-12
1.7901000000e+07 4.4393876558e-12
2.2536000000e+07 2.1350015892e-12
2.8371000000e+07 1.0267423249e-12
3.5717000000e+07 4.9374866072e-13
4.4965000000e+07 2.3743564069e-13
5.6608000000e+07 1.1417479590e-13
7.1264000000e+07 5.4906824387e-14
8.9716000000e+07 2.6403250831e-14
1.1294000000e+08 1.2698626666e-14
1.4219000000e+08 6.1054460956e-15
1.7901000000e+08 2.9357494475e-15
2.2536000000e+08 1.4117177839e-15
2.8371000000e+08 6.7886286018e-16
3.5717000000e+08 3.2644350164e-16
4.4965000000e+08 1.5697703624e-16
5.6608000000e+08 7.5483619268e-17
7.1264000000e+08 3.6299752929e-17
8.9716000000e+08 1.7455459414e-17
