# particle=eminus
# bin=19
# theta_mid_deg=161.805128
# spectrum_type=normalized_pdf
# energy_unit=keV_total
# pdf_unit=keV^-1
# pdf_integral=1.000000000000e+00
# Energy_keV PDF_per_keV
1.1294000000e+01 1.1904269898e-03
1.4219000000e+01 1.1402418425e-03
1.7901000000e+01 1.0897242254e-03
2.2536000000e+01 1.0386533965e-03
2.8371000000e+01 9.8681958769e-04
3.5717000000e+01 9.3404112314e-04
4.4965000000e+01 8.8018565316e-04
5.6607000000e+01 8.2518871173e-04
7.1264000000e+01 7.6907122070e-04
8.9717000000e+01 7.1197446009e-04
1.1294000000e+02 6.5602934262e-04
1.4219000000e+02 6.0154061976e-04
1.7901000000e+02 5.4800380500e-04
2.2536000000e+02 4.9552819078e-04
2.8371000000e+02 4.3857717919e-04
3.5717000000e+02 3.8542735779e-04
4.4965000000e+02 3.3672243762e-04
5.6608000000e+02 2.9013575840e-04
7.1264000000e+02 2.4591607888e-04
8.9717000000e+02 2.0423216848e-04
1.1294000000e+03 1.6614668775e-04
1.4219000000e+03 1.3322365320e-04
1.7901000000e+03 1.0554661962e-04
2.2536000000e+03 8.2411480744e-05
2.8371000000e+03 6.3160294550e-05
3.5717000000e+03 4.7314221069e-05
4.4965000000e+03 3.4749861043e-05
5.6607000000e+03 2.5390180658e-05
7.1265000000e+03 1.8753267794e-05
8.9717000000e+03 1.4090477707e-05
1.1295000000e+04 1.0698123496e-05
1.4219000000e+04 8.1115019953e-06
1.7901000000e+04 6.0767287862e-06
2.2536000000e+04 4.4562041955e-06
2.8371000000e+04 3.1927337544e-06
3.5717000000e+04 2.2519482356e-06
4.4965000000e+04 1.5829241532e-06
5.6607000000e+04 1.1233125776e-06
7.1265000000e+04 8.0214095687e-07
8.9716000000e+04 5.6685933399e-07
1.1294000000e+05 3.8721416715e-07
1.4219000000e+05 2.4791424183e-07
1.7901000000e+05 1.4218883089e-07
2.2536000000e+05 6.9737314684e-08
2.8371000000e+05 3.1619360209e-08
3.5717000000e+05 1.8459205493e-08
4.4965000000e+05 1.0039550106e-08
5.6608000000e+05 5.0926413156e-09
7.1265000000e+05 2.4318196487e-09
8.9716000000e+05 1.1097096934e-09
1.1294000000e+06 4.9235217089e-10
1.4219000000e+06 2.1570410666e-10
1.7901000000e+06 9.4542159230e-11
2.2536000000e+06 4.1799735339e-11
2.8371000000e+06 1.8721118968e-11
3.5717000000e+06 8.5031390369e-12
4.4965000000e+06 3.9103474155e-12
5.6608000000e+06 1.8154581002e-12
7.1265000000e+06 8.4970673058e-13
8.9717000000e+06 4.0038481507e-13
1.1294000000e+07 1.9113223188e-13
1.4219000000e+07 9.1920797763e-14
1.7901000000e+07 4.4206831826e-14
2.2536000000e+07 2.1260061864e-14
2.8371000000e+07 1.0224163512e-14
3.5717000000e+07 4.9166834935e-15
4.4965000000e+07 2.3643525304e-15
5.6608000000e+07 1.1369374320e-15
7.1264000000e+07 5.4675485448e-16
8.9716000000e+07 2.6292006007e-16
1.1294000000e+08 1.2645123538e-16
1.4219000000e+08 6.0797220179e-17
1.7901000000e+08 2.9233802535e-17
2.2536000000e+08 1.4057697930e-17
2.8371000000e+08 6.7600260710e-18
3.5717000000e+08 3.2506809714e-18
4.4965000000e+08 1.5631564485e-18
5.6608000000e+08 7.5165584113e-19
7.1264000000e+08 3.6146811169e-19
8.9716000000e+08 1.7381914321e-19
