# particle=eminus
# bin=11
# theta_mid_deg=98.626927
# spectrum_type=normalized_pdf
# energy_unit=keV_total
# pdf_unit=keV^-1
# pdf_integral=1.000000000000e+00
# Energy_keV PDF_per_keV
1.1294000000e+01 4.3064609478e-04
1.4219000000e+01 4.1249123280e-04
1.7901000000e+01 3.9421609731e-04
2.2536000000e+01 3.7574083320e-04
2.8371000000e+01 3.5698955528e-04
3.5717000000e+01 3.3789654089e-04
4.4965000000e+01 3.1841391153e-04
5.6607000000e+01 2.9851834611e-04
7.1264000000e+01 2.7821741328e-04
8.9717000000e+01 2.5756222217e-04
1.1294000000e+02 2.3742952011e-04
1.4219000000e+02 2.1795933064e-04
1.7901000000e+02 1.9890245869e-04
2.2536000000e+02 1.8033147793e-04
2.8371000000e+02 1.6032051943e-04
3.5717000000e+02 1.4190670149e-04
4.4965000000e+02 1.2542516349e-04
5.6608000000e+02 1.1018631202e-04
7.1264000000e+02 9.6522173185e-05
8.9717000000e+02 8.4621981940e-05
1.1294000000e+03 7.4037763514e-05
1.4219000000e+03 6.4341279263e-05
1.7901000000e+03 5.5534738566e-05
2.2536000000e+03 4.7822990787e-05
2.8371000000e+03 4.1250639623e-05
3.5717000000e+03 3.5565679076e-05
4.4965000000e+03 3.0487693930e-05
5.6607000000e+03 2.5911417501e-05
7.1265000000e+03 2.1814372928e-05
8.9717000000e+03 1.8194482315e-05
1.1295000000e+04 1.5024388635e-05
1.4219000000e+04 1.2291146031e-05
1.7901000000e+04 9.9888878616e-06
2.2536000000e+04 8.0639171372e-06
2.8371000000e+04 6.4605950978e-06
3.5717000000e+04 5.1242664830e-06
4.4965000000e+04 4.0065608987e-06
5.6607000000e+04 3.0926009180e-06
7.1265000000e+04 2.3547884000e-06
8.9716000000e+04 1.7652990549e-06
1.1294000000e+05 1.2991252521e-06
1.4219000000e+05 9.3260688649e-07
1.7901000000e+05 6.4689959263e-07
2.2536000000e+05 4.2781520635e-07
2.8371000000e+05 2.6581484835e-07
3.5717000000e+05 1.5353997933e-07
4.4965000000e+05 8.1892185251e-08
5.6608000000e+05 4.0291822207e-08
7.1265000000e+05 1.8417529859e-08
8.9716000000e+05 7.9260553974e-09
1.1294000000e+06 3.2652251561e-09
1.4219000000e+06 1.3091010814e-09
1.7901000000e+06 5.1914796422e-10
2.2536000000e+06 2.0636468477e-10
2.8371000000e+06 8.3070964527e-11
3.5717000000e+06 3.4098650569e-11
4.4965000000e+06 1.4303561153e-11
5.6608000000e+06 6.1216315822e-12
7.1265000000e+06 2.6713304313e-12
8.9717000000e+06 1.1867766965e-12
1.1294000000e+07 5.5296869372e-13
1.4219000000e+07 2.6593799991e-13
1.7901000000e+07 1.2789571810e-13
2.2536000000e+07 6.1507933653e-14
2.8371000000e+07 2.9579743228e-14
3.5717000000e+07 1.4224560777e-14
4.4965000000e+07 6.8403582031e-15
5.6608000000e+07 3.2892976787e-15
7.1264000000e+07 1.5818280083e-15
8.9716000000e+07 7.6065957447e-16
1.1294000000e+08 3.6583873772e-16
1.4219000000e+08 1.7589372077e-16
1.7901000000e+08 8.4576931068e-17
2.2536000000e+08 4.0670622555e-17
2.8371000000e+08 1.9557574090e-17
3.5717000000e+08 9.4046137211e-18
4.4965000000e+08 4.5224009102e-18
5.6608000000e+08 2.1746313770e-18
7.1264000000e+08 1.0457710224e-18
8.9716000000e+08 5.0287983153e-19
