# particle=eminus
# bin=10
# theta_mid_deg=92.865984
# spectrum_type=normalized_pdf
# energy_unit=keV_total
# pdf_unit=keV^-1
# pdf_integral=1.000000000000e+00
# Energy_keV PDF_per_keV
1.1294000000e+01 3.6745001415e-04
1.4219000000e+01 3.5195932615e-04
1.7901000000e+01 3.3636601444e-04
2.2536000000e+01 3.2060194241e-04
2.8371000000e+01 3.0460236080e-04
3.5717000000e+01 2.8831119157e-04
4.4965000000e+01 2.7168758225e-04
5.6607000000e+01 2.5471163406e-04
7.1264000000e+01 2.3738980496e-04
8.9717000000e+01 2.1976570397e-04
1.1294000000e+02 2.0263724291e-04
1.4219000000e+02 1.8613729845e-04
1.7901000000e+02 1.7002078957e-04
2.2536000000e+02 1.5436313150e-04
2.8371000000e+02 1.3755299741e-04
3.5717000000e+02 1.2219145633e-04
4.4965000000e+02 1.0859090216e-04
5.6608000000e+02 9.6193236389e-05
7.1264000000e+02 8.5316053897e-05
8.9717000000e+02 7.5986594264e-05
1.1294000000e+03 6.7298048243e-05
1.4219000000e+03 5.8796899563e-05
1.7901000000e+03 5.0881209641e-05
2.2536000000e+03 4.3980517899e-05
2.8371000000e+03 3.8168234634e-05
3.5717000000e+03 3.3173656583e-05
4.4965000000e+03 2.8689803502e-05
5.6607000000e+03 2.4592948968e-05
7.1265000000e+03 2.0866789936e-05
8.9717000000e+03 1.7531591782e-05
1.1295000000e+04 1.4584416319e-05
1.4219000000e+04 1.2029681324e-05
1.7901000000e+04 9.8725886605e-06
2.2536000000e+04 8.0654352601e-06
2.8371000000e+04 6.5539291855e-06
3.5717000000e+04 5.2821920946e-06
4.4965000000e+04 4.2009050203e-06
5.6607000000e+04 3.2983865880e-06
7.1265000000e+04 2.5527591739e-06
8.9716000000e+04 1.9430788225e-06
1.1294000000e+05 1.4507519888e-06
1.4219000000e+05 1.0564793327e-06
1.7901000000e+05 7.4389616386e-07
2.2536000000e+05 4.9973699891e-07
2.8371000000e+05 3.1491530802e-07
3.5717000000e+05 1.8356501887e-07
4.4965000000e+05 9.8756347465e-08
5.6608000000e+05 4.8984917840e-08
7.1265000000e+05 2.2558882869e-08
8.9716000000e+05 9.7733244087e-09
1.1294000000e+06 4.0494460708e-09
1.4219000000e+06 1.6311777293e-09
1.7901000000e+06 6.4920324165e-10
2.2536000000e+06 2.5870426946e-10
2.8371000000e+06 1.0429279363e-10
3.5717000000e+06 4.2836441535e-11
4.4965000000e+06 1.7968418152e-11
5.6608000000e+06 7.6862690663e-12
7.1265000000e+06 3.3514691856e-12
8.9717000000e+06 1.4875737129e-12
1.1294000000e+07 6.9280936927e-13
1.4219000000e+07 3.3319126395e-13
1.7901000000e+07 1.6023936399e-13
2.2536000000e+07 7.7062722001e-14
2.8371000000e+07 3.7060187099e-14
3.5717000000e+07 1.7821820823e-14
4.4965000000e+07 8.5702216167e-15
5.6608000000e+07 4.1211306825e-15
7.1264000000e+07 1.9818577022e-15
8.9716000000e+07 9.5302335558e-16
1.1294000000e+08 4.5835597569e-16
1.4219000000e+08 2.2037561824e-16
1.7901000000e+08 1.0596565580e-16
2.2536000000e+08 5.0955847375e-17
2.8371000000e+08 2.4503503949e-17
3.5717000000e+08 1.1782953672e-17
4.4965000000e+08 5.6660743326e-18
5.6608000000e+08 2.7245755679e-18
7.1264000000e+08 1.3102368555e-18
8.9716000000e+08 6.3005349644e-19
