# particle=eminus
# bin=06
# theta_mid_deg=69.512685
# spectrum_type=normalized_pdf
# energy_unit=keV_total
# pdf_unit=keV^-1
# pdf_integral=1.000000000000e+00
# Energy_keV PDF_per_keV
1.1294000000e+01 7.6069688434e-04
1.4219000000e+01 7.2862798343e-04
1.7901000000e+01 6.9634663038e-04
2.2536000000e+01 6.6371176844e-04
2.8371000000e+01 6.3058935340e-04
3.5717000000e+01 5.9686329217e-04
4.4965000000e+01 5.6244901177e-04
5.6607000000e+01 5.2730531766e-04
7.1264000000e+01 4.9144557913e-04
8.9717000000e+01 4.5496007581e-04
1.1294000000e+02 4.1723933741e-04
1.4219000000e+02 3.7850740405e-04
1.7901000000e+02 3.3943629745e-04
2.2536000000e+02 3.0077565469e-04
2.8371000000e+02 2.6737412161e-04
3.5717000000e+02 2.3418217464e-04
4.4965000000e+02 2.0163464534e-04
5.6608000000e+02 1.7239987360e-04
7.1264000000e+02 1.4636358298e-04
8.9717000000e+02 1.2336976806e-04
1.1294000000e+03 1.0322070715e-04
1.4219000000e+03 8.5261127494e-05
1.7901000000e+03 6.9430838020e-05
2.2536000000e+03 5.5642763538e-05
2.8371000000e+03 4.3793752172e-05
3.5717000000e+03 3.4057225822e-05
4.4965000000e+03 2.6362657546e-05
5.6607000000e+03 2.0280799828e-05
7.1265000000e+03 1.5462236648e-05
8.9717000000e+03 1.1701964843e-05
1.1295000000e+04 8.8597185363e-06
1.4219000000e+04 6.7695234141e-06
1.7901000000e+04 5.2396056728e-06
2.2536000000e+04 4.1329542732e-06
2.8371000000e+04 3.3284416800e-06
3.5717000000e+04 2.7332053738e-06
4.4965000000e+04 2.2855258904e-06
5.6607000000e+04 1.9238100382e-06
7.1265000000e+04 1.6222636165e-06
8.9716000000e+04 1.3665000108e-06
1.1294000000e+05 1.1444280983e-06
1.4219000000e+05 9.4729967836e-07
1.7901000000e+05 7.6864050822e-07
2.2536000000e+05 6.0350242478e-07
2.8371000000e+05 4.4985486246e-07
3.5717000000e+05 3.1284899082e-07
4.4965000000e+05 2.0415599055e-07
5.6608000000e+05 1.2507778572e-07
7.1265000000e+05 7.2392364229e-08
8.9716000000e+05 3.9953883442e-08
1.1294000000e+06 2.1240069423e-08
1.4219000000e+06 1.0971583782e-08
1.7901000000e+06 5.5505410799e-09
2.2536000000e+06 2.7663322854e-09
2.8371000000e+06 1.3641766764e-09
3.5717000000e+06 6.6774322961e-10
4.4965000000e+06 3.2516582736e-10
5.6608000000e+06 1.5776426778e-10
7.1265000000e+06 7.6353554414e-11
8.9717000000e+06 3.6888774184e-11
1.1294000000e+07 1.7777141778e-11
1.4219000000e+07 8.5495211255e-12
1.7901000000e+07 4.1116619066e-12
2.2536000000e+07 1.9773908893e-12
2.8371000000e+07 9.5094585841e-13
3.5717000000e+07 4.5729900543e-13
4.4965000000e+07 2.1990759870e-13
5.6608000000e+07 1.0574615136e-13
7.1264000000e+07 5.0853477043e-14
8.9716000000e+07 2.4454102472e-14
1.1294000000e+08 1.1761185004e-14
1.4219000000e+08 5.6547281022e-15
1.7901000000e+08 2.7190257095e-15
2.2536000000e+08 1.3075015486e-15
2.8371000000e+08 6.2874765134e-16
3.5717000000e+08 3.0234469580e-16
4.4965000000e+08 1.4538863243e-16
5.6608000000e+08 6.9911245869e-17
7.1264000000e+08 3.3620022153e-17
8.9716000000e+08 1.6166857480e-17
