# particle=eminus
# bin=14
# theta_mid_deg=116.743684
# spectrum_type=normalized_pdf
# energy_unit=keV_total
# pdf_unit=keV^-1
# pdf_integral=1.000000000000e+00
# Energy_keV PDF_per_keV
1.1294000000e+01 6.1721888933e-04
1.4219000000e+01 5.9119862842e-04
1.7901000000e+01 5.6500598679e-04
2.2536000000e+01 5.3852651297e-04
2.8371000000e+01 5.1165144532e-04
3.5717000000e+01 4.8428658754e-04
4.4965000000e+01 4.5636331828e-04
5.6607000000e+01 4.2784821287e-04
7.1264000000e+01 3.9875211896e-04
8.9717000000e+01 3.6914828818e-04
1.1294000000e+02 3.4020473980e-04
1.4219000000e+02 3.1209752729e-04
1.7901000000e+02 2.8452577387e-04
2.2536000000e+02 2.5756680478e-04
2.8371000000e+02 2.2839796948e-04
3.5717000000e+02 2.0134126385e-04
4.4965000000e+02 1.7680220609e-04
5.6608000000e+02 1.5368686530e-04
7.1264000000e+02 1.3231298802e-04
8.9717000000e+02 1.1295967397e-04
1.1294000000e+03 9.5817226449e-05
1.4219000000e+03 8.0958326841e-05
1.7901000000e+03 6.8118081761e-05
2.2536000000e+03 5.7092793369e-05
2.8371000000e+03 4.7731723391e-05
3.5717000000e+03 3.9739661616e-05
4.4965000000e+03 3.2877966634e-05
5.6607000000e+03 2.7061165396e-05
7.1265000000e+03 2.2187667896e-05
8.9717000000e+03 1.8115868451e-05
1.1295000000e+04 1.4687951237e-05
1.4219000000e+04 1.1802421403e-05
1.7901000000e+04 9.4027908568e-06
2.2536000000e+04 7.4161507686e-06
2.8371000000e+04 5.7854545575e-06
3.5717000000e+04 4.4604006624e-06
4.4965000000e+04 3.3922234162e-06
5.6607000000e+04 2.5532624929e-06
7.1265000000e+04 1.9013241950e-06
8.9716000000e+04 1.3966835635e-06
1.1294000000e+05 1.0071731236e-06
1.4219000000e+05 7.0684449538e-07
1.7901000000e+05 4.7710880497e-07
2.2536000000e+05 3.0571575850e-07
2.8371000000e+05 1.8485754023e-07
3.5717000000e+05 1.0581708507e-07
4.4965000000e+05 5.5982685546e-08
5.6608000000e+05 2.7351350551e-08
7.1265000000e+05 1.2431482898e-08
8.9716000000e+05 5.3281972573e-09
1.1294000000e+06 2.1902463853e-09
1.4219000000e+06 8.7807830408e-10
1.7901000000e+06 3.4897683045e-10
2.2536000000e+06 1.3931572549e-10
2.8371000000e+06 5.6419148851e-11
3.5717000000e+06 2.3325273393e-11
4.4965000000e+06 9.8602678726e-12
5.6608000000e+06 4.2532048389e-12
7.1265000000e+06 1.8699903949e-12
8.9717000000e+06 8.3650249065e-13
1.1294000000e+07 3.9092761908e-13
1.4219000000e+07 1.8800794749e-13
1.7901000000e+07 9.0417358408e-14
2.2536000000e+07 4.3483745700e-14
2.8371000000e+07 2.0911741884e-14
3.5717000000e+07 1.0056217902e-14
4.4965000000e+07 4.8358704144e-15
5.6608000000e+07 2.3254070702e-15
7.1264000000e+07 1.1182916214e-15
8.9716000000e+07 5.3775709142e-16
1.1294000000e+08 2.5863393051e-16
1.4219000000e+08 1.2435010201e-16
1.7901000000e+08 5.9792640465e-17
2.2536000000e+08 2.8752567411e-17
2.8371000000e+08 1.3826453398e-17
3.5717000000e+08 6.6487005362e-18
4.4965000000e+08 3.1971636739e-18
5.6608000000e+08 1.5373808251e-18
7.1264000000e+08 7.3931992993e-19
8.9716000000e+08 3.5551671814e-19
