# particle=eminus
# bin=12
# theta_mid_deg=104.477512
# spectrum_type=normalized_pdf
# energy_unit=keV_total
# pdf_unit=keV^-1
# pdf_integral=1.000000000000e+00
# Energy_keV PDF_per_keV
1.1294000000e+01 4.8885755386e-04
1.4219000000e+01 4.6824865592e-04
1.7901000000e+01 4.4750322681e-04
2.2536000000e+01 4.2653061721e-04
2.8371000000e+01 4.0524468436e-04
3.5717000000e+01 3.8357082171e-04
4.4965000000e+01 3.6145467889e-04
5.6607000000e+01 3.3886978248e-04
7.1264000000e+01 3.1582472417e-04
8.9717000000e+01 2.9237752164e-04
1.1294000000e+02 2.6949131037e-04
1.4219000000e+02 2.4731618547e-04
1.7901000000e+02 2.2558981797e-04
2.2536000000e+02 2.0438517774e-04
2.8371000000e+02 1.8149399744e-04
3.5717000000e+02 1.6035410789e-04
4.4965000000e+02 1.4132170748e-04
5.6608000000e+02 1.2358131823e-04
7.1264000000e+02 1.0746355352e-04
8.9717000000e+02 9.3213611638e-05
1.1294000000e+03 8.0647662278e-05
1.4219000000e+03 6.9478365012e-05
1.7901000000e+03 5.9548461792e-05
2.2536000000e+03 5.0900501465e-05
2.8371000000e+03 4.3520582859e-05
3.5717000000e+03 3.7149561306e-05
4.4965000000e+03 3.1522440128e-05
5.6607000000e+03 2.6543393455e-05
7.1265000000e+03 2.2171949747e-05
8.9717000000e+03 1.8370822680e-05
1.1295000000e+04 1.5078633209e-05
1.4219000000e+04 1.2259043866e-05
1.7901000000e+04 9.8923916914e-06
2.2536000000e+04 7.9192247966e-06
2.8371000000e+04 6.2832508312e-06
3.5717000000e+04 4.9310995484e-06
4.4965000000e+04 3.8144924702e-06
5.6607000000e+04 2.9146240042e-06
7.1265000000e+04 2.1987934383e-06
8.9716000000e+04 1.6343886087e-06
1.1294000000e+05 1.1929243026e-06
1.4219000000e+05 8.4902089248e-07
1.7901000000e+05 5.8324398156e-07
2.2536000000e+05 3.8162249261e-07
2.8371000000e+05 2.3491553542e-07
3.5717000000e+05 1.3510238427e-07
4.4965000000e+05 7.1768536767e-08
5.6608000000e+05 3.5182095658e-08
7.1265000000e+05 1.6030472496e-08
8.9716000000e+05 6.8804852648e-09
1.1294000000e+06 2.8287816930e-09
1.4219000000e+06 1.1326466562e-09
1.7901000000e+06 4.4892709909e-10
2.2536000000e+06 1.7848523495e-10
2.8371000000e+06 7.1907632599e-11
3.5717000000e+06 2.9554744558e-11
4.4965000000e+06 1.2417352456e-11
5.6608000000e+06 5.3237432789e-12
7.1265000000e+06 2.3272880961e-12
8.9717000000e+06 1.0356785348e-12
1.1294000000e+07 4.8292788416e-13
1.4219000000e+07 2.3225342967e-13
1.7901000000e+07 1.1169603133e-13
2.2536000000e+07 5.3717139136e-14
2.8371000000e+07 2.5833076942e-14
3.5717000000e+07 1.2422831740e-14
4.4965000000e+07 5.9739362309e-15
5.6608000000e+07 2.8726645584e-15
7.1264000000e+07 1.3814685385e-15
8.9716000000e+07 6.6431196384e-16
1.1294000000e+08 3.1950041578e-16
1.4219000000e+08 1.5361445119e-16
1.7901000000e+08 7.3864142462e-17
2.2536000000e+08 3.5519149495e-17
2.8371000000e+08 1.7080348277e-17
3.5717000000e+08 8.2133948221e-18
4.4965000000e+08 3.9495789323e-18
5.6608000000e+08 1.8991855085e-18
7.1264000000e+08 9.1331027037e-19
8.9716000000e+08 4.3918343984e-19
