# particle=eminus
# bin=08
# theta_mid_deg=81.373073
# spectrum_type=normalized_pdf
# energy_unit=keV_total
# pdf_unit=keV^-1
# pdf_integral=1.000000000000e+00
# Energy_keV PDF_per_keV
1.1294000000e+01 5.6872229567e-04
1.4219000000e+01 5.4474651856e-04
1.7901000000e+01 5.2061190516e-04
2.2536000000e+01 4.9621299677e-04
2.8371000000e+01 4.7144957745e-04
3.5717000000e+01 4.4623485216e-04
4.4965000000e+01 4.2050559133e-04
5.6607000000e+01 3.9423099654e-04
7.1264000000e+01 3.6742106313e-04
8.9717000000e+01 3.4014328713e-04
1.1294000000e+02 3.1275450342e-04
1.4219000000e+02 2.8540990687e-04
1.7901000000e+02 2.5790450310e-04
2.2536000000e+02 2.3070340793e-04
2.8371000000e+02 2.0730584673e-04
3.5717000000e+02 1.8382781093e-04
4.4965000000e+02 1.6057748474e-04
5.6608000000e+02 1.3959605503e-04
7.1264000000e+02 1.2048795532e-04
8.9717000000e+02 1.0298640585e-04
1.1294000000e+03 8.7019464000e-05
1.4219000000e+03 7.2745079521e-05
1.7901000000e+03 6.0435114524e-05
2.2536000000e+03 4.9894570170e-05
2.8371000000e+03 4.0758352296e-05
3.5717000000e+03 3.2935248124e-05
4.4965000000e+03 2.6428808293e-05
5.6607000000e+03 2.1023288729e-05
7.1265000000e+03 1.6529545002e-05
8.9717000000e+03 1.2862512762e-05
1.1295000000e+04 9.9586421481e-06
1.4219000000e+04 7.7279211015e-06
1.7901000000e+04 6.0502179928e-06
2.2536000000e+04 4.8058446427e-06
2.8371000000e+04 3.8803369749e-06
3.5717000000e+04 3.1787295811e-06
4.4965000000e+04 2.6331332690e-06
5.6607000000e+04 2.1936401282e-06
7.1265000000e+04 1.8325321248e-06
8.9716000000e+04 1.5315717725e-06
1.1294000000e+05 1.2755616793e-06
1.4219000000e+05 1.0522204014e-06
1.7901000000e+05 8.5231212835e-07
2.2536000000e+05 6.6900662880e-07
2.8371000000e+05 4.9918367164e-07
3.5717000000e+05 3.4792682449e-07
4.4965000000e+05 2.2774754742e-07
5.6608000000e+05 1.4002570292e-07
7.1265000000e+05 8.1344464552e-08
8.9716000000e+05 4.5063494654e-08
1.1294000000e+06 2.4047535820e-08
1.4219000000e+06 1.2469536396e-08
1.7901000000e+06 6.3325999829e-09
2.2536000000e+06 3.1680039685e-09
2.8371000000e+06 1.5679142432e-09
3.5717000000e+06 7.7008881254e-10
4.4965000000e+06 3.7612384204e-10
5.6608000000e+06 1.8291229508e-10
7.1265000000e+06 8.8686847660e-11
8.9717000000e+06 4.2912564373e-11
1.1294000000e+07 2.0692909500e-11
1.4219000000e+07 9.9517947895e-12
1.7901000000e+07 4.7860476554e-12
2.2536000000e+07 2.3017181968e-12
2.8371000000e+07 1.1069179080e-12
3.5717000000e+07 5.3230418319e-13
4.4965000000e+07 2.5597635970e-13
5.6608000000e+07 1.2309040269e-13
7.1264000000e+07 5.9194352577e-14
8.9716000000e+07 2.8465010612e-14
1.1294000000e+08 1.3690228719e-14
1.4219000000e+08 6.5822041770e-15
1.7901000000e+08 3.1649943302e-15
2.2536000000e+08 1.5219550788e-15
2.8371000000e+08 7.3187345919e-16
3.5717000000e+08 3.5193460828e-16
4.4965000000e+08 1.6923495638e-16
5.6608000000e+08 8.1377934758e-17
7.1264000000e+08 3.9134304293e-17
8.9716000000e+08 1.8818509911e-17
