# particle=eplus
# bin=15
# theta_mid_deg=123.367013
# spectrum_type=normalized_pdf
# energy_unit=keV_total
# pdf_unit=keV^-1
# pdf_integral=1.000000000000e+00
# Energy_keV PDF_per_keV
1.1294000000e+01 3.0813831689e-06
1.4219000000e+01 3.6545718981e-06
1.7901000000e+01 4.3301027334e-06
2.2536000000e+01 5.1239630851e-06
2.8371000000e+01 6.0534041000e-06
3.5717000000e+01 7.1362492563e-06
4.4965000000e+01 8.3896601840e-06
5.6607000000e+01 9.8283307249e-06
7.1264000000e+01 1.1461945497e-05
8.9717000000e+01 1.3291127122e-05
1.1294000000e+02 1.5347031917e-05
1.4219000000e+02 1.7632054475e-05
1.7901000000e+02 2.0096575896e-05
2.2536000000e+02 2.2674182334e-05
2.8371000000e+02 2.4942137919e-05
3.5717000000e+02 2.7103625992e-05
4.4965000000e+02 2.9107134889e-05
5.6608000000e+02 3.0655358316e-05
7.1264000000e+02 3.1636512509e-05
8.9717000000e+02 3.1997982104e-05
1.1294000000e+03 3.1793347364e-05
1.4219000000e+03 3.1184242379e-05
1.7901000000e+03 3.0231495678e-05
2.2536000000e+03 2.8988238961e-05
2.8371000000e+03 2.7535636797e-05
3.5717000000e+03 2.5889314722e-05
4.4965000000e+03 2.4083721441e-05
5.6607000000e+03 2.2238482369e-05
7.1265000000e+03 2.0434411149e-05
8.9717000000e+03 1.8670905425e-05
1.1295000000e+04 1.6885829742e-05
1.4219000000e+04 1.5047336219e-05
1.7901000000e+04 1.3179404063e-05
2.2536000000e+04 1.1294951724e-05
2.8371000000e+04 9.4375795465e-06
3.5717000000e+04 7.6653109579e-06
4.4965000000e+04 6.0304139883e-06
5.6607000000e+04 4.6038644866e-06
7.1265000000e+04 3.4067465528e-06
8.9716000000e+04 2.4378150243e-06
1.1294000000e+05 1.6839613865e-06
1.4219000000e+05 1.1201606920e-06
1.7901000000e+05 7.1588752965e-07
2.2536000000e+05 4.3982072053e-07
2.8371000000e+05 2.6333085920e-07
3.5717000000e+05 1.5744197879e-07
4.4965000000e+05 9.1594366224e-08
5.6608000000e+05 5.1837444316e-08
7.1265000000e+05 2.8577890466e-08
8.9716000000e+05 1.5409445864e-08
1.1294000000e+06 8.1839676747e-09
1.4219000000e+06 4.3182308664e-09
1.7901000000e+06 2.2864399755e-09
2.2536000000e+06 1.2256473913e-09
2.8371000000e+06 6.6976788846e-10
3.5717000000e+06 3.7471972425e-10
4.4965000000e+06 2.1468766851e-10
5.6608000000e+06 1.2559474742e-10
7.1265000000e+06 7.4898905681e-11
8.9717000000e+06 4.5434938180e-11
1.1294000000e+07 2.8732212846e-11
1.4219000000e+07 1.8671544203e-11
1.7901000000e+07 1.2133601557e-11
2.2536000000e+07 7.8849102958e-12
2.8371000000e+07 5.1238162113e-12
3.5717000000e+07 3.3294761886e-12
4.4965000000e+07 2.1634787239e-12
5.6608000000e+07 1.4057807921e-12
7.1264000000e+07 9.1348043030e-13
8.9716000000e+07 5.9355994163e-13
1.1294000000e+08 3.8571712178e-13
1.4219000000e+08 2.5060553905e-13
1.7901000000e+08 1.6283053479e-13
2.2536000000e+08 1.0580266850e-13
2.8371000000e+08 6.8748010663e-14
3.5717000000e+08 4.4670269342e-14
4.4965000000e+08 2.9025390386e-14
5.6608000000e+08 1.8859521113e-14
7.1264000000e+08 1.2254720062e-14
8.9716000000e+08 7.9627360776e-15
