# particle=eplus
# bin=12
# theta_mid_deg=104.477512
# spectrum_type=normalized_pdf
# energy_unit=keV_total
# pdf_unit=keV^-1
# pdf_integral=1.000000000000e+00
# Energy_keV PDF_per_keV
1.1294000000e+01 1.8840680400e-06
1.4219000000e+01 2.2345361597e-06
1.7901000000e+01 2.6475799089e-06
2.2536000000e+01 3.1329745628e-06
2.8371000000e+01 3.7012680905e-06
3.5717000000e+01 4.3633584049e-06
4.4965000000e+01 5.1297387414e-06
5.6607000000e+01 6.0093934411e-06
7.1264000000e+01 7.0082440264e-06
8.9717000000e+01 8.1266711902e-06
1.1294000000e+02 9.3855107399e-06
1.4219000000e+02 1.0788208155e-05
1.7901000000e+02 1.2305142383e-05
2.2536000000e+02 1.3899046772e-05
2.8371000000e+02 1.5318406515e-05
3.5717000000e+02 1.6696829680e-05
4.4965000000e+02 1.8019880580e-05
5.6608000000e+02 1.9134579120e-05
7.1264000000e+02 2.0022315723e-05
8.9717000000e+02 2.0709284345e-05
1.1294000000e+03 2.1178396072e-05
1.4219000000e+03 2.1396079235e-05
1.7901000000e+03 2.1354144445e-05
2.2536000000e+03 2.1127689788e-05
2.8371000000e+03 2.0804037718e-05
3.5717000000e+03 2.0364138415e-05
4.4965000000e+03 1.9739935252e-05
5.6607000000e+03 1.8920727012e-05
7.1265000000e+03 1.7923990941e-05
8.9717000000e+03 1.6771649659e-05
1.1295000000e+04 1.5467076584e-05
1.4219000000e+04 1.4036980393e-05
1.7901000000e+04 1.2539698162e-05
2.2536000000e+04 1.0995395751e-05
2.8371000000e+04 9.4286231557e-06
3.5717000000e+04 7.8679845307e-06
4.4965000000e+04 6.3492771271e-06
5.6607000000e+04 4.9550417184e-06
7.1265000000e+04 3.7354050843e-06
8.9716000000e+04 2.7185126003e-06
1.1294000000e+05 1.9114966945e-06
1.4219000000e+05 1.2990696824e-06
1.7901000000e+05 8.5380060015e-07
2.2536000000e+05 5.4281189423e-07
2.8371000000e+05 3.3462686713e-07
3.5717000000e+05 2.0125139513e-07
4.4965000000e+05 1.1766115472e-07
5.6608000000e+05 6.6842400229e-08
7.1265000000e+05 3.6936900709e-08
8.9716000000e+05 1.9928685521e-08
1.1294000000e+06 1.0568679758e-08
1.4219000000e+06 5.5555622698e-09
1.7901000000e+06 2.9236036949e-09
2.2536000000e+06 1.5542335035e-09
2.8371000000e+06 8.4088615135e-10
3.5717000000e+06 4.6534011513e-10
4.4965000000e+06 2.6364637912e-10
5.6608000000e+06 1.5256517811e-10
7.1265000000e+06 9.0064430712e-11
8.9717000000e+06 5.4140305611e-11
1.1294000000e+07 3.4104225172e-11
1.4219000000e+07 2.2162530648e-11
1.7901000000e+07 1.4402200132e-11
2.2536000000e+07 9.3591383870e-12
2.8371000000e+07 6.0818072992e-12
3.5717000000e+07 3.9519826144e-12
4.4965000000e+07 2.5679806130e-12
5.6608000000e+07 1.6686172045e-12
7.1264000000e+07 1.0842722923e-12
8.9716000000e+07 7.0453682112e-13
1.1294000000e+08 4.5783398739e-13
1.4219000000e+08 2.9746082486e-13
1.7901000000e+08 1.9327467930e-13
2.2536000000e+08 1.2558441112e-13
2.8371000000e+08 8.1601707753e-14
3.5717000000e+08 5.3022192628e-14
4.4965000000e+08 3.4452217611e-14
5.6608000000e+08 2.2385653278e-14
7.1264000000e+08 1.4545963955e-14
8.9716000000e+08 9.4515151211e-15
