# particle=eplus
# bin=17
# theta_mid_deg=138.590378
# spectrum_type=normalized_pdf
# energy_unit=keV_total
# pdf_unit=keV^-1
# pdf_integral=1.000000000000e+00
# Energy_keV PDF_per_keV
1.1294000000e+01 4.5854786453e-06
1.4219000000e+01 5.4384542518e-06
1.7901000000e+01 6.4437275494e-06
2.2536000000e+01 7.6250897788e-06
2.8371000000e+01 9.0082127766e-06
3.5717000000e+01 1.0619620079e-05
4.4965000000e+01 1.2484850311e-05
5.6607000000e+01 1.4625769723e-05
7.1264000000e+01 1.7056790223e-05
8.9717000000e+01 1.9778838349e-05
1.1294000000e+02 2.2836519887e-05
1.4219000000e+02 2.6231437170e-05
1.7901000000e+02 2.9889015378e-05
2.2536000000e+02 3.3707052808e-05
2.8371000000e+02 3.7049394867e-05
3.5717000000e+02 4.0208536459e-05
4.4965000000e+02 4.3089323773e-05
5.6608000000e+02 4.5216688271e-05
7.1264000000e+02 4.6364710342e-05
8.9717000000e+02 4.6367161101e-05
1.1294000000e+03 4.5297343143e-05
1.4219000000e+03 4.3515341442e-05
1.7901000000e+03 4.1210580057e-05
2.2536000000e+03 3.8464513656e-05
2.8371000000e+03 3.5374702540e-05
3.5717000000e+03 3.2016581060e-05
4.4965000000e+03 2.8578387013e-05
5.6607000000e+03 2.5366305156e-05
7.1265000000e+03 2.2547055789e-05
8.9717000000e+03 2.0079967732e-05
1.1295000000e+04 1.7801761158e-05
1.4219000000e+04 1.5588243867e-05
1.7901000000e+04 1.3405203515e-05
2.2536000000e+04 1.1247452291e-05
2.8371000000e+04 9.1744071193e-06
3.5717000000e+04 7.2710237445e-06
4.4965000000e+04 5.5983638143e-06
5.6607000000e+04 4.2041387347e-06
7.1265000000e+04 3.0729894051e-06
8.9716000000e+04 2.1745483169e-06
1.1294000000e+05 1.4810981808e-06
1.4219000000e+05 9.6449256779e-07
1.7901000000e+05 5.9617830837e-07
2.2536000000e+05 3.4967878861e-07
2.8371000000e+05 2.0096479931e-07
3.5717000000e+05 1.2017093832e-07
4.4965000000e+05 7.0004589024e-08
5.6608000000e+05 3.9732297054e-08
7.1265000000e+05 2.2009662082e-08
8.9716000000e+05 1.1953182767e-08
1.1294000000e+06 6.4116312573e-09
1.4219000000e+06 3.4269176073e-09
1.7901000000e+06 1.8432370151e-09
2.2536000000e+06 1.0060158136e-09
2.8371000000e+06 5.6048261283e-10
3.5717000000e+06 3.1974754199e-10
4.4965000000e+06 1.8663661804e-10
5.6608000000e+06 1.1107757758e-10
7.1265000000e+06 6.7262430990e-11
8.9717000000e+06 4.1344365082e-11
1.1294000000e+07 2.6290026797e-11
1.4219000000e+07 1.7084496765e-11
1.7901000000e+07 1.1102267402e-11
2.2536000000e+07 7.2147072026e-12
2.8371000000e+07 4.6883011141e-12
3.5717000000e+07 3.0464767433e-12
4.4965000000e+07 1.9795869511e-12
5.6608000000e+07 1.2862919711e-12
7.1264000000e+07 8.3583624831e-13
8.9716000000e+07 5.4310842171e-13
1.1294000000e+08 3.5293186508e-13
1.4219000000e+08 2.2930452216e-13
1.7901000000e+08 1.4899023427e-13
2.2536000000e+08 9.6809633322e-14
2.8371000000e+08 6.2904554280e-14
3.5717000000e+08 4.0873377360e-14
4.4965000000e+08 2.6558284777e-14
5.6608000000e+08 1.7256495979e-14
7.1264000000e+08 1.1213091054e-14
8.9716000000e+08 7.2859179339e-15
