# particle=eplus
# bin=19
# theta_mid_deg=161.805128
# spectrum_type=normalized_pdf
# energy_unit=keV_total
# pdf_unit=keV^-1
# pdf_integral=1.000000000000e+00
# Energy_keV PDF_per_keV
1.1294000000e+01 8.0204552738e-06
1.4219000000e+01 9.5123938980e-06
1.7901000000e+01 1.1270716234e-05
2.2536000000e+01 1.3337035512e-05
2.8371000000e+01 1.5756254311e-05
3.5717000000e+01 1.8574764917e-05
4.4965000000e+01 2.1837236909e-05
5.6607000000e+01 2.5581916520e-05
7.1264000000e+01 2.9834011601e-05
8.9717000000e+01 3.4595142757e-05
1.1294000000e+02 3.9940952164e-05
1.4219000000e+02 4.5871584430e-05
1.7901000000e+02 5.2255586651e-05
2.2536000000e+02 5.8909588668e-05
2.8371000000e+02 6.4711185872e-05
3.5717000000e+02 7.0158205013e-05
4.4965000000e+02 7.5058018233e-05
5.6608000000e+02 7.8532487248e-05
7.1264000000e+02 8.0098067402e-05
8.9717000000e+02 7.9321680881e-05
1.1294000000e+03 7.6273728227e-05
1.4219000000e+03 7.1721266563e-05
1.7901000000e+03 6.6166469355e-05
2.2536000000e+03 5.9799791864e-05
2.8371000000e+03 5.2781178185e-05
3.5717000000e+03 4.5340473336e-05
4.4965000000e+03 3.8041792455e-05
5.6607000000e+03 3.1639467845e-05
7.1265000000e+03 2.6502679815e-05
8.9717000000e+03 2.2488210515e-05
1.1295000000e+04 1.9183854423e-05
1.4219000000e+04 1.6236797631e-05
1.7901000000e+04 1.3465969817e-05
2.2536000000e+04 1.0816214259e-05
2.8371000000e+04 8.3754584567e-06
3.5717000000e+04 6.2814532945e-06
4.4965000000e+04 4.6060604289e-06
5.6607000000e+04 3.3384694311e-06
7.1265000000e+04 2.3822425055e-06
8.9716000000e+04 1.6482888851e-06
1.1294000000e+05 1.0846607079e-06
1.4219000000e+05 6.6312828170e-07
1.7901000000e+05 3.6387622235e-07
2.2536000000e+05 1.7340539942e-07
2.8371000000e+05 7.8737958692e-08
3.5717000000e+05 4.8069642811e-08
4.4965000000e+05 2.8773670781e-08
5.6608000000e+05 1.6914354352e-08
7.1265000000e+05 9.7955200098e-09
8.9716000000e+05 5.6188956759e-09
1.1294000000e+06 3.2157269642e-09
1.4219000000e+06 1.8495837039e-09
1.7901000000e+06 1.0763417868e-09
2.2536000000e+06 6.3631111208e-10
2.8371000000e+06 3.8271546929e-10
3.5717000000e+06 2.3404780234e-10
4.4965000000e+06 1.4514101343e-10
5.6608000000e+06 9.0950805549e-11
7.1265000000e+06 5.7484958573e-11
8.9717000000e+06 3.6589403556e-11
1.1294000000e+07 2.3596187597e-11
1.4219000000e+07 1.5333913266e-11
1.7901000000e+07 9.9646602262e-12
2.2536000000e+07 6.4754435561e-12
2.8371000000e+07 4.2079087045e-12
3.5717000000e+07 2.7343158415e-12
4.4965000000e+07 1.7767461944e-12
5.6608000000e+07 1.1544905180e-12
7.1264000000e+07 7.5019128234e-13
8.9716000000e+07 4.8745816439e-13
1.1294000000e+08 3.1676827725e-13
1.4219000000e+08 2.0580855864e-13
1.7901000000e+08 1.3372377081e-13
2.2536000000e+08 8.6889917865e-14
2.8371000000e+08 5.6458963506e-14
3.5717000000e+08 3.6685237613e-14
4.4965000000e+08 2.3836958201e-14
5.6608000000e+08 1.5488288374e-14
7.1264000000e+08 1.0064128199e-14
8.9716000000e+08 6.5393575942e-15
