# particle=eplus
# bin=05
# theta_mid_deg=63.256316
# spectrum_type=normalized_pdf
# energy_unit=keV_total
# pdf_unit=keV^-1
# pdf_integral=1.000000000000e+00
# Energy_keV PDF_per_keV
1.1294000000e+01 3.4190777528e-06
1.4219000000e+01 4.0550833141e-06
1.7901000000e+01 4.8046468457e-06
2.2536000000e+01 5.6855078482e-06
2.8371000000e+01 6.7168080540e-06
3.5717000000e+01 7.9183242501e-06
4.4965000000e+01 9.3090988416e-06
5.6607000000e+01 1.0905435996e-05
7.1264000000e+01 1.2718081687e-05
8.9717000000e+01 1.4747726771e-05
1.1294000000e+02 1.6926345234e-05
1.4219000000e+02 1.9180301089e-05
1.7901000000e+02 2.1433565585e-05
2.2536000000e+02 2.3574693989e-05
2.8371000000e+02 2.5879682470e-05
3.5717000000e+02 2.7799205701e-05
4.4965000000e+02 2.9100822003e-05
5.6608000000e+02 2.9933101711e-05
7.1264000000e+02 3.0255232940e-05
8.9717000000e+02 3.0074956422e-05
1.1294000000e+03 2.9443323481e-05
1.4219000000e+03 2.8233799870e-05
1.7901000000e+03 2.6450168037e-05
2.2536000000e+03 2.4174488979e-05
2.8371000000e+03 2.1552086156e-05
3.5717000000e+03 1.8906192000e-05
4.4965000000e+03 1.6457983083e-05
5.6607000000e+03 1.4199024055e-05
7.1265000000e+03 1.2107473677e-05
8.9717000000e+03 1.0217599765e-05
1.1295000000e+04 8.6080537300e-06
1.4219000000e+04 7.3010862574e-06
1.7901000000e+04 6.2341863006e-06
2.2536000000e+04 5.3798624717e-06
2.8371000000e+04 4.6875684995e-06
3.5717000000e+04 4.1079923292e-06
4.4965000000e+04 3.6108429987e-06
5.6607000000e+04 3.1273355053e-06
7.1265000000e+04 2.6513985350e-06
8.9716000000e+04 2.1966836075e-06
1.1294000000e+05 1.7770477653e-06
1.4219000000e+05 1.4060953663e-06
1.7901000000e+05 1.0913965549e-06
2.2536000000e+05 8.3178584626e-07
2.8371000000e+05 6.1988201431e-07
3.5717000000e+05 4.4979789400e-07
4.4965000000e+05 3.2220660110e-07
5.6608000000e+05 2.2813818869e-07
7.1265000000e+05 1.5970482720e-07
8.9716000000e+05 1.1050332941e-07
1.1294000000e+06 7.5576922581e-08
1.4219000000e+06 5.1117391255e-08
1.7901000000e+06 3.4245287333e-08
2.2536000000e+06 2.2762363528e-08
2.8371000000e+06 1.5036525284e-08
3.5717000000e+06 9.8864329316e-09
4.4965000000e+06 6.4786023328e-09
5.6608000000e+06 4.2357254401e-09
7.1265000000e+06 2.7647747781e-09
8.9717000000e+06 1.8024259183e-09
1.1294000000e+07 1.1729178039e-09
1.4219000000e+07 7.6221719287e-10
1.7901000000e+07 4.9532270163e-10
2.2536000000e+07 3.2188093960e-10
2.8371000000e+07 2.0916646031e-10
3.5717000000e+07 1.3591719928e-10
4.4965000000e+07 8.8318387698e-11
5.6608000000e+07 5.7387341804e-11
7.1264000000e+07 3.7290460916e-11
8.9716000000e+07 2.4230539671e-11
1.1294000000e+08 1.5745897534e-11
1.4219000000e+08 1.0230318844e-11
1.7901000000e+08 6.6471327598e-12
2.2536000000e+08 4.3191185534e-12
2.8371000000e+08 2.8064585947e-12
3.5717000000e+08 1.8235474760e-12
4.4965000000e+08 1.1848860138e-12
5.6608000000e+08 7.6989086099e-13
7.1264000000e+08 5.0026704935e-13
8.9716000000e+08 3.2505797458e-13
