# particle=eplus
# bin=18
# theta_mid_deg=148.211669
# spectrum_type=normalized_pdf
# energy_unit=keV_total
# pdf_unit=keV^-1
# pdf_integral=1.000000000000e+00
# Energy_keV PDF_per_keV
1.1294000000e+01 5.8802453377e-06
1.4219000000e+01 6.9740691718e-06
1.7901000000e+01 8.2631938366e-06
2.2536000000e+01 9.7781283242e-06
2.8371000000e+01 1.1551793232e-05
3.5717000000e+01 1.3618201346e-05
4.4965000000e+01 1.6010102437e-05
5.6607000000e+01 1.8755536963e-05
7.1264000000e+01 2.1872986212e-05
8.9717000000e+01 2.5363638342e-05
1.1294000000e+02 2.9283773762e-05
1.4219000000e+02 3.3634418895e-05
1.7901000000e+02 3.8319550764e-05
2.2536000000e+02 4.3206329820e-05
2.8371000000e+02 4.7475229459e-05
3.5717000000e+02 5.1496036470e-05
4.4965000000e+02 5.5136684617e-05
5.6608000000e+02 5.7769942488e-05
7.1264000000e+02 5.9072525403e-05
8.9717000000e+02 5.8778109938e-05
1.1294000000e+03 5.6962542167e-05
1.4219000000e+03 5.4143187667e-05
1.7901000000e+03 5.0626212475e-05
2.2536000000e+03 4.6530661904e-05
2.8371000000e+03 4.1975482661e-05
3.5717000000e+03 3.7092759882e-05
4.4965000000e+03 3.2210312924e-05
5.6607000000e+03 2.7801374584e-05
7.1265000000e+03 2.4108442880e-05
8.9717000000e+03 2.1053120318e-05
1.1295000000e+04 1.8379811863e-05
1.4219000000e+04 1.5879641965e-05
1.7901000000e+04 1.3464211189e-05
2.2536000000e+04 1.1110223086e-05
2.8371000000e+04 8.8884772321e-06
3.5717000000e+04 6.9045402011e-06
4.4965000000e+04 5.2242745268e-06
5.6607000000e+04 3.8737168567e-06
7.1265000000e+04 2.8067186262e-06
8.9716000000e+04 1.9701177637e-06
1.1294000000e+05 1.3263250048e-06
1.4219000000e+05 8.4660815380e-07
1.7901000000e+05 5.0538204091e-07
2.2536000000e+05 2.8091927615e-07
2.8371000000e+05 1.5331960727e-07
3.5717000000e+05 9.1983909254e-08
4.4965000000e+05 5.3839424799e-08
5.6608000000e+05 3.0759851496e-08
7.1265000000e+05 1.7191978231e-08
8.9716000000e+05 9.4463214129e-09
1.1294000000e+06 5.1420119083e-09
1.4219000000e+06 2.7974935732e-09
1.7901000000e+06 1.5355400227e-09
2.2536000000e+06 8.5666356331e-10
2.8371000000e+06 4.8804029640e-10
3.5717000000e+06 2.8443246125e-10
4.4965000000e+06 1.6929148990e-10
5.6608000000e+06 1.0250829456e-10
7.1265000000e+06 6.2999295593e-11
8.9717000000e+06 3.9206446475e-11
1.1294000000e+07 2.5057411234e-11
1.4219000000e+07 1.6283485159e-11
1.7901000000e+07 1.0581734362e-11
2.2536000000e+07 6.8764435543e-12
2.8371000000e+07 4.4684887510e-12
3.5717000000e+07 2.9036417939e-12
4.4965000000e+07 1.8867734404e-12
5.6608000000e+07 1.2259837974e-12
7.1264000000e+07 7.9664782238e-13
8.9716000000e+07 5.1764462518e-13
1.1294000000e+08 3.3638455180e-13
1.4219000000e+08 2.1855351285e-13
1.7901000000e+08 1.4200478375e-13
2.2536000000e+08 9.2270685469e-14
2.8371000000e+08 5.9955255932e-14
3.5717000000e+08 3.8957017158e-14
4.4965000000e+08 2.5313091860e-14
5.6608000000e+08 1.6447420139e-14
7.1264000000e+08 1.0687362014e-14
8.9716000000e+08 6.9443155497e-15
