# particle=eplus
# bin=08
# theta_mid_deg=81.373073
# spectrum_type=normalized_pdf
# energy_unit=keV_total
# pdf_unit=keV^-1
# pdf_integral=1.000000000000e+00
# Energy_keV PDF_per_keV
1.1294000000e+01 1.9215804457e-06
1.4219000000e+01 2.2790264994e-06
1.7901000000e+01 2.7002940836e-06
2.2536000000e+01 3.1953531025e-06
2.8371000000e+01 3.7749615386e-06
3.5717000000e+01 4.4502342860e-06
4.4965000000e+01 5.2318735035e-06
5.6607000000e+01 6.1290424135e-06
7.1264000000e+01 7.1477804379e-06
8.9717000000e+01 8.2884758494e-06
1.1294000000e+02 9.5490634907e-06
1.4219000000e+02 1.0914651814e-05
1.7901000000e+02 1.2333039963e-05
2.2536000000e+02 1.3754148006e-05
2.8371000000e+02 1.5339349379e-05
3.5717000000e+02 1.6780666517e-05
4.4965000000e+02 1.7950301500e-05
5.6608000000e+02 1.8948869290e-05
7.1264000000e+02 1.9680712019e-05
8.9717000000e+02 2.0059020478e-05
1.1294000000e+03 2.0033726987e-05
1.4219000000e+03 1.9639584463e-05
1.7901000000e+03 1.8999625558e-05
2.2536000000e+03 1.8156297924e-05
2.8371000000e+03 1.7081012572e-05
3.5717000000e+03 1.5827683396e-05
4.4965000000e+03 1.4509336071e-05
5.6607000000e+03 1.3137904300e-05
7.1265000000e+03 1.1714824681e-05
8.9717000000e+03 1.0294779746e-05
1.1295000000e+04 8.9555126112e-06
1.4219000000e+04 7.7575366815e-06
1.7901000000e+04 6.7235844766e-06
2.2536000000e+04 5.8498130322e-06
2.8371000000e+04 5.1047841952e-06
3.5717000000e+04 4.4464905623e-06
4.4965000000e+04 3.8424163857e-06
5.6607000000e+04 3.2694464176e-06
7.1265000000e+04 2.7292852877e-06
8.9716000000e+04 2.2333533542e-06
1.1294000000e+05 1.7918687391e-06
1.4219000000e+05 1.4114479008e-06
1.7901000000e+05 1.0938277128e-06
2.2536000000e+05 8.3423782400e-07
2.8371000000e+05 6.2338091804e-07
3.5717000000e+05 4.5436813200e-07
4.4965000000e+05 3.2733827340e-07
5.6608000000e+05 2.3322878883e-07
7.1265000000e+05 1.6431840004e-07
8.9716000000e+05 1.1442700134e-07
1.1294000000e+06 7.8765484770e-08
1.4219000000e+06 5.3620140037e-08
1.7901000000e+06 3.6155036111e-08
2.2536000000e+06 2.4184869724e-08
2.8371000000e+06 1.6074170802e-08
3.5717000000e+06 1.0629875090e-08
4.4965000000e+06 7.0011233704e-09
5.6608000000e+06 4.5954207274e-09
7.1265000000e+06 3.0088909119e-09
8.9717000000e+06 1.9666372449e-09
1.1294000000e+07 1.2811250626e-09
1.4219000000e+07 8.3253536244e-10
1.7901000000e+07 5.4101858209e-10
2.2536000000e+07 3.5157599070e-10
2.8371000000e+07 2.2846306338e-10
3.5717000000e+07 1.4845620884e-10
4.4965000000e+07 9.6466179982e-11
5.6608000000e+07 6.2681597654e-11
7.1264000000e+07 4.0730683701e-11
8.9716000000e+07 2.6465922464e-11
1.1294000000e+08 1.7198531643e-11
1.4219000000e+08 1.1174114525e-11
1.7901000000e+08 7.2603624441e-12
2.2536000000e+08 4.7175778294e-12
2.8371000000e+08 3.0653677786e-12
3.5717000000e+08 1.9917784236e-12
4.4965000000e+08 1.2941973970e-12
5.6608000000e+08 8.4091696302e-13
7.1264000000e+08 5.4641906945e-13
8.9716000000e+08 3.5504612230e-13
