# particle=eplus
# bin=16
# theta_mid_deg=130.541602
# spectrum_type=normalized_pdf
# energy_unit=keV_total
# pdf_unit=keV^-1
# pdf_integral=1.000000000000e+00
# Energy_keV PDF_per_keV
1.1294000000e+01 3.7132927414e-06
1.4219000000e+01 4.4040272041e-06
1.7901000000e+01 5.2180914116e-06
2.2536000000e+01 6.1747513659e-06
2.8371000000e+01 7.2947959643e-06
3.5717000000e+01 8.5997038056e-06
4.4965000000e+01 1.0110155913e-05
5.6607000000e+01 1.1843859442e-05
7.1264000000e+01 1.3812485070e-05
8.9717000000e+01 1.6016783100e-05
1.1294000000e+02 1.8493534944e-05
1.4219000000e+02 2.1244774599e-05
1.7901000000e+02 2.4210389561e-05
2.2536000000e+02 2.7308886464e-05
2.8371000000e+02 3.0027777018e-05
3.5717000000e+02 3.2607660922e-05
4.4965000000e+02 3.4978523563e-05
5.6608000000e+02 3.6768159858e-05
7.1264000000e+02 3.7816620802e-05
8.9717000000e+02 3.8024198440e-05
1.1294000000e+03 3.7456509795e-05
1.4219000000e+03 3.6361858088e-05
1.7901000000e+03 3.4853349139e-05
2.2536000000e+03 3.2992666092e-05
2.8371000000e+03 3.0866113535e-05
3.5717000000e+03 2.8513219502e-05
4.4965000000e+03 2.6031307108e-05
5.6607000000e+03 2.3616818621e-05
7.1265000000e+03 2.1386219628e-05
8.9717000000e+03 1.9322861902e-05
1.1295000000e+04 1.7323391216e-05
1.4219000000e+04 1.5318426564e-05
1.7901000000e+04 1.3308499194e-05
2.2536000000e+04 1.1299533442e-05
2.8371000000e+04 9.3423199701e-06
3.5717000000e+04 7.5068359493e-06
4.4965000000e+04 5.8497471572e-06
5.6607000000e+04 4.4326975033e-06
7.1265000000e+04 3.2613473415e-06
8.9716000000e+04 2.3216665841e-06
1.1294000000e+05 1.5937342391e-06
1.4219000000e+05 1.0506799809e-06
1.7901000000e+05 6.6247960898e-07
2.2536000000e+05 3.9969521969e-07
2.8371000000e+05 2.3558333242e-07
3.5717000000e+05 1.4078352520e-07
4.4965000000e+05 8.1901473064e-08
5.6608000000e+05 4.6378455502e-08
7.1265000000e+05 2.5602331043e-08
8.9716000000e+05 1.3836158020e-08
1.1294000000e+06 7.3729841252e-09
1.4219000000e+06 3.9079809252e-09
1.7901000000e+06 2.0810484568e-09
2.2536000000e+06 1.1230398307e-09
2.8371000000e+06 6.1821920374e-10
3.5717000000e+06 3.4849453674e-10
4.4965000000e+06 2.0112832991e-10
5.6608000000e+06 1.1847063142e-10
7.1265000000e+06 7.1087308264e-11
8.9717000000e+06 4.3355042841e-11
1.1294000000e+07 2.7478990186e-11
1.4219000000e+07 1.7857141134e-11
1.7901000000e+07 1.1604366148e-11
2.2536000000e+07 7.5409914926e-12
2.8371000000e+07 4.9003289840e-12
3.5717000000e+07 3.1842532979e-12
4.4965000000e+07 2.0691135396e-12
5.6608000000e+07 1.3444643751e-12
7.1264000000e+07 8.7363684494e-13
8.9716000000e+07 5.6767043660e-13
1.1294000000e+08 3.6889316742e-13
1.4219000000e+08 2.3967479237e-13
1.7901000000e+08 1.5572830020e-13
2.2536000000e+08 1.0118783767e-13
2.8371000000e+08 6.5749405395e-14
3.5717000000e+08 4.2721871073e-14
4.4965000000e+08 2.7759380102e-14
5.6608000000e+08 1.8036918993e-14
7.1264000000e+08 1.1720201786e-14
8.9716000000e+08 7.6154227209e-15
