# particle=eplus
# bin=11
# theta_mid_deg=98.626927
# spectrum_type=normalized_pdf
# energy_unit=keV_total
# pdf_unit=keV^-1
# pdf_integral=1.000000000000e+00
# Energy_keV PDF_per_keV
1.1294000000e+01 1.5933690744e-06
1.4219000000e+01 1.8897623318e-06
1.7901000000e+01 2.2390762220e-06
2.2536000000e+01 2.6495777612e-06
2.8371000000e+01 3.1301874382e-06
3.5717000000e+01 3.6901216917e-06
4.4965000000e+01 4.3382547216e-06
5.6607000000e+01 5.0821846460e-06
7.1264000000e+01 5.9269193365e-06
8.9717000000e+01 6.8727807476e-06
1.1294000000e+02 7.9383360147e-06
1.4219000000e+02 9.1275424554e-06
1.7901000000e+02 1.0415710954e-05
2.2536000000e+02 1.1773044337e-05
2.8371000000e+02 1.2990385935e-05
3.5717000000e+02 1.4185297571e-05
4.4965000000e+02 1.5353568344e-05
5.6608000000e+02 1.6378546425e-05
7.1264000000e+02 1.7264810568e-05
8.9717000000e+02 1.8048892852e-05
1.1294000000e+03 1.8665352350e-05
1.4219000000e+03 1.9021988610e-05
1.7901000000e+03 1.9118683265e-05
2.2536000000e+03 1.9056726527e-05
2.8371000000e+03 1.8930637294e-05
3.5717000000e+03 1.8716518774e-05
4.4965000000e+03 1.8328718000e-05
5.6607000000e+03 1.7731854755e-05
7.1265000000e+03 1.6929930752e-05
8.9717000000e+03 1.5946614592e-05
1.1295000000e+04 1.4795331014e-05
1.4219000000e+04 1.3511111903e-05
1.7901000000e+04 1.2155827674e-05
2.2536000000e+04 1.0748698195e-05
2.8371000000e+04 9.3071780569e-06
3.5717000000e+04 7.8493383911e-06
4.4965000000e+04 6.4023717518e-06
5.6607000000e+04 5.0474296746e-06
7.1265000000e+04 3.8404912439e-06
8.9716000000e+04 2.8188757303e-06
1.1294000000e+05 1.9984500963e-06
1.4219000000e+05 1.3699171613e-06
1.7901000000e+05 9.0912727125e-07
2.2536000000e+05 5.8418880067e-07
2.8371000000e+05 3.6350461090e-07
3.5717000000e+05 2.1957302357e-07
4.4965000000e+05 1.2889114828e-07
5.6608000000e+05 7.3490103412e-08
7.1265000000e+05 4.0740572682e-08
8.9716000000e+05 2.2039325876e-08
1.1294000000e+06 1.1711595329e-08
1.4219000000e+06 6.1643653758e-09
1.7901000000e+06 3.2457528987e-09
2.2536000000e+06 1.7251663078e-09
2.8371000000e+06 9.3259499537e-10
3.5717000000e+06 5.1542098138e-10
4.4965000000e+06 2.9155372742e-10
5.6608000000e+06 1.6841746368e-10
7.1265000000e+06 9.9245857825e-11
8.9717000000e+06 5.9558857175e-11
1.1294000000e+07 3.7489363548e-11
1.4219000000e+07 2.4362352888e-11
1.7901000000e+07 1.5831742663e-11
2.2536000000e+07 1.0288113561e-11
2.8371000000e+07 6.6854791076e-12
3.5717000000e+07 4.3442509607e-12
4.4965000000e+07 2.8228748285e-12
5.6608000000e+07 1.8342418479e-12
7.1264000000e+07 1.1918956653e-12
8.9716000000e+07 7.7446817474e-13
1.1294000000e+08 5.0327795783e-13
1.4219000000e+08 3.2698637627e-13
1.7901000000e+08 2.1245885753e-13
2.2536000000e+08 1.3804974664e-13
2.8371000000e+08 8.9701380772e-14
3.5717000000e+08 5.8285102374e-14
4.4965000000e+08 3.7871897237e-14
5.6608000000e+08 2.4607622363e-14
7.1264000000e+08 1.5989776285e-14
8.9716000000e+08 1.0389659482e-14
