# particle=eplus
# bin=07
# theta_mid_deg=75.522488
# spectrum_type=normalized_pdf
# energy_unit=keV_total
# pdf_unit=keV^-1
# pdf_integral=1.000000000000e+00
# Energy_keV PDF_per_keV
1.1294000000e+01 2.3523736028e-06
1.4219000000e+01 2.7899543781e-06
1.7901000000e+01 3.3056646347e-06
2.2536000000e+01 3.9117093988e-06
2.8371000000e+01 4.6212584516e-06
3.5717000000e+01 5.4479185006e-06
4.4965000000e+01 6.4047909888e-06
5.6607000000e+01 7.5030934127e-06
7.1264000000e+01 8.7502191535e-06
8.9717000000e+01 1.0146643529e-05
1.1294000000e+02 1.1673988075e-05
1.4219000000e+02 1.3302195897e-05
1.7901000000e+02 1.4971208351e-05
2.2536000000e+02 1.6614205470e-05
2.8371000000e+02 1.8425462633e-05
3.5717000000e+02 2.0028846707e-05
4.4965000000e+02 2.1269004536e-05
5.6608000000e+02 2.2273852062e-05
7.1264000000e+02 2.2964003043e-05
8.9717000000e+02 2.3277282428e-05
1.1294000000e+03 2.3175597994e-05
1.4219000000e+03 2.2613326695e-05
1.7901000000e+03 2.1670214396e-05
2.2536000000e+03 2.0396216963e-05
2.8371000000e+03 1.8811917583e-05
3.5717000000e+03 1.7073755702e-05
4.4965000000e+03 1.5349911714e-05
5.6607000000e+03 1.3650590770e-05
7.1265000000e+03 1.1971699838e-05
8.9717000000e+03 1.0363978558e-05
1.1295000000e+04 8.9058006564e-06
1.4219000000e+04 7.6461656172e-06
1.7901000000e+04 6.5821434027e-06
2.2536000000e+04 5.7010554727e-06
2.8371000000e+04 4.9640790968e-06
3.5717000000e+04 4.3255795778e-06
4.4965000000e+04 3.7525435145e-06
5.6607000000e+04 3.2076406017e-06
7.1265000000e+04 2.6894291806e-06
8.9716000000e+04 2.2092267191e-06
1.1294000000e+05 1.7777257615e-06
1.4219000000e+05 1.4031724053e-06
1.7901000000e+05 1.0887990974e-06
2.2536000000e+05 8.3088698705e-07
2.8371000000e+05 6.2082596799e-07
3.5717000000e+05 4.5217417802e-07
4.4965000000e+05 3.2536192308e-07
5.6608000000e+05 2.3147389571e-07
7.1265000000e+05 1.6281725598e-07
8.9716000000e+05 1.1319094040e-07
1.1294000000e+06 7.7780478534e-08
1.4219000000e+06 5.2856833924e-08
1.7901000000e+06 3.5577771147e-08
2.2536000000e+06 2.3757701731e-08
2.8371000000e+06 1.5764138001e-08
3.5717000000e+06 1.0408630185e-08
4.4965000000e+06 6.8460827834e-09
5.6608000000e+06 4.4888877408e-09
7.1265000000e+06 2.9366723420e-09
8.9717000000e+06 1.9180986278e-09
1.1294000000e+07 1.2491507048e-09
1.4219000000e+07 8.1175691983e-10
1.7901000000e+07 5.2751582404e-10
2.2536000000e+07 3.4280134656e-10
2.8371000000e+07 2.2276107538e-10
3.5717000000e+07 1.4475103431e-10
4.4965000000e+07 9.4058574161e-11
5.6608000000e+07 6.1117188455e-11
7.1264000000e+07 3.9714126072e-11
8.9716000000e+07 2.5805385175e-11
1.1294000000e+08 1.6769290173e-11
1.4219000000e+08 1.0895230639e-11
1.7901000000e+08 7.0791580999e-12
2.2536000000e+08 4.5998363801e-12
2.8371000000e+08 2.9888622374e-12
3.5717000000e+08 1.9420675578e-12
4.4965000000e+08 1.2618967795e-12
5.6608000000e+08 8.1992933217e-13
7.1264000000e+08 5.3278152588e-13
8.9716000000e+08 3.4618487050e-13
