# particle=eplus
# bin=04
# theta_mid_deg=56.632987
# spectrum_type=normalized_pdf
# energy_unit=keV_total
# pdf_unit=keV^-1
# pdf_integral=1.000000000000e+00
# Energy_keV PDF_per_keV
1.1294000000e+01 4.1678246974e-06
1.4219000000e+01 4.9431096947e-06
1.7901000000e+01 5.8568208254e-06
2.2536000000e+01 6.9305823794e-06
2.8371000000e+01 8.1877279547e-06
3.5717000000e+01 9.6523652746e-06
4.4965000000e+01 1.1347706858e-05
5.6607000000e+01 1.3293627337e-05
7.1264000000e+01 1.5503225955e-05
8.9717000000e+01 1.7977344860e-05
1.1294000000e+02 2.0608947398e-05
1.4219000000e+02 2.3291126560e-05
1.7901000000e+02 2.5938268406e-05
2.2536000000e+02 2.8406236808e-05
2.8371000000e+02 3.1028349623e-05
3.5717000000e+02 3.3131804167e-05
4.4965000000e+02 3.4426480048e-05
5.6608000000e+02 3.5056467229e-05
7.1264000000e+02 3.5003526189e-05
8.9717000000e+02 3.4321391006e-05
1.1294000000e+03 3.3141959362e-05
1.4219000000e+03 3.1355504616e-05
1.7901000000e+03 2.8952531682e-05
2.2536000000e+03 2.6040786213e-05
2.8371000000e+03 2.2828399698e-05
3.5717000000e+03 1.9696256562e-05
4.4965000000e+03 1.6868990214e-05
5.6607000000e+03 1.4324545847e-05
7.1265000000e+03 1.2030668974e-05
8.9717000000e+03 1.0010764915e-05
1.1295000000e+04 8.3457720768e-06
1.4219000000e+04 7.0415275386e-06
1.7901000000e+04 5.9961546291e-06
2.2536000000e+04 5.1748075899e-06
2.8371000000e+04 4.5212748843e-06
3.5717000000e+04 3.9856043906e-06
4.4965000000e+04 3.5407921877e-06
5.6607000000e+04 3.0972182550e-06
7.1265000000e+04 2.6465855183e-06
8.9716000000e+04 2.2050103963e-06
1.1294000000e+05 1.7892002442e-06
1.4219000000e+05 1.4169378863e-06
1.7901000000e+05 1.0990405269e-06
2.2536000000e+05 8.3611906336e-07
2.8371000000e+05 6.2150048809e-07
3.5717000000e+05 4.4950724232e-07
4.4965000000e+05 3.2083027424e-07
5.6608000000e+05 2.2631778495e-07
7.1265000000e+05 1.5785150780e-07
8.9716000000e+05 1.0883153422e-07
1.1294000000e+06 7.4170865148e-08
1.4219000000e+06 4.9988981916e-08
1.7901000000e+06 3.3370852720e-08
2.2536000000e+06 2.2103628603e-08
2.8371000000e+06 1.4551869789e-08
3.5717000000e+06 9.5368492213e-09
4.4965000000e+06 6.2316770582e-09
5.6608000000e+06 4.0652086906e-09
7.1265000000e+06 2.6488100327e-09
8.9717000000e+06 1.7242979751e-09
1.1294000000e+07 1.1214048086e-09
1.4219000000e+07 7.2874162403e-10
1.7901000000e+07 4.7356878510e-10
2.2536000000e+07 3.0774435537e-10
2.8371000000e+07 1.9998014661e-10
3.5717000000e+07 1.2994789604e-10
4.4965000000e+07 8.4439561171e-11
5.6608000000e+07 5.4866965816e-11
7.1264000000e+07 3.5652713299e-11
8.9716000000e+07 2.3166366484e-11
1.1294000000e+08 1.5054358584e-11
1.4219000000e+08 9.7810167997e-12
1.7901000000e+08 6.3551994993e-12
2.2536000000e+08 4.1294285913e-12
2.8371000000e+08 2.6832026530e-12
3.5717000000e+08 1.7434596878e-12
4.4965000000e+08 1.1328473906e-12
5.6608000000e+08 7.3607827482e-13
7.1264000000e+08 4.7829598362e-13
8.9716000000e+08 3.1078185918e-13
