# particle=eplus
# bin=10
# theta_mid_deg=92.865984
# spectrum_type=normalized_pdf
# energy_unit=keV_total
# pdf_unit=keV^-1
# pdf_integral=1.000000000000e+00
# Energy_keV PDF_per_keV
1.1294000000e+01 1.2960626432e-06
1.4219000000e+01 1.5371519394e-06
1.7901000000e+01 1.8212874175e-06
2.2536000000e+01 2.1551935529e-06
2.8371000000e+01 2.5461263621e-06
3.5717000000e+01 3.0015825902e-06
4.4965000000e+01 3.5287806020e-06
5.6607000000e+01 4.1339007839e-06
7.1264000000e+01 4.8210165899e-06
8.9717000000e+01 5.5903899010e-06
1.1294000000e+02 6.4587114891e-06
1.4219000000e+02 7.4309383230e-06
1.7901000000e+02 8.4875559566e-06
2.2536000000e+02 9.6071079794e-06
2.8371000000e+02 1.0625144747e-05
3.5717000000e+02 1.1644162037e-05
4.4965000000e+02 1.2672139525e-05
5.6608000000e+02 1.3630886436e-05
7.1264000000e+02 1.4547800614e-05
8.9717000000e+02 1.5450274787e-05
1.1294000000e+03 1.6173992019e-05
1.4219000000e+03 1.6571144550e-05
1.7901000000e+03 1.6698694844e-05
2.2536000000e+03 1.6707203486e-05
2.8371000000e+03 1.6698154499e-05
3.5717000000e+03 1.6642523063e-05
4.4965000000e+03 1.6442465579e-05
5.6607000000e+03 1.6043734114e-05
7.1265000000e+03 1.5438316729e-05
8.9717000000e+03 1.4648123695e-05
1.1295000000e+04 1.3691429175e-05
1.4219000000e+04 1.2606214403e-05
1.7901000000e+04 1.1453290963e-05
2.2536000000e+04 1.0248716410e-05
2.8371000000e+04 9.0007582600e-06
3.5717000000e+04 7.7134272986e-06
4.4965000000e+04 6.3994677692e-06
5.6607000000e+04 5.1319191553e-06
7.1265000000e+04 3.9689588048e-06
8.9716000000e+04 2.9578756650e-06
1.1294000000e+05 2.1274889449e-06
1.4219000000e+05 1.4794099931e-06
1.7901000000e+05 9.9662546829e-07
2.2536000000e+05 6.5053455204e-07
2.8371000000e+05 4.1054078983e-07
3.5717000000e+05 2.5025299390e-07
4.4965000000e+05 1.4817587679e-07
5.6608000000e+05 8.5173832185e-08
7.1265000000e+05 4.7571318685e-08
8.9716000000e+05 2.5906895413e-08
1.1294000000e+06 1.3846193536e-08
1.4219000000e+06 7.3223136561e-09
1.7901000000e+06 3.8693394578e-09
2.2536000000e+06 2.0617264361e-09
2.8371000000e+06 1.1161690668e-09
3.5717000000e+06 6.1726285268e-10
4.4965000000e+06 3.4915327569e-10
5.6608000000e+06 2.0158925101e-10
7.1265000000e+06 1.1870031273e-10
8.9717000000e+06 7.1168480809e-11
1.1294000000e+07 4.4776807858e-11
1.4219000000e+07 2.9098077188e-11
1.7901000000e+07 1.8909227369e-11
2.2536000000e+07 1.2287988927e-11
2.8371000000e+07 7.9850492276e-12
3.5717000000e+07 5.1887168025e-12
4.4965000000e+07 3.3716049525e-12
5.6608000000e+07 2.1907945885e-12
7.1264000000e+07 1.4235846688e-12
8.9716000000e+07 9.2501470739e-13
1.1294000000e+08 6.0110864214e-13
1.4219000000e+08 3.9054827174e-13
1.7901000000e+08 2.5375809406e-13
2.2536000000e+08 1.6488482053e-13
2.8371000000e+08 1.0713816164e-13
3.5717000000e+08 6.9614967633e-14
4.4965000000e+08 4.5233701117e-14
5.6608000000e+08 2.9391023856e-14
7.1264000000e+08 1.9097980671e-14
8.9716000000e+08 1.2409274054e-14
