# particle=eplus
# bin=09
# theta_mid_deg=87.134016
# spectrum_type=normalized_pdf
# energy_unit=keV_total
# pdf_unit=keV^-1
# pdf_integral=1.000000000000e+00
# Energy_keV PDF_per_keV
1.1294000000e+01 1.4679173624e-06
1.4219000000e+01 1.7409745064e-06
1.7901000000e+01 2.0627856501e-06
2.2536000000e+01 2.4409669180e-06
2.8371000000e+01 2.8837364563e-06
3.5717000000e+01 3.3995850602e-06
4.4965000000e+01 3.9966882318e-06
5.6607000000e+01 4.6820458618e-06
7.1264000000e+01 5.4602715338e-06
8.9717000000e+01 6.3316618540e-06
1.1294000000e+02 7.3069894125e-06
1.4219000000e+02 8.3844377549e-06
1.7901000000e+02 9.5215895816e-06
2.2536000000e+02 1.0684380495e-05
2.8371000000e+02 1.1999925499e-05
3.5717000000e+02 1.3229914223e-05
4.4965000000e+02 1.4270995132e-05
5.6608000000e+02 1.5171074644e-05
7.1264000000e+02 1.5825593814e-05
8.9717000000e+02 1.6138780382e-05
1.1294000000e+03 1.6083807435e-05
1.4219000000e+03 1.5794594670e-05
1.7901000000e+03 1.5418674779e-05
2.2536000000e+03 1.4997858450e-05
2.8371000000e+03 1.4486058870e-05
3.5717000000e+03 1.3829605875e-05
4.4965000000e+03 1.3047557451e-05
5.6607000000e+03 1.2139139180e-05
7.1265000000e+03 1.1103938659e-05
8.9717000000e+03 9.9906164601e-06
1.1295000000e+04 8.8693863117e-06
1.4219000000e+04 7.8092718000e-06
1.7901000000e+04 6.8594226238e-06
2.2536000000e+04 6.0281443714e-06
2.8371000000e+04 5.2951965501e-06
3.5717000000e+04 4.6255688756e-06
4.4965000000e+04 3.9898827608e-06
5.6607000000e+04 3.3827064097e-06
7.1265000000e+04 2.8114701112e-06
8.9716000000e+04 2.2897375566e-06
1.1294000000e+05 1.8288186098e-06
1.4219000000e+05 1.4346738631e-06
1.7901000000e+05 1.1079620915e-06
2.2536000000e+05 8.4275919622e-07
2.8371000000e+05 6.2867808464e-07
3.5717000000e+05 4.5793433922e-07
4.4965000000e+05 3.2998469661e-07
5.6608000000e+05 2.3531330466e-07
7.1265000000e+05 1.6598870067e-07
8.9716000000e+05 1.1575632852e-07
1.1294000000e+06 7.9806371288e-08
1.4219000000e+06 5.4419363617e-08
1.7901000000e+06 3.6756430941e-08
2.2536000000e+06 2.4628559660e-08
2.8371000000e+06 1.6395538283e-08
3.5717000000e+06 1.0858838287e-08
4.4965000000e+06 7.1613995887e-09
5.6608000000e+06 4.7055280466e-09
7.1265000000e+06 3.0835516799e-09
8.9717000000e+06 2.0168321062e-09
1.1294000000e+07 1.3141952083e-09
1.4219000000e+07 8.5402589957e-10
1.7901000000e+07 5.5498409088e-10
2.2536000000e+07 3.6065134921e-10
2.8371000000e+07 2.3436046326e-10
3.5717000000e+07 1.5228836278e-10
4.4965000000e+07 9.8956296457e-11
5.6608000000e+07 6.4299620458e-11
7.1264000000e+07 4.1782079605e-11
8.9716000000e+07 2.7149096915e-11
1.1294000000e+08 1.7642483575e-11
1.4219000000e+08 1.1462555995e-11
1.7901000000e+08 7.4477768119e-12
2.2536000000e+08 4.8393543762e-12
2.8371000000e+08 3.1444952283e-12
3.5717000000e+08 2.0431929221e-12
4.4965000000e+08 1.3276049836e-12
5.6608000000e+08 8.6262385744e-13
7.1264000000e+08 5.6052398298e-13
8.9716000000e+08 3.6421105657e-13
