# particle=gamma
# bin=16
# theta_mid_deg=130.541602
# spectrum_type=normalized_pdf
# energy_unit=keV_total
# pdf_unit=keV^-1
# pdf_integral=1.000000000000e+00
# Energy_keV PDF_per_keV
1.1294000000e+01 2.7965292986e-05
1.4219000000e+01 6.9662841236e-05
1.7901000000e+01 1.7573736239e-04
2.2536000000e+01 4.4858341859e-04
2.8371000000e+01 1.1406255138e-03
3.5717000000e+01 2.7198643009e-03
4.4965000000e+01 5.2302999085e-03
5.6607000000e+01 6.6547049565e-03
7.1264000000e+01 5.7762068065e-03
8.9717000000e+01 4.1521296874e-03
1.1294000000e+02 2.7946588745e-03
1.4219000000e+02 1.8937585879e-03
1.7901000000e+02 1.2954868373e-03
2.2536000000e+02 8.9161248989e-04
2.8371000000e+02 6.1564841802e-04
3.5717000000e+02 4.2624995069e-04
4.4965000000e+02 2.9597724320e-04
5.6608000000e+02 5.1834585695e-04
7.1264000000e+02 1.4286800224e-04
8.9717000000e+02 9.9127174131e-05
1.1294000000e+03 6.9539997428e-05
1.4219000000e+03 4.9404781691e-05
1.7901000000e+03 3.5485668750e-05
2.2536000000e+03 2.5719714434e-05
2.8371000000e+03 1.8763612623e-05
3.5717000000e+03 1.3746246349e-05
4.4965000000e+03 1.0083275216e-05
5.6607000000e+03 7.3884048361e-06
7.1265000000e+03 5.4069812699e-06
8.9717000000e+03 3.9543859702e-06
1.1295000000e+04 2.8899233452e-06
1.4219000000e+04 2.1099560518e-06
1.7901000000e+04 1.5382207003e-06
2.2536000000e+04 1.1195183672e-06
2.8371000000e+04 8.1290242990e-07
3.5717000000e+04 5.8696456080e-07
4.4965000000e+04 4.2067184612e-07
5.6607000000e+04 2.9830816703e-07
7.1265000000e+04 2.0821928351e-07
8.9716000000e+04 1.4269570007e-07
1.1294000000e+05 9.5652984071e-08
1.4219000000e+05 6.2488509397e-08
1.7901000000e+05 3.9752357608e-08
2.2536000000e+05 2.4590479615e-08
2.8371000000e+05 1.4728721135e-08
3.5717000000e+05 8.5326341129e-09
4.4965000000e+05 4.8652913162e-09
5.6608000000e+05 2.6830337686e-09
7.1265000000e+05 1.4232749552e-09
8.9716000000e+05 7.3536609871e-10
1.1294000000e+06 4.0173724155e-10
1.4219000000e+06 2.1883842855e-10
1.7901000000e+06 1.1743230196e-10
2.2536000000e+06 6.0852015177e-11
2.8371000000e+06 2.9517068835e-11
3.5717000000e+06 1.3658066434e-11
4.4965000000e+06 6.3083911831e-12
5.6608000000e+06 2.7919498361e-12
7.1265000000e+06 1.2321229450e-12
8.9717000000e+06 9.5538895216e-13
1.1294000000e+07 7.9180283551e-13
1.4219000000e+07 4.8011776636e-13
1.7901000000e+07 2.9093669916e-13
2.2536000000e+07 1.7620672335e-13
2.8371000000e+07 1.0667303060e-13
3.5717000000e+07 6.4554381871e-14
4.4965000000e+07 3.9054825997e-14
5.6608000000e+07 2.3622052060e-14
7.1264000000e+07 1.4285853711e-14
8.9716000000e+07 8.6380731743e-15
1.1294000000e+08 5.2230735511e-15
1.4219000000e+08 3.1571964474e-15
1.7901000000e+08 1.9084229963e-15
2.2536000000e+08 1.1535652853e-15
2.8371000000e+08 6.9725890051e-16
3.5717000000e+08 4.2142959919e-16
4.4965000000e+08 2.5470960968e-16
5.6608000000e+08 1.5393879765e-16
7.1264000000e+08 9.3039390242e-17
8.9716000000e+08 5.6229409124e-17
