# particle=gamma
# bin=04
# theta_mid_deg=56.632987
# spectrum_type=normalized_pdf
# energy_unit=keV_total
# pdf_unit=keV^-1
# pdf_integral=1.000000000000e+00
# Energy_keV PDF_per_keV
1.1294000000e+01 7.2763043983e-05
1.4219000000e+01 1.7435386412e-04
1.7901000000e+01 4.1104403815e-04
2.2536000000e+01 9.4250689516e-04
2.8371000000e+01 2.0687609767e-03
3.5717000000e+01 4.2213993533e-03
4.4965000000e+01 7.2323527564e-03
5.6607000000e+01 8.7235390050e-03
7.1264000000e+01 7.1855877064e-03
8.9717000000e+01 4.9872577729e-03
1.1294000000e+02 3.2236944829e-03
1.4219000000e+02 2.0003654952e-03
1.7901000000e+02 1.2287670595e-03
2.2536000000e+02 7.5827949536e-04
2.8371000000e+02 4.7246280276e-04
3.5717000000e+02 2.9589635010e-04
4.4965000000e+02 1.8560873806e-04
5.6608000000e+02 2.9681300423e-04
7.1264000000e+02 7.9167725741e-05
8.9717000000e+02 5.6927793882e-05
1.1294000000e+03 4.0898390137e-05
1.4219000000e+03 2.8965528563e-05
1.7901000000e+03 2.0325581612e-05
2.2536000000e+03 1.4115443474e-05
2.8371000000e+03 9.7312351353e-06
3.5717000000e+03 6.6982947358e-06
4.4965000000e+03 4.6670050391e-06
5.6607000000e+03 3.3337569605e-06
7.1265000000e+03 2.4437704747e-06
8.9717000000e+03 1.8285746177e-06
1.1295000000e+04 1.3907039515e-06
1.4219000000e+04 1.0730662495e-06
1.7901000000e+04 8.3868212212e-07
2.2536000000e+04 6.6262234440e-07
2.8371000000e+04 5.2772770769e-07
3.5717000000e+04 4.3013978337e-07
4.4965000000e+04 3.5491394208e-07
5.6607000000e+04 2.9453357994e-07
7.1265000000e+04 2.4635136819e-07
8.9716000000e+04 2.0483089505e-07
1.1294000000e+05 1.6856156824e-07
1.4219000000e+05 1.3671434148e-07
1.7901000000e+05 1.0883892506e-07
2.2536000000e+05 8.4792511705e-08
2.8371000000e+05 6.4573075154e-08
3.5717000000e+05 4.8014906967e-08
4.4965000000e+05 3.4691597312e-08
5.6608000000e+05 2.4532644232e-08
7.1265000000e+05 1.7019806147e-08
8.9716000000e+05 1.1568956300e-08
1.1294000000e+06 7.6391015983e-09
1.4219000000e+06 4.9584682753e-09
1.7901000000e+06 3.1794175235e-09
2.2536000000e+06 2.0218457269e-09
2.8371000000e+06 1.2787707207e-09
3.5717000000e+06 8.0333443921e-10
4.4965000000e+06 5.0057456483e-10
5.6608000000e+06 3.0998469877e-10
7.1265000000e+06 1.9057808733e-10
8.9717000000e+06 1.1533352703e-10
1.1294000000e+07 6.9411484049e-11
1.4219000000e+07 4.2088364915e-11
1.7901000000e+07 2.5504263369e-11
2.2536000000e+07 1.5446737014e-11
2.8371000000e+07 9.3512337033e-12
3.5717000000e+07 5.6590040432e-12
4.4965000000e+07 3.4236470371e-12
5.6608000000e+07 2.0707701668e-12
7.1264000000e+07 1.2523348775e-12
8.9716000000e+07 7.5723583127e-13
1.1294000000e+08 4.5786813361e-13
1.4219000000e+08 2.7676800463e-13
1.7901000000e+08 1.6729729477e-13
2.2536000000e+08 1.0112451587e-13
2.8371000000e+08 6.1123518230e-14
3.5717000000e+08 3.6943608421e-14
4.4965000000e+08 2.2328503027e-14
5.6608000000e+08 1.3494673066e-14
7.1264000000e+08 8.1560735351e-15
8.9716000000e+08 4.9292154050e-15
