# particle=gamma
# bin=02
# theta_mid_deg=41.409622
# spectrum_type=normalized_pdf
# energy_unit=keV_total
# pdf_unit=keV^-1
# pdf_integral=1.000000000000e+00
# Energy_keV PDF_per_keV
1.1294000000e+01 8.8956113031e-05
1.4219000000e+01 2.1318257262e-04
1.7901000000e+01 5.0040882811e-04
2.2536000000e+01 1.1322459423e-03
2.8371000000e+01 2.4142223176e-03
3.5717000000e+01 4.7060344744e-03
4.4965000000e+01 7.7050430051e-03
5.6607000000e+01 9.2347129186e-03
7.1264000000e+01 7.5870431864e-03
8.9717000000e+01 5.2160042213e-03
1.1294000000e+02 3.3136971768e-03
1.4219000000e+02 2.0428564580e-03
1.7901000000e+02 1.2567232322e-03
2.2536000000e+02 7.7561950325e-04
2.8371000000e+02 4.7815602229e-04
3.5717000000e+02 2.9005877005e-04
4.4965000000e+02 1.7075636351e-04
5.6608000000e+02 2.4800671052e-04
7.1264000000e+02 6.1082508521e-05
8.9717000000e+02 4.3386190104e-05
1.1294000000e+03 3.1033734889e-05
1.4219000000e+03 2.1872361245e-05
1.7901000000e+03 1.5352336610e-05
2.2536000000e+03 1.0675712521e-05
2.8371000000e+03 7.3784793388e-06
3.5717000000e+03 5.0977496796e-06
4.4965000000e+03 3.5678906429e-06
5.6607000000e+03 2.5604278246e-06
7.1265000000e+03 1.8844011667e-06
8.9717000000e+03 1.4139031907e-06
1.1295000000e+04 1.0765183472e-06
1.4219000000e+04 8.3008706228e-07
1.7901000000e+04 6.4728129485e-07
2.2536000000e+04 5.0955145941e-07
2.8371000000e+04 4.0398541346e-07
3.5717000000e+04 3.3403270165e-07
4.4965000000e+04 2.8252393531e-07
5.6607000000e+04 2.4174941596e-07
7.1265000000e+04 2.1046458935e-07
8.9716000000e+04 1.8180385106e-07
1.1294000000e+05 1.5493405121e-07
1.4219000000e+05 1.2960709441e-07
1.7901000000e+05 1.0594719405e-07
2.2536000000e+05 8.4377012177e-08
2.8371000000e+05 6.5413305822e-08
3.5717000000e+05 4.9323783827e-08
4.4965000000e+05 3.6009136066e-08
5.6608000000e+05 2.5645415254e-08
7.1265000000e+05 1.7862648883e-08
8.9716000000e+05 1.2155269554e-08
1.1294000000e+06 8.0162276475e-09
1.4219000000e+06 5.1849914657e-09
1.7901000000e+06 3.3052995807e-09
2.2536000000e+06 2.0847935607e-09
2.8371000000e+06 1.3049474315e-09
3.5717000000e+06 8.0973414094e-10
4.4965000000e+06 4.9748571020e-10
5.6608000000e+06 3.0318984326e-10
7.1265000000e+06 1.8311767931e-10
8.9717000000e+06 1.0868379746e-10
1.1294000000e+07 6.4774651682e-11
1.4219000000e+07 3.9276774076e-11
1.7901000000e+07 2.3800525212e-11
2.2536000000e+07 1.4414862662e-11
2.8371000000e+07 8.7265517260e-12
3.5717000000e+07 5.2809707326e-12
4.4965000000e+07 3.1949402516e-12
5.6608000000e+07 1.9324383869e-12
7.1264000000e+07 1.1686762874e-12
8.9716000000e+07 7.0665089335e-13
1.1294000000e+08 4.2728158427e-13
1.4219000000e+08 2.5827932283e-13
1.7901000000e+08 1.5612148543e-13
2.2536000000e+08 9.4369186621e-14
2.8371000000e+08 5.7040339322e-14
3.5717000000e+08 3.4475698081e-14
4.4965000000e+08 2.0836912306e-14
5.6608000000e+08 1.2593200669e-14
7.1264000000e+08 7.6112307577e-15
8.9716000000e+08 4.5999335024e-15
