# particle=gamma
# bin=15
# theta_mid_deg=123.367013
# spectrum_type=normalized_pdf
# energy_unit=keV_total
# pdf_unit=keV^-1
# pdf_integral=1.000000000000e+00
# Energy_keV PDF_per_keV
1.1294000000e+01 2.9605142113e-05
1.4219000000e+01 7.2622011082e-05
1.7901000000e+01 1.8048783461e-04
2.2536000000e+01 4.5429540491e-04
2.8371000000e+01 1.1403820302e-03
3.5717000000e+01 2.6879189434e-03
4.4965000000e+01 5.1123917659e-03
5.6607000000e+01 6.4449259395e-03
7.1264000000e+01 5.5518653158e-03
8.9717000000e+01 3.9388951633e-03
1.1294000000e+02 2.6253721068e-03
1.4219000000e+02 1.7728142816e-03
1.7901000000e+02 1.2147867177e-03
2.2536000000e+02 8.4173444882e-04
2.8371000000e+02 5.8768554085e-04
3.5717000000e+02 4.1276960909e-04
4.4965000000e+02 2.9141576092e-04
5.6608000000e+02 5.1969981862e-04
7.1264000000e+02 1.4596833551e-04
8.9717000000e+02 1.0318543664e-04
1.1294000000e+03 7.3674921724e-05
1.4219000000e+03 5.3195473657e-05
1.7901000000e+03 3.8773046323e-05
2.2536000000e+03 2.8486556556e-05
2.8371000000e+03 2.1056935939e-05
3.5717000000e+03 1.5627370609e-05
4.4965000000e+03 1.1604967626e-05
5.6607000000e+03 8.6006198468e-06
7.1265000000e+03 6.3617401241e-06
8.9717000000e+03 4.7005780502e-06
1.1295000000e+04 3.4689741974e-06
1.4219000000e+04 2.5555759833e-06
1.7901000000e+04 1.8775511160e-06
2.2536000000e+04 1.3746759225e-06
2.8371000000e+04 1.0020413218e-06
3.5717000000e+04 7.2472154246e-07
4.4965000000e+04 5.1926696734e-07
5.6607000000e+04 3.6767629560e-07
7.1265000000e+04 2.5615110142e-07
8.9716000000e+04 1.7526558237e-07
1.1294000000e+05 1.1741403128e-07
1.4219000000e+05 7.6773657219e-08
1.7901000000e+05 4.8941056598e-08
2.2536000000e+05 3.0374685496e-08
2.8371000000e+05 1.8301167008e-08
3.5717000000e+05 1.0696227295e-08
4.4965000000e+05 6.1370262590e-09
5.6608000000e+05 3.4150306248e-09
7.1265000000e+05 1.8349117262e-09
8.9716000000e+05 9.6021792862e-10
1.1294000000e+06 5.1962023444e-10
1.4219000000e+06 2.8012233177e-10
1.7901000000e+06 1.4899246500e-10
2.2536000000e+06 7.6872301106e-11
2.8371000000e+06 3.7470104647e-11
3.5717000000e+06 1.7416497003e-11
4.4965000000e+06 7.9450901521e-12
5.6608000000e+06 3.4450711028e-12
7.1265000000e+06 1.4747945840e-12
8.9717000000e+06 1.0300163168e-12
1.1294000000e+07 8.1694883996e-13
1.4219000000e+07 4.9536530394e-13
1.7901000000e+07 3.0017624113e-13
2.2536000000e+07 1.8180268089e-13
2.8371000000e+07 1.1006074327e-13
3.5717000000e+07 6.6604494224e-14
4.4965000000e+07 4.0295125709e-14
5.6608000000e+07 2.4372239101e-14
7.1264000000e+07 1.4739542590e-14
8.9716000000e+07 8.9124003385e-15
1.1294000000e+08 5.3889474592e-15
1.4219000000e+08 3.2574624130e-15
1.7901000000e+08 1.9690305251e-15
2.2536000000e+08 1.1902001097e-15
2.8371000000e+08 7.1940238704e-16
3.5717000000e+08 4.3481332315e-16
4.4965000000e+08 2.6279865495e-16
5.6608000000e+08 1.5882757238e-16
7.1264000000e+08 9.5994126972e-17
8.9716000000e+08 5.8015137728e-17
