# particle=gamma
# bin=10
# theta_mid_deg=92.865984
# spectrum_type=normalized_pdf
# energy_unit=keV_total
# pdf_unit=keV^-1
# pdf_integral=1.000000000000e+00
# Energy_keV PDF_per_keV
1.1294000000e+01 3.6830084102e-05
1.4219000000e+01 8.4724187163e-05
1.7901000000e+01 1.9612542880e-04
2.2536000000e+01 4.5748246840e-04
2.8371000000e+01 1.0610776611e-03
3.5717000000e+01 2.3094087430e-03
4.4965000000e+01 4.0670441570e-03
5.6607000000e+01 4.7978605839e-03
7.1264000000e+01 3.8919485236e-03
8.9717000000e+01 2.5998701085e-03
1.1294000000e+02 1.7152606685e-03
1.4219000000e+02 1.1373871255e-03
1.7901000000e+02 7.7575107965e-04
2.2536000000e+02 5.4783918776e-04
2.8371000000e+02 4.0047690124e-04
3.5717000000e+02 3.0232030769e-04
4.4965000000e+02 2.3425310308e-04
5.6608000000e+02 4.6451934373e-04
7.1264000000e+02 1.4570649245e-04
8.9717000000e+02 1.1466284741e-04
1.1294000000e+03 9.0402891488e-05
1.4219000000e+03 7.1380311763e-05
1.7901000000e+03 5.6385560841e-05
2.2536000000e+03 4.4562319930e-05
2.8371000000e+03 3.5207972974e-05
3.5717000000e+03 2.7768879457e-05
4.4965000000e+03 2.1827122979e-05
5.6607000000e+03 1.7078601356e-05
7.1265000000e+03 1.3285279277e-05
8.9717000000e+03 1.0266284091e-05
1.1295000000e+04 7.8773640940e-06
1.4219000000e+04 5.9986611507e-06
1.7901000000e+04 4.5282566206e-06
2.2536000000e+04 3.3846783931e-06
2.8371000000e+04 2.5019574966e-06
3.5717000000e+04 1.8231572786e-06
4.4965000000e+04 1.3090402146e-06
5.6607000000e+04 9.2548594657e-07
7.1265000000e+04 6.4285412448e-07
8.9716000000e+04 4.3878157913e-07
1.1294000000e+05 2.9391882478e-07
1.4219000000e+05 1.9289962124e-07
1.7901000000e+05 1.2378900731e-07
2.2536000000e+05 7.7580016208e-08
2.8371000000e+05 4.7509592387e-08
3.5717000000e+05 2.8420259726e-08
4.4965000000e+05 1.6579876278e-08
5.6608000000e+05 9.4482063331e-09
7.1265000000e+05 5.2467405304e-09
8.9716000000e+05 2.8340884147e-09
1.1294000000e+06 1.5049193446e-09
1.4219000000e+06 7.9349690199e-10
1.7901000000e+06 4.1429728702e-10
2.2536000000e+06 2.1241154390e-10
2.8371000000e+06 1.0555084176e-10
3.5717000000e+06 5.0216598870e-11
4.4965000000e+06 2.2643778117e-11
5.6608000000e+06 9.5234084575e-12
7.1265000000e+06 3.8045462191e-12
8.9717000000e+06 1.7760089536e-12
1.1294000000e+07 1.0860109419e-12
1.4219000000e+07 6.5851386770e-13
1.7901000000e+07 3.9903928669e-13
2.2536000000e+07 2.4167939417e-13
2.8371000000e+07 1.4630924927e-13
3.5717000000e+07 8.8540684517e-14
4.4965000000e+07 5.3566325434e-14
5.6608000000e+07 3.2399236093e-14
7.1264000000e+07 1.9594010969e-14
8.9716000000e+07 1.1847699406e-14
1.1294000000e+08 7.1637973147e-15
1.4219000000e+08 4.3303076647e-15
1.7901000000e+08 2.6175307322e-15
2.2536000000e+08 1.5821925180e-15
2.8371000000e+08 9.5633756451e-16
3.5717000000e+08 5.7801909191e-16
4.4965000000e+08 3.4935139243e-16
5.6608000000e+08 2.1113743363e-16
7.1264000000e+08 1.2760979286e-16
8.9716000000e+08 7.7122423444e-17
