# particle=gamma
# bin=14
# theta_mid_deg=116.743684
# spectrum_type=normalized_pdf
# energy_unit=keV_total
# pdf_unit=keV^-1
# pdf_integral=1.000000000000e+00
# Energy_keV PDF_per_keV
1.1294000000e+01 3.1197178969e-05
1.4219000000e+01 7.5452540595e-05
1.7901000000e+01 1.8487122984e-04
2.2536000000e+01 4.5892903689e-04
2.8371000000e+01 1.1370035279e-03
3.5717000000e+01 2.6475884476e-03
4.4965000000e+01 4.9780105126e-03
5.6607000000e+01 6.2156432169e-03
7.1264000000e+01 5.3106319133e-03
8.9717000000e+01 3.7185669506e-03
1.1294000000e+02 2.4610165544e-03
1.4219000000e+02 1.6556775734e-03
1.7901000000e+02 1.1351757898e-03
2.2536000000e+02 7.9113847329e-04
2.8371000000e+02 5.5823467809e-04
3.5717000000e+02 3.9774169439e-04
4.4965000000e+02 2.8558570455e-04
5.6608000000e+02 5.1877854473e-04
7.1264000000e+02 1.4849610680e-04
8.9717000000e+02 1.0692366701e-04
1.1294000000e+03 7.7660510409e-05
1.4219000000e+03 5.6944564255e-05
1.7901000000e+03 4.2082739583e-05
2.2536000000e+03 3.1309906889e-05
2.8371000000e+03 2.3421043319e-05
3.5717000000e+03 1.7581584542e-05
4.4965000000e+03 1.3196627703e-05
5.6607000000e+03 9.8772118993e-06
7.1265000000e+03 7.3732919370e-06
8.9717000000e+03 5.4948769535e-06
1.1295000000e+04 4.0874826090e-06
1.4219000000e+04 3.0327613753e-06
1.7901000000e+04 2.2416020223e-06
2.2536000000e+04 1.6488157775e-06
2.8371000000e+04 1.2054786833e-06
3.5717000000e+04 8.7302371248e-07
4.4965000000e+04 6.2548438022e-07
5.6607000000e+04 4.4244979446e-07
7.1265000000e+04 3.0784220755e-07
8.9716000000e+04 2.1040423537e-07
1.1294000000e+05 1.4090013769e-07
1.4219000000e+05 9.2196834108e-08
1.7901000000e+05 5.8865312752e-08
2.2536000000e+05 3.6624160464e-08
2.8371000000e+05 2.2162506799e-08
3.5717000000e+05 1.3035859939e-08
4.4965000000e+05 7.5128820088e-09
5.6608000000e+05 4.2075185981e-09
7.1265000000e+05 2.2810193525e-09
8.9716000000e+05 1.2041297285e-09
1.1294000000e+06 6.4753132355e-10
1.4219000000e+06 3.4663095637e-10
1.7901000000e+06 1.8325646872e-10
2.2536000000e+06 9.4280808404e-11
2.8371000000e+06 4.6128502934e-11
3.5717000000e+06 2.1520701868e-11
4.4965000000e+06 9.7399011929e-12
5.6608000000e+06 4.1649319879e-12
7.1265000000e+06 1.7433354409e-12
8.9717000000e+06 1.1125654261e-12
1.1294000000e+07 8.4462842114e-13
1.4219000000e+07 5.1214910174e-13
1.7901000000e+07 3.1034670986e-13
2.2536000000e+07 1.8796245714e-13
2.8371000000e+07 1.1378978373e-13
3.5717000000e+07 6.8861164917e-14
4.4965000000e+07 4.1660391376e-14
5.6608000000e+07 2.5198010970e-14
7.1264000000e+07 1.5238942731e-14
8.9716000000e+07 9.2143672385e-15
1.1294000000e+08 5.5715339339e-15
1.4219000000e+08 3.3678306404e-15
1.7901000000e+08 2.0357445439e-15
2.2536000000e+08 1.2305260627e-15
2.8371000000e+08 7.4377693266e-16
3.5717000000e+08 4.4954551944e-16
4.4965000000e+08 2.7170270909e-16
5.6608000000e+08 1.6420891386e-16
7.1264000000e+08 9.9246567150e-17
8.9716000000e+08 5.9980786782e-17
