# particle=gamma
# bin=07
# theta_mid_deg=75.522488
# spectrum_type=normalized_pdf
# energy_unit=keV_total
# pdf_unit=keV^-1
# pdf_integral=1.000000000000e+00
# Energy_keV PDF_per_keV
1.1294000000e+01 6.1231499624e-05
1.4219000000e+01 1.4624278752e-04
1.7901000000e+01 3.4570009402e-04
2.2536000000e+01 8.0365116543e-04
2.8371000000e+01 1.8158154744e-03
3.5717000000e+01 3.8367765869e-03
4.4965000000e+01 6.6808186991e-03
5.6607000000e+01 7.8901058360e-03
7.1264000000e+01 6.4124868139e-03
8.9717000000e+01 4.4869089696e-03
1.1294000000e+02 2.9884397345e-03
1.4219000000e+02 1.9156574342e-03
1.7901000000e+02 1.2074585426e-03
2.2536000000e+02 7.6057447840e-04
2.8371000000e+02 4.8533000454e-04
3.5717000000e+02 3.1572982709e-04
4.4965000000e+02 2.0999439529e-04
5.6608000000e+02 3.6120708134e-04
7.1264000000e+02 1.0144901077e-04
8.9717000000e+02 7.3602522215e-05
1.1294000000e+03 5.3153076266e-05
1.4219000000e+03 3.7905115605e-05
1.7901000000e+03 2.6740885590e-05
2.2536000000e+03 1.8675212788e-05
2.8371000000e+03 1.2940420110e-05
3.5717000000e+03 8.9420517821e-06
4.4965000000e+03 6.2458340238e-06
5.6607000000e+03 4.4673265354e-06
7.1265000000e+03 3.2765021428e-06
8.9717000000e+03 2.4523296484e-06
1.1295000000e+04 1.8657748940e-06
1.4219000000e+04 1.4405682129e-06
1.7901000000e+04 1.1269619147e-06
2.2536000000e+04 8.9133272711e-07
2.8371000000e+04 7.1057335785e-07
3.5717000000e+04 5.7281148853e-07
4.4965000000e+04 4.6405465233e-07
5.6607000000e+04 3.7626594602e-07
7.1265000000e+04 3.0504379363e-07
8.9716000000e+04 2.4568160308e-07
1.1294000000e+05 1.9597226866e-07
1.4219000000e+05 1.5433677330e-07
1.7901000000e+05 1.1961858880e-07
2.2536000000e+05 9.1009623171e-08
2.8371000000e+05 6.7911039255e-08
3.5717000000e+05 4.9647439306e-08
4.4965000000e+05 3.5386835402e-08
5.6608000000e+05 2.4766990903e-08
7.1265000000e+05 1.7059818386e-08
8.9716000000e+05 1.1547602848e-08
1.1294000000e+06 7.6113909742e-09
1.4219000000e+06 4.9429353330e-09
1.7901000000e+06 3.1782701852e-09
2.2536000000e+06 2.0311683630e-09
2.8371000000e+06 1.2935923689e-09
3.5717000000e+06 8.1957526282e-10
4.4965000000e+06 5.1574194197e-10
5.6608000000e+06 3.2294484459e-10
7.1265000000e+06 2.0098629868e-10
8.9717000000e+06 1.2324017386e-10
1.1294000000e+07 7.4653699342e-11
1.4219000000e+07 4.5267035898e-11
1.7901000000e+07 2.7430440878e-11
2.2536000000e+07 1.6613332457e-11
2.8371000000e+07 1.0057473903e-11
3.5717000000e+07 6.0863932274e-12
4.4965000000e+07 3.6822136864e-12
5.6608000000e+07 2.2271624869e-12
7.1264000000e+07 1.3469158987e-12
8.9716000000e+07 8.1442511788e-13
1.1294000000e+08 4.9244805025e-13
1.4219000000e+08 2.9767056112e-13
1.7901000000e+08 1.7993221317e-13
2.2536000000e+08 1.0876181812e-13
2.8371000000e+08 6.5739795298e-14
3.5717000000e+08 3.9733728121e-14
4.4965000000e+08 2.4014835219e-14
5.6608000000e+08 1.4513841327e-14
7.1264000000e+08 8.7720507614e-15
8.9716000000e+08 5.3014882174e-15
