# particle=gamma
# bin=00
# theta_mid_deg=18.194872
# spectrum_type=normalized_pdf
# energy_unit=keV_total
# pdf_unit=keV^-1
# pdf_integral=1.000000000000e+00
# Energy_keV PDF_per_keV
1.1294000000e+01 1.2574888505e-04
1.4219000000e+01 3.0106422974e-04
1.7901000000e+01 7.0232576660e-04
2.2536000000e+01 1.5619135021e-03
2.8371000000e+01 3.2017289332e-03
3.5717000000e+01 5.8020699188e-03
4.4965000000e+01 8.6233323750e-03
5.6607000000e+01 9.9186179802e-03
7.1264000000e+01 7.9363486875e-03
8.9717000000e+01 5.3528088826e-03
1.1294000000e+02 3.3524992118e-03
1.4219000000e+02 2.1055634057e-03
1.7901000000e+02 1.3328902459e-03
2.2536000000e+02 8.3647186936e-04
2.8371000000e+02 5.1099217903e-04
3.5717000000e+02 2.9376372290e-04
4.4965000000e+02 1.5142116335e-04
5.6608000000e+02 1.6759094943e-04
7.1264000000e+02 2.9600557973e-05
8.9717000000e+02 1.9764949830e-05
1.1294000000e+03 1.3891608657e-05
1.4219000000e+03 9.6268365081e-06
1.7901000000e+03 6.8680255204e-06
2.2536000000e+03 4.8912452612e-06
2.8371000000e+03 3.4831132283e-06
3.5717000000e+03 2.4886943978e-06
4.4965000000e+03 1.8019174449e-06
5.6607000000e+03 1.3333238097e-06
7.1265000000e+03 1.0055216666e-06
8.9717000000e+03 7.6675074263e-07
1.1295000000e+04 5.8782869217e-07
1.4219000000e+04 4.5214942898e-07
1.7901000000e+04 3.4866012649e-07
2.2536000000e+04 2.6939854686e-07
2.8371000000e+04 2.0838796214e-07
3.5717000000e+04 1.8304407900e-07
4.4965000000e+04 1.7061514085e-07
5.6607000000e+04 1.6237713965e-07
7.1265000000e+04 1.5958684258e-07
8.9716000000e+04 1.5229377090e-07
1.1294000000e+05 1.4064187664e-07
1.4219000000e+05 1.2541236640e-07
1.7901000000e+05 1.0777793761e-07
2.2536000000e+05 8.9218454732e-08
2.8371000000e+05 7.1231427197e-08
3.5717000000e+05 5.4892329184e-08
4.4965000000e+05 4.0690631495e-08
5.6608000000e+05 2.9260214529e-08
7.1265000000e+05 2.0473059130e-08
8.9716000000e+05 1.3930059948e-08
1.1294000000e+06 9.1504074101e-09
1.4219000000e+06 5.8728546462e-09
1.7901000000e+06 3.6997921169e-09
2.2536000000e+06 2.2962344108e-09
2.8371000000e+06 1.4079252195e-09
3.5717000000e+06 8.5203212143e-10
4.4965000000e+06 5.0818492142e-10
5.6608000000e+06 2.9907444596e-10
7.1265000000e+06 1.7339337102e-10
8.9717000000e+06 9.8134737153e-11
1.1294000000e+07 5.7043120090e-11
1.4219000000e+07 3.4588680636e-11
1.7901000000e+07 2.0959683806e-11
2.2536000000e+07 1.2694298164e-11
2.8371000000e+07 7.6849465826e-12
3.5717000000e+07 4.6506316880e-12
4.4965000000e+07 2.8135907445e-12
5.6608000000e+07 1.7017816709e-12
7.1264000000e+07 1.0291825595e-12
8.9716000000e+07 6.2230472453e-13
1.1294000000e+08 3.7628106197e-13
1.4219000000e+08 2.2745098656e-13
1.7901000000e+08 1.3748675463e-13
2.2536000000e+08 8.3105238013e-14
2.8371000000e+08 5.0231978736e-14
3.5717000000e+08 3.0360663234e-14
4.4965000000e+08 1.8349809071e-14
5.6608000000e+08 1.1090070567e-14
7.1264000000e+08 6.7027508272e-15
8.9716000000e+08 4.0508833682e-15
