# particle=gamma
# bin=09
# theta_mid_deg=87.134016
# spectrum_type=normalized_pdf
# energy_unit=keV_total
# pdf_unit=keV^-1
# pdf_integral=1.000000000000e+00
# Energy_keV PDF_per_keV
1.1294000000e+01 5.7705108744e-05
1.4219000000e+01 1.3653858855e-04
1.7901000000e+01 3.2126374814e-04
2.2536000000e+01 7.4844095536e-04
2.8371000000e+01 1.6997165635e-03
3.5717000000e+01 3.5653181565e-03
4.4965000000e+01 6.0375909079e-03
5.6607000000e+01 6.8874026870e-03
7.1264000000e+01 5.5004524843e-03
8.9717000000e+01 3.8573433537e-03
1.1294000000e+02 2.6301466797e-03
1.4219000000e+02 1.7572513823e-03
1.7901000000e+02 1.1629580385e-03
2.2536000000e+02 7.6590119674e-04
2.8371000000e+02 5.0802670808e-04
3.5717000000e+02 3.4352159600e-04
4.4965000000e+02 2.3826371514e-04
5.6608000000e+02 4.2702729118e-04
7.1264000000e+02 1.2308770322e-04
8.9717000000e+02 8.9917583119e-05
1.1294000000e+03 6.5390517614e-05
1.4219000000e+03 4.7117228054e-05
1.7901000000e+03 3.3651205225e-05
2.2536000000e+03 2.3837441613e-05
2.8371000000e+03 1.6759022557e-05
3.5717000000e+03 1.1735966493e-05
4.4965000000e+03 8.2888362927e-06
5.6607000000e+03 5.9795321257e-06
7.1265000000e+03 4.4125681149e-06
8.9717000000e+03 3.3159072835e-06
1.1295000000e+04 2.5284897313e-06
1.4219000000e+04 1.9537503266e-06
1.7901000000e+04 1.5275652277e-06
2.2536000000e+04 1.2059659641e-06
2.8371000000e+04 9.5844283894e-07
3.5717000000e+04 7.6538152686e-07
4.4965000000e+04 6.1165025663e-07
5.6607000000e+04 4.8764621118e-07
7.1265000000e+04 3.8690125261e-07
8.9716000000e+04 3.0455578704e-07
1.1294000000e+05 2.3730912676e-07
1.4219000000e+05 1.8260449688e-07
1.7901000000e+05 1.3840985876e-07
2.2536000000e+05 1.0313593639e-07
2.8371000000e+05 7.5507848175e-08
3.5717000000e+05 5.4268768569e-08
4.4965000000e+05 3.8108846667e-08
5.6608000000e+05 2.6334643149e-08
7.1265000000e+05 1.7949071915e-08
8.9716000000e+05 1.2046457598e-08
1.1294000000e+06 7.8858317058e-09
1.4219000000e+06 5.0940100721e-09
1.7901000000e+06 3.2630624708e-09
2.2536000000e+06 2.0804890855e-09
2.8371000000e+06 1.3235643578e-09
3.5717000000e+06 8.3847812839e-10
4.4965000000e+06 5.2803297545e-10
5.6608000000e+06 3.3114863310e-10
7.1265000000e+06 2.0654591574e-10
8.9717000000e+06 1.2700030344e-10
1.1294000000e+07 7.7049187788e-11
1.4219000000e+07 4.6719564874e-11
1.7901000000e+07 2.8310629064e-11
2.2536000000e+07 1.7146421190e-11
2.8371000000e+07 1.0380198198e-11
3.5717000000e+07 6.2816934574e-12
4.4965000000e+07 3.8003685859e-12
5.6608000000e+07 2.2986276930e-12
7.1264000000e+07 1.3901357458e-12
8.9716000000e+07 8.4055839697e-13
1.1294000000e+08 5.0824972686e-13
1.4219000000e+08 3.0722221625e-13
1.7901000000e+08 1.8570587933e-13
2.2536000000e+08 1.1225176813e-13
2.8371000000e+08 6.7849254326e-14
3.5717000000e+08 4.1008704278e-14
4.4965000000e+08 2.4785423426e-14
5.6608000000e+08 1.4979561573e-14
7.1264000000e+08 9.0535283899e-15
8.9716000000e+08 5.4716024098e-15
