# particle=gamma
# bin=12
# theta_mid_deg=104.477512
# spectrum_type=normalized_pdf
# energy_unit=keV_total
# pdf_unit=keV^-1
# pdf_integral=1.000000000000e+00
# Energy_keV PDF_per_keV
1.1294000000e+01 3.4219230285e-05
1.4219000000e+01 8.0668115730e-05
1.7901000000e+01 1.9231792623e-04
2.2536000000e+01 4.6415569993e-04
2.8371000000e+01 1.1180671293e-03
3.5717000000e+01 2.5334052274e-03
4.4965000000e+01 4.6409675055e-03
5.6607000000e+01 5.6700766386e-03
7.1264000000e+01 4.7512544917e-03
8.9717000000e+01 3.2425193281e-03
1.1294000000e+02 2.1330972146e-03
1.4219000000e+02 1.4242246352e-03
1.7901000000e+02 9.7474857779e-04
2.2536000000e+02 6.8505609258e-04
2.8371000000e+02 4.9274966683e-04
3.5717000000e+02 3.6126062400e-04
4.4965000000e+02 2.6869402169e-04
5.6608000000e+02 5.0750233029e-04
7.1264000000e+02 1.5116986399e-04
8.9717000000e+02 1.1308106734e-04
1.1294000000e+03 8.5044543940e-05
1.4219000000e+03 6.4324336675e-05
1.7901000000e+03 4.8864406377e-05
2.2536000000e+03 3.7268913224e-05
2.8371000000e+03 2.8521687011e-05
3.5717000000e+03 2.1867641198e-05
4.4965000000e+03 1.6738525526e-05
5.6607000000e+03 1.2759450353e-05
7.1265000000e+03 9.6867646717e-06
8.9717000000e+03 7.3296756791e-06
1.1295000000e+04 5.5265823272e-06
1.4219000000e+04 4.1488602437e-06
1.7901000000e+04 3.0963954542e-06
2.2536000000e+04 2.2944114995e-06
2.8371000000e+04 1.6856945506e-06
3.5717000000e+04 1.2237576820e-06
4.4965000000e+04 8.7708189741e-07
5.6607000000e+04 6.1979779264e-07
7.1265000000e+04 4.3057861467e-07
8.9716000000e+04 2.9391789774e-07
1.1294000000e+05 1.9676662669e-07
1.4219000000e+05 1.2891234224e-07
1.7901000000e+05 8.2507364859e-08
2.2536000000e+05 5.1522141956e-08
2.8371000000e+05 3.1373814743e-08
3.5717000000e+05 1.8621306766e-08
4.4965000000e+05 1.0800339366e-08
5.6608000000e+05 6.1036112900e-09
7.1265000000e+05 3.3504753033e-09
8.9716000000e+05 1.7899552962e-09
1.1294000000e+06 9.5501251405e-10
1.4219000000e+06 5.0661176908e-10
1.7901000000e+06 2.6576534113e-10
2.2536000000e+06 1.3629005938e-10
2.8371000000e+06 6.7106324853e-11
3.5717000000e+06 3.1529913373e-11
4.4965000000e+06 1.4159057207e-11
5.6608000000e+06 5.9583160613e-12
7.1265000000e+06 2.4190573007e-12
8.9717000000e+06 1.3224699587e-12
1.1294000000e+07 9.1619457732e-13
1.4219000000e+07 5.5554397419e-13
1.7901000000e+07 3.3664267689e-13
2.2536000000e+07 2.0388869196e-13
2.8371000000e+07 1.2343129855e-13
3.5717000000e+07 7.4695835832e-14
4.4965000000e+07 4.5190315306e-14
5.6608000000e+07 2.7333062009e-14
7.1264000000e+07 1.6530152603e-14
8.9716000000e+07 9.9951091936e-15
1.1294000000e+08 6.0436152156e-15
1.4219000000e+08 3.6531900808e-15
1.7901000000e+08 2.2082350833e-15
2.2536000000e+08 1.3347896870e-15
2.8371000000e+08 8.0679784788e-16
3.5717000000e+08 4.8763593181e-16
4.4965000000e+08 2.9472433378e-16
5.6608000000e+08 1.7812248873e-16
7.1264000000e+08 1.0765582162e-16
8.9716000000e+08 6.5063014951e-17
