# particle=gamma
# bin=13
# theta_mid_deg=110.487315
# spectrum_type=normalized_pdf
# energy_unit=keV_total
# pdf_unit=keV^-1
# pdf_integral=1.000000000000e+00
# Energy_keV PDF_per_keV
1.1294000000e+01 3.2737277750e-05
1.4219000000e+01 7.8141796250e-05
1.7901000000e+01 1.8884247289e-04
2.2536000000e+01 4.6232080130e-04
2.8371000000e+01 1.1299309423e-03
3.5717000000e+01 2.5971939939e-03
4.4965000000e+01 4.8233796819e-03
5.6607000000e+01 5.9610864231e-03
7.1264000000e+01 5.0472294745e-03
8.9717000000e+01 3.4884121910e-03
1.1294000000e+02 2.2986808126e-03
1.4219000000e+02 1.5405875588e-03
1.7901000000e+02 1.0557854416e-03
2.2536000000e+02 7.3930594119e-04
2.8371000000e+02 5.2688501343e-04
3.5717000000e+02 3.8081063981e-04
4.4965000000e+02 2.7819776219e-04
5.6608000000e+02 5.1504835958e-04
7.1264000000e+02 1.5031482829e-04
8.9717000000e+02 1.1026782395e-04
1.1294000000e+03 8.1467803570e-05
1.4219000000e+03 6.0652936446e-05
1.7901000000e+03 4.5433849608e-05
2.2536000000e+03 3.4218566783e-05
2.8371000000e+03 2.5888263556e-05
3.5717000000e+03 1.9640868872e-05
4.4965000000e+03 1.4888268873e-05
5.6607000000e+03 1.1245602730e-05
7.1265000000e+03 8.4658230665e-06
8.9717000000e+03 6.3578010613e-06
1.1295000000e+04 4.7622958188e-06
1.4219000000e+04 3.5549957528e-06
1.7901000000e+04 2.6409358007e-06
2.2536000000e+04 1.9500526250e-06
2.8371000000e+04 1.4293330326e-06
3.5717000000e+04 1.0363907092e-06
4.4965000000e+04 7.4259780826e-07
5.6607000000e+04 5.2495567701e-07
7.1265000000e+04 3.6491467639e-07
8.9716000000e+04 2.4922221663e-07
1.1294000000e+05 1.6685811308e-07
1.4219000000e+05 1.0925098456e-07
1.7901000000e+05 6.9843721525e-08
2.2536000000e+05 4.3540305442e-08
2.8371000000e+05 2.6437587923e-08
3.5717000000e+05 1.5627415868e-08
4.4965000000e+05 9.0376905243e-09
5.6608000000e+05 5.0865118492e-09
7.1265000000e+05 2.7764077503e-09
8.9716000000e+05 1.4752876434e-09
1.1294000000e+06 7.8979614534e-10
1.4219000000e+06 4.2062751774e-10
1.7901000000e+06 2.2140077583e-10
2.2536000000e+06 1.1368422357e-10
2.8371000000e+06 5.5801694033e-11
3.5717000000e+06 2.6123472229e-11
4.4965000000e+06 1.1763823654e-11
5.6608000000e+06 4.9821563684e-12
7.1265000000e+06 2.0499093012e-12
8.9717000000e+06 1.2072261205e-12
1.1294000000e+07 8.7655437017e-13
1.4219000000e+07 5.3150772822e-13
1.7901000000e+07 3.2207744612e-13
2.2536000000e+07 1.9506721431e-13
2.8371000000e+07 1.1809090212e-13
3.5717000000e+07 7.1464034991e-14
4.4965000000e+07 4.3235104585e-14
5.6608000000e+07 2.6150465794e-14
7.1264000000e+07 1.5814956629e-14
8.9716000000e+07 9.5626593530e-15
1.1294000000e+08 5.7821312853e-15
1.4219000000e+08 3.4951306301e-15
1.7901000000e+08 2.1126932647e-15
2.2536000000e+08 1.2770384833e-15
2.8371000000e+08 7.7189081546e-16
3.5717000000e+08 4.6653780502e-16
4.4965000000e+08 2.8197274811e-16
5.6608000000e+08 1.7041581536e-16
7.1264000000e+08 1.0299796926e-16
8.9716000000e+08 6.2247989132e-17
