# particle=gamma
# bin=08
# theta_mid_deg=81.373073
# spectrum_type=normalized_pdf
# energy_unit=keV_total
# pdf_unit=keV^-1
# pdf_integral=1.000000000000e+00
# Energy_keV PDF_per_keV
1.1294000000e+01 5.9120230290e-05
1.4219000000e+01 1.4079013060e-04
1.7901000000e+01 3.3253023996e-04
2.2536000000e+01 7.7499225117e-04
2.8371000000e+01 1.7604997990e-03
3.5717000000e+01 3.7277020248e-03
4.4965000000e+01 6.4425558485e-03
5.6607000000e+01 7.5016048350e-03
7.1264000000e+01 6.0505353045e-03
8.9717000000e+01 4.2404025121e-03
1.1294000000e+02 2.8560460302e-03
1.4219000000e+02 1.8626843488e-03
1.7901000000e+02 1.1954340714e-03
2.2536000000e+02 7.6464699306e-04
2.8371000000e+02 4.9462261547e-04
3.5717000000e+02 3.2664364236e-04
4.4965000000e+02 2.2119758305e-04
5.6608000000e+02 3.8773825471e-04
7.1264000000e+02 1.1024147544e-04
8.9717000000e+02 8.0204640327e-05
1.1294000000e+03 5.8064431387e-05
1.4219000000e+03 4.1556286349e-05
1.7901000000e+03 2.9433911132e-05
2.2536000000e+03 2.0649507698e-05
2.8371000000e+03 1.4373846713e-05
3.5717000000e+03 9.9732745284e-06
4.4965000000e+03 6.9893045456e-06
5.6607000000e+03 5.0115611534e-06
7.1265000000e+03 3.6820679455e-06
8.9717000000e+03 2.7589897724e-06
1.1295000000e+04 2.1004591870e-06
1.4219000000e+04 1.6222129996e-06
1.7901000000e+04 1.2689828568e-06
2.2536000000e+04 1.0032587282e-06
2.8371000000e+04 7.9919913875e-07
3.5717000000e+04 6.4189959052e-07
4.4965000000e+04 5.1714598987e-07
5.6607000000e+04 4.1641021612e-07
7.1265000000e+04 3.3453087120e-07
8.9716000000e+04 2.6685589336e-07
1.1294000000e+05 2.1079695713e-07
1.4219000000e+05 1.6443113559e-07
1.7901000000e+05 1.2629022008e-07
2.2536000000e+05 9.5283839706e-08
2.8371000000e+05 7.0565914713e-08
3.5717000000e+05 5.1247445661e-08
4.4965000000e+05 3.6320823047e-08
5.6608000000e+05 2.5301367107e-08
7.1265000000e+05 1.7362787270e-08
8.9716000000e+05 1.1719345061e-08
1.1294000000e+06 7.7083068402e-09
1.4219000000e+06 4.9987580197e-09
1.7901000000e+06 3.2117789461e-09
2.2536000000e+06 2.0523685695e-09
2.8371000000e+06 1.3076827934e-09
3.5717000000e+06 8.2923274306e-10
4.4965000000e+06 5.2246993050e-10
5.6608000000e+06 3.2767522268e-10
7.1265000000e+06 2.0431000791e-10
8.9717000000e+06 1.2554027483e-10
1.1294000000e+07 7.6128561899e-11
1.4219000000e+07 4.6161333928e-11
1.7901000000e+07 2.7972358164e-11
2.2536000000e+07 1.6941546360e-11
2.8371000000e+07 1.0256169906e-11
3.5717000000e+07 6.2066363440e-12
4.4965000000e+07 3.7549597009e-12
5.6608000000e+07 2.2711624305e-12
7.1264000000e+07 1.3735256427e-12
8.9716000000e+07 8.3051494494e-13
1.1294000000e+08 5.0217688079e-13
1.4219000000e+08 3.0355135697e-13
1.7901000000e+08 1.8348696379e-13
2.2536000000e+08 1.1091052253e-13
2.8371000000e+08 6.7038554280e-14
3.5717000000e+08 4.0518709822e-14
4.4965000000e+08 2.4489273613e-14
5.6608000000e+08 1.4800577568e-14
7.1264000000e+08 8.9453518748e-15
8.9716000000e+08 5.4062247078e-15
