# particle=gamma
# bin=01
# theta_mid_deg=31.788331
# spectrum_type=normalized_pdf
# energy_unit=keV_total
# pdf_unit=keV^-1
# pdf_integral=1.000000000000e+00
# Energy_keV PDF_per_keV
1.1294000000e+01 1.0301083027e-04
1.4219000000e+01 2.4677704896e-04
1.7901000000e+01 5.7761461762e-04
2.2536000000e+01 1.2964301421e-03
2.8371000000e+01 2.7145872798e-03
3.5717000000e+01 5.1241528177e-03
4.4965000000e+01 8.0662947937e-03
5.6607000000e+01 9.5338881442e-03
7.1264000000e+01 7.7675340455e-03
8.9717000000e+01 5.3000530375e-03
1.1294000000e+02 3.3413989032e-03
1.4219000000e+02 2.0688496660e-03
1.7901000000e+02 1.2844191225e-03
2.2536000000e+02 7.9698302216e-04
2.8371000000e+02 4.8904593710e-04
3.5717000000e+02 2.9009749743e-04
4.4965000000e+02 1.6221418460e-04
5.6608000000e+02 2.1485405077e-04
7.1264000000e+02 4.8290492859e-05
8.9717000000e+02 3.3794255661e-05
1.1294000000e+03 2.4067126466e-05
1.4219000000e+03 1.6888593401e-05
1.7901000000e+03 1.1889908694e-05
2.2536000000e+03 8.3072242489e-06
2.8371000000e+03 5.7776717246e-06
3.5717000000e+03 4.0215959494e-06
4.4965000000e+03 2.8369514957e-06
5.6607000000e+03 2.0509828854e-06
7.1265000000e+03 1.5186393989e-06
8.9717000000e+03 1.1441295448e-06
1.1295000000e+04 8.7263360322e-07
1.4219000000e+04 6.7241156347e-07
1.7901000000e+04 5.2279381750e-07
2.2536000000e+04 4.0957844346e-07
2.8371000000e+04 3.2271238515e-07
3.5717000000e+04 2.7118499606e-07
4.4965000000e+04 2.3573364913e-07
5.6607000000e+04 2.0830479214e-07
7.1265000000e+04 1.8866205563e-07
8.9716000000e+04 1.6876534235e-07
1.1294000000e+05 1.4818011313e-07
1.4219000000e+05 1.2707343321e-07
1.7901000000e+05 1.0598944393e-07
2.2536000000e+05 8.5771865823e-08
2.8371000000e+05 6.7327087715e-08
3.5717000000e+05 5.1244826694e-08
4.4965000000e+05 3.7662473726e-08
5.6608000000e+05 2.6938739045e-08
7.1265000000e+05 1.8803359886e-08
8.9716000000e+05 1.2796998470e-08
1.1294000000e+06 8.4265826085e-09
1.4219000000e+06 5.4333284248e-09
1.7901000000e+06 3.4468824222e-09
2.2536000000e+06 2.1597702023e-09
2.8371000000e+06 1.3405741305e-09
3.5717000000e+06 8.2350855938e-10
4.4965000000e+06 5.0004264844e-10
5.6608000000e+06 3.0063497451e-10
7.1265000000e+06 1.7877316139e-10
8.9717000000e+06 1.0425529609e-10
1.1294000000e+07 6.1575700704e-11
1.4219000000e+07 3.7337057356e-11
1.7901000000e+07 2.2625116137e-11
2.2536000000e+07 1.3702972473e-11
2.8371000000e+07 8.2955835856e-12
3.5717000000e+07 5.0201655247e-12
4.4965000000e+07 3.0371554240e-12
5.6608000000e+07 1.8370032821e-12
7.1264000000e+07 1.1109602201e-12
8.9716000000e+07 6.7175234109e-13
1.1294000000e+08 4.0617992171e-13
1.4219000000e+08 2.4552397994e-13
1.7901000000e+08 1.4841129378e-13
2.2536000000e+08 8.9708684494e-14
2.8371000000e+08 5.4223353903e-14
3.5717000000e+08 3.2773086561e-14
4.4965000000e+08 1.9807863762e-14
5.6608000000e+08 1.1971274799e-14
7.1264000000e+08 7.2353436869e-15
8.9716000000e+08 4.3727618944e-15
