# particle=gamma
# bin=18
# theta_mid_deg=148.211669
# spectrum_type=normalized_pdf
# energy_unit=keV_total
# pdf_unit=keV^-1
# pdf_integral=1.000000000000e+00
# Energy_keV PDF_per_keV
1.1294000000e+01 2.4559127013e-05
1.4219000000e+01 6.3400008496e-05
1.7901000000e+01 1.6525462570e-04
2.2536000000e+01 4.3430248622e-04
2.8371000000e+01 1.1329052073e-03
3.5717000000e+01 2.7620421206e-03
4.4965000000e+01 5.4242298915e-03
5.6607000000e+01 7.0277569606e-03
7.1264000000e+01 6.1847506464e-03
8.9717000000e+01 4.5616816822e-03
1.1294000000e+02 3.1543950283e-03
1.4219000000e+02 2.1506248715e-03
1.7901000000e+02 1.4614779685e-03
2.2536000000e+02 9.8991598877e-04
2.8371000000e+02 6.6778380923e-04
3.5717000000e+02 4.4926078154e-04
4.4965000000e+02 3.0191227309e-04
5.6608000000e+02 5.1001232634e-04
7.1264000000e+02 1.3526933151e-04
8.9717000000e+02 9.0233643809e-05
1.1294000000e+03 6.0904086550e-05
1.4219000000e+03 4.1712281241e-05
1.7901000000e+03 2.8948990195e-05
2.2536000000e+03 2.0303256400e-05
2.8371000000e+03 1.4327555803e-05
3.5717000000e+03 1.0140821217e-05
4.4965000000e+03 7.1903982798e-06
5.6607000000e+03 5.1023103072e-06
7.1265000000e+03 3.6192231507e-06
8.9717000000e+03 2.5649462946e-06
1.1295000000e+04 1.8161654260e-06
1.4219000000e+04 1.2861526791e-06
1.7901000000e+04 9.1235483485e-07
2.2536000000e+04 6.4972845759e-07
2.8371000000e+04 4.6513421642e-07
3.5717000000e+04 3.3393464032e-07
4.4965000000e+04 2.3971826551e-07
5.6607000000e+04 1.7107425535e-07
7.1265000000e+04 1.2034718665e-07
8.9716000000e+04 8.3011960836e-08
1.1294000000e+05 5.5792687281e-08
1.4219000000e+05 3.6333314267e-08
1.7901000000e+05 2.2935959333e-08
2.2536000000e+05 1.4009713352e-08
2.8371000000e+05 8.1975055031e-09
3.5717000000e+05 4.5797990337e-09
4.4965000000e+05 2.5433423107e-09
5.6608000000e+05 1.3478053863e-09
7.1265000000e+05 6.7341217192e-10
8.9716000000e+05 3.2626362109e-10
1.1294000000e+06 1.8729569809e-10
1.4219000000e+06 1.0736136495e-10
1.7901000000e+06 6.0040768974e-11
2.2536000000e+06 3.1747297749e-11
2.8371000000e+06 1.5100376702e-11
3.5717000000e+06 6.8691044157e-12
4.4965000000e+06 3.3655827035e-12
5.6608000000e+06 1.6239733965e-12
7.1265000000e+06 7.9980294103e-13
8.9717000000e+06 8.2141296604e-13
1.1294000000e+07 7.4562458072e-13
1.4219000000e+07 4.5211710818e-13
1.7901000000e+07 2.7396915570e-13
2.2536000000e+07 1.6593027749e-13
2.8371000000e+07 1.0045181723e-13
3.5717000000e+07 6.0789544768e-14
4.4965000000e+07 3.6777133086e-14
5.6608000000e+07 2.2244404633e-14
7.1264000000e+07 1.3452697068e-14
8.9716000000e+07 8.1342973275e-15
1.1294000000e+08 4.9184618341e-15
1.4219000000e+08 2.9730675008e-15
1.7901000000e+08 1.7971230118e-15
2.2536000000e+08 1.0862889013e-15
2.8371000000e+08 6.5659448543e-16
3.5717000000e+08 3.9685165815e-16
4.4965000000e+08 2.3985484442e-16
5.6608000000e+08 1.4496102604e-16
7.1264000000e+08 8.7613296175e-17
8.9716000000e+08 5.2950087726e-17
