# particle=muminus
# bin=19
# theta_mid_deg=161.805128
# spectrum_type=normalized_pdf
# energy_unit=keV_total
# pdf_unit=keV^-1
# pdf_integral=1.000000000000e+00
# Energy_keV PDF_per_keV
1.1294000000e+01 2.0177292465e-09
1.4219000000e+01 2.4289219213e-09
1.7901000000e+01 2.9251054710e-09
2.2536000000e+01 3.5242507546e-09
2.8371000000e+01 4.2482924350e-09
3.5717000000e+01 5.1240170300e-09
4.4965000000e+01 6.1841396080e-09
5.6607000000e+01 7.4687653684e-09
7.1264000000e+01 9.0273908030e-09
8.9717000000e+01 1.0920971648e-08
1.1294000000e+02 1.3224033767e-08
1.4219000000e+02 1.6032141643e-08
1.7901000000e+02 1.9460565901e-08
2.2536000000e+02 2.3655354178e-08
2.8371000000e+02 2.8800342258e-08
3.5717000000e+02 3.5127716460e-08
4.4965000000e+02 4.2931584975e-08
5.6608000000e+02 5.2587389102e-08
7.1264000000e+02 6.4573395261e-08
8.9717000000e+02 7.9508860163e-08
1.1294000000e+03 9.8180164041e-08
1.4219000000e+03 1.2162838946e-07
1.7901000000e+03 1.5116583782e-07
2.2536000000e+03 1.8849934911e-07
2.8371000000e+03 2.3582379856e-07
3.5717000000e+03 2.9593979972e-07
4.4965000000e+03 3.7237656002e-07
5.6607000000e+03 4.6951142310e-07
7.1265000000e+03 5.9266908194e-07
8.9717000000e+03 7.4804026635e-07
1.1295000000e+04 9.3008328729e-07
1.4219000000e+04 1.1362050608e-06
1.7901000000e+04 1.3764452180e-06
2.2536000000e+04 1.6467007943e-06
2.8371000000e+04 1.9368124624e-06
3.5717000000e+04 2.2274329832e-06
4.4965000000e+04 2.4815910123e-06
5.6607000000e+04 2.6728826284e-06
7.1265000000e+04 2.7782841241e-06
8.9716000000e+04 2.7692020232e-06
1.1294000000e+05 2.6715245281e-06
1.4219000000e+05 2.4622409725e-06
1.7901000000e+05 2.1238964829e-06
2.2536000000e+05 1.7051322383e-06
2.8371000000e+05 1.2574760563e-06
3.5717000000e+05 8.3455556165e-07
4.4965000000e+05 4.7259827513e-07
5.6608000000e+05 2.3060926095e-07
7.1265000000e+05 1.5761172104e-07
8.9716000000e+05 1.2785023783e-07
1.1294000000e+06 9.8643969526e-08
1.4219000000e+06 7.0362151704e-08
1.7901000000e+06 5.0325281698e-08
2.2536000000e+06 3.5650493022e-08
2.8371000000e+06 2.3727968775e-08
3.5717000000e+06 1.5118100678e-08
4.4965000000e+06 9.6093996122e-09
5.6608000000e+06 6.6624720916e-09
7.1265000000e+06 3.6878017997e-09
8.9717000000e+06 2.0225884712e-09
1.1294000000e+07 1.6903812142e-09
1.4219000000e+07 9.8751909772e-10
1.7901000000e+07 4.5872854096e-10
2.2536000000e+07 2.7513150186e-10
2.8371000000e+07 1.6371570354e-10
3.5717000000e+07 9.6854220875e-11
4.4965000000e+07 5.7163562341e-11
5.6608000000e+07 3.3784836106e-11
7.1264000000e+07 3.3530996032e-11
8.9716000000e+07 6.1214397982e-11
1.1294000000e+08 4.8340953575e-11
1.4219000000e+08 2.6438903427e-11
1.7901000000e+08 1.4436235195e-11
2.2536000000e+08 7.8723031820e-12
2.8371000000e+08 4.2884367949e-12
3.5717000000e+08 2.1737741596e-12
4.4965000000e+08 1.0787551313e-12
5.6608000000e+08 5.3502688265e-13
7.1264000000e+08 2.6526013937e-13
8.9716000000e+08 1.3146186902e-13
