# particle=muminus
# bin=03
# theta_mid_deg=49.458398
# spectrum_type=normalized_pdf
# energy_unit=keV_total
# pdf_unit=keV^-1
# pdf_integral=1.000000000000e+00
# Energy_keV PDF_per_keV
1.1294000000e+01 5.1918352424e-11
1.4219000000e+01 6.2498783985e-11
1.7901000000e+01 7.5266122540e-11
2.2536000000e+01 9.0682777693e-11
2.8371000000e+01 1.0931315201e-10
3.5717000000e+01 1.3184649152e-10
4.4965000000e+01 1.5912459026e-10
5.6607000000e+01 1.9217939832e-10
7.1264000000e+01 2.3228451388e-10
8.9717000000e+01 2.8100839387e-10
1.1294000000e+02 3.4026866923e-10
1.4219000000e+02 4.1252431730e-10
1.7901000000e+02 5.0074137575e-10
2.2536000000e+02 6.0867780801e-10
2.8371000000e+02 7.4106390730e-10
3.5717000000e+02 9.0387407833e-10
4.4965000000e+02 1.1046760425e-09
5.6608000000e+02 1.3531303098e-09
7.1264000000e+02 1.6615431918e-09
8.9717000000e+02 2.0458488322e-09
1.1294000000e+03 2.5262816438e-09
1.4219000000e+03 3.1296298053e-09
1.7901000000e+03 3.8896602486e-09
2.2536000000e+03 4.8502918098e-09
2.8371000000e+03 6.0680009990e-09
3.5717000000e+03 7.6148506272e-09
4.4965000000e+03 9.5816510123e-09
5.6607000000e+03 1.2081035934e-08
7.1265000000e+03 1.5250015492e-08
8.9717000000e+03 1.9247883849e-08
1.1295000000e+04 2.4653943331e-08
1.4219000000e+04 3.1891800072e-08
1.7901000000e+04 4.0887214938e-08
2.2536000000e+04 5.1917411500e-08
2.8371000000e+04 6.5204720208e-08
3.5717000000e+04 8.0894399438e-08
4.4965000000e+04 9.8899244934e-08
5.6607000000e+04 1.1990301906e-07
7.1265000000e+04 1.4507362777e-07
8.9716000000e+04 1.7445291820e-07
1.1294000000e+05 2.1025372862e-07
1.4219000000e+05 2.5079808799e-07
1.7901000000e+05 2.9138113369e-07
2.2536000000e+05 3.3007458323e-07
2.8371000000e+05 3.6290109989e-07
3.5717000000e+05 3.8608410070e-07
4.4965000000e+05 3.9886995426e-07
5.6608000000e+05 3.9972239263e-07
7.1265000000e+05 3.7688543129e-07
8.9716000000e+05 3.4077534464e-07
1.1294000000e+06 2.9709817160e-07
1.4219000000e+06 2.4566711176e-07
1.7901000000e+06 1.9138867080e-07
2.2536000000e+06 1.4399872118e-07
2.8371000000e+06 1.0511256584e-07
3.5717000000e+06 7.3908228281e-08
4.4965000000e+06 4.9895711615e-08
5.6608000000e+06 3.2317688799e-08
7.1265000000e+06 2.0310558689e-08
8.9717000000e+06 1.2297314214e-08
1.1294000000e+07 7.1954557346e-09
1.4219000000e+07 4.1344075108e-09
1.7901000000e+07 2.3439287638e-09
2.2536000000e+07 1.3106195765e-09
2.8371000000e+07 7.2628201939e-10
3.5717000000e+07 3.9942881832e-10
4.4965000000e+07 2.1819023190e-10
5.6608000000e+07 1.1850754545e-10
7.1264000000e+07 6.3669660779e-11
8.9716000000e+07 3.3003201080e-11
1.1294000000e+08 1.7486710090e-11
1.4219000000e+08 9.5639288250e-12
1.7901000000e+08 5.2221199826e-12
2.2536000000e+08 2.8477031027e-12
2.8371000000e+08 1.5512861337e-12
3.5717000000e+08 7.8633447871e-13
4.4965000000e+08 3.9022561294e-13
5.6608000000e+08 1.9353900358e-13
7.1264000000e+08 9.5954399171e-14
8.9716000000e+08 4.7554618217e-14
