# particle=muminus
# bin=08
# theta_mid_deg=81.373073
# spectrum_type=normalized_pdf
# energy_unit=keV_total
# pdf_unit=keV^-1
# pdf_integral=1.000000000000e+00
# Energy_keV PDF_per_keV
1.1294000000e+01 3.9382672247e-11
1.4219000000e+01 4.7408459833e-11
1.7901000000e+01 5.7093125973e-11
2.2536000000e+01 6.8787431526e-11
2.8371000000e+01 8.2919504124e-11
3.5717000000e+01 1.0001217142e-10
4.4965000000e+01 1.2070397638e-10
5.6607000000e+01 1.4577770486e-10
7.1264000000e+01 1.7619944492e-10
8.9717000000e+01 2.1315894973e-10
1.1294000000e+02 2.5811083847e-10
1.4219000000e+02 3.1292036869e-10
1.7901000000e+02 3.7983742860e-10
2.2536000000e+02 4.6171262179e-10
2.8371000000e+02 5.6213411274e-10
3.5717000000e+02 6.8563378685e-10
4.4965000000e+02 8.3795214002e-10
5.6608000000e+02 1.0264171533e-09
7.1264000000e+02 1.2603637806e-09
8.9717000000e+02 1.5518788687e-09
1.1294000000e+03 1.9163112336e-09
1.4219000000e+03 2.3739810514e-09
1.7901000000e+03 2.9505022322e-09
2.2536000000e+03 3.6791894143e-09
2.8371000000e+03 4.6028828609e-09
3.5717000000e+03 5.7762458255e-09
4.4965000000e+03 7.2681624856e-09
5.6607000000e+03 9.1640712072e-09
7.1265000000e+03 1.1567901018e-08
8.9717000000e+03 1.4600484524e-08
1.1295000000e+04 1.8696616460e-08
1.4219000000e+04 2.4159569658e-08
1.7901000000e+04 3.0922772694e-08
2.2536000000e+04 3.9031872137e-08
2.8371000000e+04 4.8441291354e-08
3.5717000000e+04 5.9022373233e-08
4.4965000000e+04 7.0326895439e-08
5.6607000000e+04 8.2262148386e-08
7.1265000000e+04 9.4992234520e-08
8.9716000000e+04 1.0818212387e-07
1.1294000000e+05 1.2371789147e-07
1.4219000000e+05 1.4236592535e-07
1.7901000000e+05 1.6396836732e-07
2.2536000000e+05 1.8911459624e-07
2.8371000000e+05 2.1547287263e-07
3.5717000000e+05 2.3936291634e-07
4.4965000000e+05 2.5968368711e-07
5.6608000000e+05 2.7457348473e-07
7.1265000000e+05 2.6844220364e-07
8.9716000000e+05 2.5167722677e-07
1.1294000000e+06 2.3046017918e-07
1.4219000000e+06 2.1237470001e-07
1.7901000000e+06 1.8992582125e-07
2.2536000000e+06 1.5741447010e-07
2.8371000000e+06 1.2286172035e-07
3.5717000000e+06 9.1083842693e-08
4.4965000000e+06 6.4452822965e-08
5.6608000000e+06 4.3900140510e-08
7.1265000000e+06 2.9174400985e-08
8.9717000000e+06 1.8725872047e-08
1.1294000000e+07 1.1598956745e-08
1.4219000000e+07 7.0201344869e-09
1.7901000000e+07 4.1611975352e-09
2.2536000000e+07 2.4131225123e-09
2.8371000000e+07 1.3771065621e-09
3.5717000000e+07 7.7607597033e-10
4.4965000000e+07 4.3316503218e-10
5.6608000000e+07 2.3985786706e-10
7.1264000000e+07 1.3085112179e-10
8.9716000000e+07 6.8352913555e-11
1.1294000000e+08 3.6276588636e-11
1.4219000000e+08 1.9840593797e-11
1.7901000000e+08 1.0833409912e-11
2.2536000000e+08 5.9076266195e-12
2.8371000000e+08 3.2181793282e-12
3.5717000000e+08 1.6312692478e-12
4.4965000000e+08 8.0953215117e-13
5.6608000000e+08 4.0150118473e-13
7.1264000000e+08 1.9905964293e-13
8.9716000000e+08 9.8653166545e-14
