# particle=muminus
# bin=14
# theta_mid_deg=116.743684
# spectrum_type=normalized_pdf
# energy_unit=keV_total
# pdf_unit=keV^-1
# pdf_integral=1.000000000000e+00
# Energy_keV PDF_per_keV
1.1294000000e+01 5.9045557063e-10
1.4219000000e+01 7.1078440356e-10
1.7901000000e+01 8.5598443052e-10
2.2536000000e+01 1.0313145304e-09
2.8371000000e+01 1.2431935247e-09
3.5717000000e+01 1.4994600512e-09
4.4965000000e+01 1.8096876414e-09
5.6607000000e+01 2.1856124280e-09
7.1264000000e+01 2.6417187524e-09
8.9717000000e+01 3.1958443173e-09
1.1294000000e+02 3.8697979015e-09
1.4219000000e+02 4.6915448931e-09
1.7901000000e+02 5.6948173614e-09
2.2536000000e+02 6.9223537665e-09
2.8371000000e+02 8.4279506538e-09
3.5717000000e+02 1.0279553564e-08
4.4965000000e+02 1.2563228465e-08
5.6608000000e+02 1.5388842132e-08
7.1264000000e+02 1.8896351437e-08
8.9717000000e+02 2.3266971760e-08
1.1294000000e+03 2.8730824457e-08
1.4219000000e+03 3.5592565370e-08
1.7901000000e+03 4.4236218108e-08
2.2536000000e+03 5.5161261569e-08
2.8371000000e+03 6.9009990209e-08
3.5717000000e+03 8.6601957928e-08
4.4965000000e+03 1.0896992974e-07
5.6607000000e+03 1.3739486391e-07
7.1265000000e+03 1.7343494504e-07
8.9717000000e+03 2.1890178927e-07
1.1295000000e+04 2.7403742141e-07
1.4219000000e+04 3.3991712431e-07
1.7901000000e+04 4.1972879839e-07
2.2536000000e+04 5.1449548281e-07
2.8371000000e+04 6.2415017914e-07
3.5717000000e+04 7.4665742732e-07
4.4965000000e+04 8.7828398776e-07
5.6607000000e+04 1.0061107384e-06
7.1265000000e+04 1.1076560027e-06
8.9716000000e+04 1.1710356093e-06
1.1294000000e+05 1.2230121308e-06
1.4219000000e+05 1.2623188085e-06
1.7901000000e+05 1.2488678079e-06
2.2536000000e+05 1.1740585326e-06
2.8371000000e+05 1.0516217742e-06
3.5717000000e+05 9.0074704028e-07
4.4965000000e+05 7.2839649371e-07
5.6608000000e+05 5.4838439870e-07
7.1265000000e+05 4.3318393711e-07
8.9716000000e+05 3.3869236486e-07
1.1294000000e+06 2.4850154201e-07
1.4219000000e+06 1.6644090869e-07
1.7901000000e+06 1.1002284412e-07
2.2536000000e+06 7.0622535615e-08
2.8371000000e+06 4.1807790708e-08
3.5717000000e+06 2.3407003475e-08
4.4965000000e+06 1.2902232606e-08
5.6608000000e+06 7.1038357244e-09
7.1265000000e+06 3.0529679013e-09
8.9717000000e+06 1.4643859294e-09
1.1294000000e+07 1.0391951820e-09
1.4219000000e+07 6.7134529319e-10
1.7901000000e+07 4.1088872249e-10
2.2536000000e+07 2.7602588620e-10
2.8371000000e+07 1.8241298685e-10
3.5717000000e+07 1.1799354174e-10
4.4965000000e+07 7.4817736372e-11
5.6608000000e+07 4.6756032634e-11
7.1264000000e+07 3.2481374318e-11
8.9716000000e+07 3.0549270750e-11
1.1294000000e+08 2.0930574735e-11
1.4219000000e+08 1.1447466447e-11
1.7901000000e+08 6.2505738363e-12
2.2536000000e+08 3.4085349564e-12
2.8371000000e+08 1.8567992601e-12
3.5717000000e+08 9.4119662810e-13
4.4965000000e+08 4.6707735835e-13
5.6608000000e+08 2.3165492867e-13
7.1264000000e+08 1.1485183392e-13
8.9716000000e+08 5.6920111642e-14
