# particle=muminus
# bin=12
# theta_mid_deg=104.477512
# spectrum_type=normalized_pdf
# energy_unit=keV_total
# pdf_unit=keV^-1
# pdf_integral=1.000000000000e+00
# Energy_keV PDF_per_keV
1.1294000000e+01 4.0721079920e-10
1.4219000000e+01 4.9019621362e-10
1.7901000000e+01 5.9033417820e-10
2.2536000000e+01 7.1125150653e-10
2.8371000000e+01 8.5737497273e-10
3.5717000000e+01 1.0341105346e-09
4.4965000000e+01 1.2480606288e-09
5.6607000000e+01 1.5073191410e-09
7.1264000000e+01 1.8218752739e-09
8.9717000000e+01 2.2040308929e-09
1.1294000000e+02 2.6688265377e-09
1.4219000000e+02 3.2355486855e-09
1.7901000000e+02 3.9274608360e-09
2.2536000000e+02 4.7740377936e-09
2.8371000000e+02 5.8123806295e-09
3.5717000000e+02 7.0893483446e-09
4.4965000000e+02 8.6642967874e-09
5.6608000000e+02 1.0612996159e-08
7.1264000000e+02 1.3031968455e-08
8.9717000000e+02 1.6046189818e-08
1.1294000000e+03 1.9814364654e-08
1.4219000000e+03 2.4546600474e-08
1.7901000000e+03 3.0507741184e-08
2.2536000000e+03 3.8042255041e-08
2.8371000000e+03 4.7593103806e-08
3.5717000000e+03 5.9725497149e-08
4.4965000000e+03 7.5151686912e-08
5.6607000000e+03 9.4755092717e-08
7.1265000000e+03 1.1961032479e-07
8.9717000000e+03 1.5096677377e-07
1.1295000000e+04 1.8928407290e-07
1.4219000000e+04 2.3556429766e-07
1.7901000000e+04 2.9200880520e-07
2.2536000000e+04 3.5966539124e-07
2.8371000000e+04 4.3901582568e-07
3.5717000000e+04 5.2972072605e-07
4.4965000000e+04 6.3239269711e-07
5.6607000000e+04 7.4007317590e-07
7.1265000000e+04 8.3893496896e-07
8.9716000000e+04 9.1559926685e-07
1.1294000000e+05 9.8727774494e-07
1.4219000000e+05 1.0549502352e-06
1.7901000000e+05 1.0842381583e-06
2.2536000000e+05 1.0625179631e-06
2.8371000000e+05 9.9449748784e-07
3.5717000000e+05 8.9125315189e-07
4.4965000000e+05 7.5393350608e-07
5.6608000000e+05 5.8943328611e-07
7.1265000000e+05 4.7342656725e-07
8.9716000000e+05 3.7279251870e-07
1.1294000000e+06 2.7503973082e-07
1.4219000000e+06 1.8489597501e-07
1.7901000000e+06 1.2241410285e-07
2.2536000000e+06 7.8514018712e-08
2.8371000000e+06 4.6305962249e-08
3.5717000000e+06 2.5746670735e-08
4.4965000000e+06 1.4043000097e-08
5.6608000000e+06 7.5657852335e-09
7.1265000000e+06 3.1653747016e-09
8.9717000000e+06 1.4866357054e-09
1.1294000000e+07 1.0181569880e-09
1.4219000000e+07 6.7361047243e-10
1.7901000000e+07 4.3408446796e-10
2.2536000000e+07 2.9660820872e-10
2.8371000000e+07 1.9875449931e-10
3.5717000000e+07 1.2993399573e-10
4.4965000000e+07 8.3034052357e-11
5.6608000000e+07 5.2185782588e-11
7.1264000000e+07 3.4756953204e-11
8.9716000000e+07 2.8266054546e-11
1.1294000000e+08 1.8412216023e-11
1.4219000000e+08 1.0070111682e-11
1.7901000000e+08 5.4985071934e-12
2.2536000000e+08 2.9984213398e-12
2.8371000000e+08 1.6333898864e-12
3.5717000000e+08 8.2795221137e-13
4.4965000000e+08 4.1087879002e-13
5.6608000000e+08 2.0378229664e-13
7.1264000000e+08 1.0103290538e-13
8.9716000000e+08 5.0071505675e-14
