# particle=muminus
# bin=13
# theta_mid_deg=110.487315
# spectrum_type=normalized_pdf
# energy_unit=keV_total
# pdf_unit=keV^-1
# pdf_integral=1.000000000000e+00
# Energy_keV PDF_per_keV
1.1294000000e+01 4.9127142022e-10
1.4219000000e+01 5.9138753326e-10
1.7901000000e+01 7.1219700142e-10
2.2536000000e+01 8.5807532226e-10
2.8371000000e+01 1.0343630899e-09
3.5717000000e+01 1.2475822155e-09
4.4965000000e+01 1.5056980778e-09
5.6607000000e+01 1.8184753857e-09
7.1264000000e+01 2.1979654150e-09
8.9717000000e+01 2.6590095084e-09
1.1294000000e+02 3.2197530274e-09
1.4219000000e+02 3.9034637614e-09
1.7901000000e+02 4.7382074998e-09
2.2536000000e+02 5.7595435379e-09
2.8371000000e+02 7.0122317296e-09
3.5717000000e+02 8.5528041904e-09
4.4965000000e+02 1.0452869611e-08
5.6608000000e+02 1.2803839452e-08
7.1264000000e+02 1.5722160767e-08
8.9717000000e+02 1.9358608555e-08
1.1294000000e+03 2.3904648609e-08
1.4219000000e+03 2.9613760981e-08
1.7901000000e+03 3.6805461370e-08
2.2536000000e+03 4.5895326694e-08
2.8371000000e+03 5.7417759416e-08
3.5717000000e+03 7.2054645569e-08
4.4965000000e+03 9.0665267312e-08
5.6607000000e+03 1.1431540879e-07
7.1265000000e+03 1.4430151226e-07
8.9717000000e+03 1.8213088038e-07
1.1295000000e+04 2.2818751090e-07
1.4219000000e+04 2.8353282058e-07
1.7901000000e+04 3.5082929182e-07
2.2536000000e+04 4.3115435198e-07
2.8371000000e+04 5.2480672775e-07
3.5717000000e+04 6.3078854819e-07
4.4965000000e+04 7.4796166303e-07
5.6607000000e+04 8.6654645432e-07
7.1265000000e+04 9.6780116748e-07
8.9716000000e+04 1.0386828018e-06
1.1294000000e+05 1.1016237763e-06
1.4219000000e+05 1.1568531534e-06
1.7901000000e+05 1.1665303542e-06
2.2536000000e+05 1.1194867079e-06
2.8371000000e+05 1.0249747590e-06
3.5717000000e+05 8.9823440573e-07
4.4965000000e+05 7.4337717268e-07
5.6608000000e+05 5.7068775741e-07
7.1265000000e+05 4.5441589505e-07
8.9716000000e+05 3.5629442971e-07
1.1294000000e+06 2.6195211105e-07
1.4219000000e+06 1.7565126493e-07
1.7901000000e+06 1.1612205822e-07
2.2536000000e+06 7.4453583177e-08
2.8371000000e+06 4.3959735076e-08
3.5717000000e+06 2.4507766959e-08
4.4965000000e+06 1.3426844214e-08
5.6608000000e+06 7.3019928971e-09
7.1265000000e+06 3.0889746692e-09
8.9717000000e+06 1.4644847099e-09
1.1294000000e+07 1.0200583923e-09
1.4219000000e+07 6.6715026451e-10
1.7901000000e+07 4.1959238923e-10
2.2536000000e+07 2.8444979868e-10
2.8371000000e+07 1.8939209116e-10
3.5717000000e+07 1.2321393603e-10
4.4965000000e+07 7.8460146638e-11
5.6608000000e+07 4.9184176126e-11
7.1264000000e+07 3.3393566432e-11
8.9716000000e+07 2.9118605701e-11
1.1294000000e+08 1.9456777489e-11
1.4219000000e+08 1.0641409054e-11
1.7901000000e+08 5.8104483920e-12
2.2536000000e+08 3.1685277184e-12
2.8371000000e+08 1.7260553283e-12
3.5717000000e+08 8.7492357942e-13
4.4965000000e+08 4.3418875720e-13
5.6608000000e+08 2.1534326976e-13
7.1264000000e+08 1.0676470212e-13
8.9716000000e+08 5.2912161319e-14
