# particle=muminus
# bin=00
# theta_mid_deg=18.194872
# spectrum_type=normalized_pdf
# energy_unit=keV_total
# pdf_unit=keV^-1
# pdf_integral=1.000000000000e+00
# Energy_keV PDF_per_keV
1.1294000000e+01 6.3806312747e-11
1.4219000000e+01 7.6809389572e-11
1.7901000000e+01 9.2500118548e-11
2.2536000000e+01 1.1144678912e-10
2.8371000000e+01 1.3434303746e-10
3.5717000000e+01 1.6203592910e-10
4.4965000000e+01 1.9556000716e-10
5.6607000000e+01 2.3618351162e-10
7.1264000000e+01 2.8547166170e-10
8.9717000000e+01 3.4535205042e-10
1.1294000000e+02 4.1818139663e-10
1.4219000000e+02 5.0698171989e-10
1.7901000000e+02 6.1539820382e-10
2.2536000000e+02 7.4804928829e-10
2.8371000000e+02 9.1074838139e-10
3.5717000000e+02 1.1108378720e-09
4.4965000000e+02 1.3576182941e-09
5.6608000000e+02 1.6629621647e-09
7.1264000000e+02 2.0419936224e-09
8.9717000000e+02 2.5142953181e-09
1.1294000000e+03 3.1047348217e-09
1.4219000000e+03 3.8462341121e-09
1.7901000000e+03 4.7802918759e-09
2.2536000000e+03 5.9608832269e-09
2.8371000000e+03 7.4574163358e-09
3.5717000000e+03 9.3584545340e-09
4.4965000000e+03 1.1775601354e-08
5.6607000000e+03 1.4847280800e-08
7.1265000000e+03 1.8741874740e-08
8.9717000000e+03 2.3655151584e-08
1.1295000000e+04 3.0530815529e-08
1.4219000000e+04 4.0120336226e-08
1.7901000000e+04 5.2338076789e-08
2.2536000000e+04 6.7812055219e-08
2.8371000000e+04 8.7130933806e-08
3.5717000000e+04 1.1070529630e-07
4.4965000000e+04 1.3850924569e-07
5.6607000000e+04 1.7107774724e-07
7.1265000000e+04 2.0896278730e-07
8.9716000000e+04 2.5067278948e-07
1.1294000000e+05 2.9777270650e-07
1.4219000000e+05 3.4690947207e-07
1.7901000000e+05 3.9182609030e-07
2.2536000000e+05 4.3126372173e-07
2.8371000000e+05 4.6177265040e-07
3.5717000000e+05 4.8020567084e-07
4.4965000000e+05 4.8605096971e-07
5.6608000000e+05 4.7766576468e-07
7.1265000000e+05 4.4451410358e-07
8.9716000000e+05 3.9721556872e-07
1.1294000000e+06 3.4118380882e-07
1.4219000000e+06 2.7036822273e-07
1.7901000000e+06 1.9270811025e-07
2.2536000000e+06 1.3521067572e-07
2.8371000000e+06 9.3048832996e-08
3.5717000000e+06 6.1690674776e-08
4.4965000000e+06 3.9188840595e-08
5.6608000000e+06 2.3820668455e-08
7.1265000000e+06 1.3954814029e-08
8.9717000000e+06 7.8083662544e-09
1.1294000000e+07 4.1953569906e-09
1.4219000000e+07 2.2117839416e-09
1.7901000000e+07 1.1583771947e-09
2.2536000000e+07 6.0681242835e-10
2.8371000000e+07 3.2102687816e-10
3.5717000000e+07 1.7209851429e-10
4.4965000000e+07 9.3554975200e-11
5.6608000000e+07 5.1537846850e-11
7.1264000000e+07 2.8520767169e-11
8.9716000000e+07 1.5370597230e-11
1.1294000000e+08 8.2824612989e-12
1.4219000000e+08 4.5298898393e-12
1.7901000000e+08 2.4734216117e-12
2.2536000000e+08 1.3487952061e-12
2.8371000000e+08 7.3475612622e-13
3.5717000000e+08 3.7244197762e-13
4.4965000000e+08 1.8482770747e-13
5.6608000000e+08 9.1668432700e-14
7.1264000000e+08 4.5448148538e-14
8.9716000000e+08 2.2523921478e-14
