# particle=muminus
# bin=04
# theta_mid_deg=56.632987
# spectrum_type=normalized_pdf
# energy_unit=keV_total
# pdf_unit=keV^-1
# pdf_integral=1.000000000000e+00
# Energy_keV PDF_per_keV
1.1294000000e+01 4.9079837494e-11
1.4219000000e+01 5.9081808616e-11
1.7901000000e+01 7.1151122687e-11
2.2536000000e+01 8.5724908147e-11
2.8371000000e+01 1.0333671017e-10
3.5717000000e+01 1.2463809185e-10
4.4965000000e+01 1.5042482411e-10
5.6607000000e+01 1.8167243757e-10
7.1264000000e+01 2.1958489940e-10
8.9717000000e+01 2.6564491479e-10
1.1294000000e+02 3.2166527269e-10
1.4219000000e+02 3.8997051159e-10
1.7901000000e+02 4.7336450795e-10
2.2536000000e+02 5.7539976730e-10
2.8371000000e+02 7.0054796511e-10
3.5717000000e+02 8.5445686946e-10
4.4965000000e+02 1.0442804542e-09
5.6608000000e+02 1.2791510634e-09
7.1264000000e+02 1.5707021898e-09
8.9717000000e+02 1.9339968149e-09
1.1294000000e+03 2.3881630821e-09
1.4219000000e+03 2.9585245889e-09
1.7901000000e+03 3.6770021388e-09
2.2536000000e+03 4.5851134080e-09
2.8371000000e+03 5.7362471851e-09
3.5717000000e+03 7.1985264145e-09
4.4965000000e+03 9.0577965720e-09
5.6607000000e+03 1.1420533447e-08
7.1265000000e+03 1.4416256433e-08
8.9717000000e+03 1.8195550654e-08
1.1295000000e+04 2.3281889114e-08
1.4219000000e+04 3.0048321728e-08
1.7901000000e+04 3.8419752127e-08
2.2536000000e+04 4.8598451203e-08
2.8371000000e+04 6.0716586591e-08
3.5717000000e+04 7.4824999123e-08
4.4965000000e+04 9.0734841052e-08
5.6607000000e+04 1.0899425057e-07
7.1265000000e+04 1.3069924283e-07
8.9716000000e+04 1.5610921125e-07
1.1294000000e+05 1.8765130211e-07
1.4219000000e+05 2.2435735626e-07
1.7901000000e+05 2.6234913100e-07
2.2536000000e+05 2.9977774859e-07
2.8371000000e+05 3.3259036376e-07
3.5717000000e+05 3.5680632235e-07
4.4965000000e+05 3.7154951195e-07
5.6608000000e+05 3.7525896731e-07
7.1265000000e+05 3.5567466990e-07
8.9716000000e+05 3.2316129687e-07
1.1294000000e+06 2.8351165236e-07
1.4219000000e+06 2.3829433516e-07
1.7901000000e+06 1.9094982037e-07
2.2536000000e+06 1.4665942639e-07
2.8371000000e+06 1.0875757329e-07
3.5717000000e+06 7.7555574748e-08
4.4965000000e+06 5.3056381353e-08
5.6608000000e+06 3.4828216265e-08
7.1265000000e+06 2.2205131339e-08
8.9717000000e+06 1.3649150528e-08
1.1294000000e+07 8.1072834891e-09
1.4219000000e+07 4.7234916395e-09
1.7901000000e+07 2.7098753182e-09
2.2536000000e+07 1.5295038408e-09
2.8371000000e+07 8.5340301948e-10
3.5717000000e+07 4.7151105303e-10
4.4965000000e+07 2.5826334635e-10
5.6608000000e+07 1.4040762106e-10
7.1264000000e+07 7.5373687118e-11
8.9716000000e+07 3.8968934833e-11
1.1294000000e+08 2.0619539499e-11
1.4219000000e+08 1.1277353325e-11
1.7901000000e+08 6.1576882498e-12
2.2536000000e+08 3.3578830040e-12
2.8371000000e+08 1.8292066114e-12
3.5717000000e+08 9.2721013614e-13
4.4965000000e+08 4.6013643493e-13
5.6608000000e+08 2.2821246011e-13
7.1264000000e+08 1.1314509783e-13
8.9716000000e+08 5.6074260031e-14
