# particle=muminus
# bin=02
# theta_mid_deg=41.409622
# spectrum_type=normalized_pdf
# energy_unit=keV_total
# pdf_unit=keV^-1
# pdf_integral=1.000000000000e+00
# Energy_keV PDF_per_keV
1.1294000000e+01 5.5174272235e-11
1.4219000000e+01 6.6418227101e-11
1.7901000000e+01 7.9986234949e-11
2.2536000000e+01 9.6369704159e-11
2.8371000000e+01 1.1616843229e-10
3.5717000000e+01 1.4011488957e-10
4.4965000000e+01 1.6910366089e-10
5.6607000000e+01 2.0423141232e-10
7.1264000000e+01 2.4685161233e-10
8.9717000000e+01 2.9863107938e-10
1.1294000000e+02 3.6160770350e-10
1.4219000000e+02 4.3839467017e-10
1.7901000000e+02 5.3214402414e-10
2.2536000000e+02 6.4684939939e-10
2.8371000000e+02 7.8753773678e-10
3.5717000000e+02 9.6055810973e-10
4.4965000000e+02 1.1739528289e-09
5.6608000000e+02 1.4379882373e-09
7.1264000000e+02 1.7657424035e-09
8.9717000000e+02 2.1741487384e-09
1.1294000000e+03 2.6847106014e-09
1.4219000000e+03 3.3258961198e-09
1.7901000000e+03 4.1335898279e-09
2.2536000000e+03 5.1544648133e-09
2.8371000000e+03 6.4485393587e-09
3.5717000000e+03 8.0923955003e-09
4.4965000000e+03 1.0182538481e-08
5.6607000000e+03 1.2838665604e-08
7.1265000000e+03 1.6206379191e-08
8.9717000000e+03 2.0454963108e-08
1.1295000000e+04 2.6246100426e-08
1.4219000000e+04 3.4078369233e-08
1.7901000000e+04 4.3877794353e-08
2.2536000000e+04 5.6016765704e-08
2.8371000000e+04 7.0826827182e-08
3.5717000000e+04 8.8554787854e-08
4.4965000000e+04 1.0919305973e-07
5.6607000000e+04 1.3348992083e-07
7.1265000000e+04 1.6255732225e-07
8.9716000000e+04 1.9605976756e-07
1.1294000000e+05 2.3595591791e-07
1.4219000000e+05 2.7990191292e-07
1.7901000000e+05 3.2251234724e-07
2.2536000000e+05 3.6194682214e-07
2.8371000000e+05 3.9437580646e-07
3.5717000000e+05 4.1624123078e-07
4.4965000000e+05 4.2689470833e-07
5.6608000000e+05 4.2479502988e-07
7.1265000000e+05 3.9863320583e-07
8.9716000000e+05 3.5888636410e-07
1.1294000000e+06 3.1116944074e-07
1.4219000000e+06 2.5344641088e-07
1.7901000000e+06 1.9183629639e-07
2.2536000000e+06 1.4122635701e-07
2.8371000000e+06 1.0130392316e-07
3.5717000000e+06 7.0069472662e-08
4.4965000000e+06 4.6548089015e-08
5.6608000000e+06 2.9659887668e-08
7.1265000000e+06 1.8314361981e-08
8.9717000000e+06 1.0880774131e-08
1.1294000000e+07 6.2447402949e-09
1.4219000000e+07 3.5229020882e-09
1.7901000000e+07 1.9655955984e-09
2.2536000000e+07 1.0852624987e-09
2.8371000000e+07 5.9602063216e-10
3.5717000000e+07 3.2600401659e-10
4.4965000000e+07 1.7768281888e-10
5.6608000000e+07 9.6576219194e-11
7.1264000000e+07 5.2065695670e-11
8.9716000000e+07 2.7140558305e-11
1.1294000000e+08 1.4418247316e-11
1.4219000000e+08 7.8857080838e-12
1.7901000000e+08 4.3057737583e-12
2.2536000000e+08 2.3480052798e-12
2.8371000000e+08 1.2790757678e-12
3.5717000000e+08 6.4835323106e-13
4.4965000000e+08 3.2175116803e-13
5.6608000000e+08 1.5957794260e-13
7.1264000000e+08 7.9116897988e-14
8.9716000000e+08 3.9210019664e-14
