# particle=muminus
# bin=11
# theta_mid_deg=98.626927
# spectrum_type=normalized_pdf
# energy_unit=keV_total
# pdf_unit=keV^-1
# pdf_integral=1.000000000000e+00
# Energy_keV PDF_per_keV
1.1294000000e+01 3.3090806045e-10
1.4219000000e+01 3.9834375367e-10
1.7901000000e+01 4.7971796993e-10
2.2536000000e+01 5.7797793423e-10
2.8371000000e+01 6.9672093633e-10
3.5717000000e+01 8.4033997129e-10
4.4965000000e+01 1.0142003179e-09
5.6607000000e+01 1.2248792380e-09
7.1264000000e+01 1.4804941677e-09
8.9717000000e+01 1.7910418618e-09
1.1294000000e+02 2.1687445789e-09
1.4219000000e+02 2.6292749163e-09
1.7901000000e+02 3.1915372831e-09
2.2536000000e+02 3.8794835252e-09
2.8371000000e+02 4.7232627536e-09
3.5717000000e+02 5.7609535778e-09
4.4965000000e+02 7.0407898089e-09
5.6608000000e+02 8.6243439062e-09
7.1264000000e+02 1.0590051673e-08
8.9717000000e+02 1.3039471351e-08
1.1294000000e+03 1.6101569481e-08
1.4219000000e+03 1.9947083843e-08
1.7901000000e+03 2.4791232167e-08
2.2536000000e+03 3.0913936603e-08
2.8371000000e+03 3.8675157196e-08
3.5717000000e+03 4.8534195212e-08
4.4965000000e+03 6.1069841478e-08
5.6607000000e+03 7.6999981362e-08
7.1265000000e+03 9.7197865735e-08
8.9717000000e+03 1.2267877571e-07
1.1295000000e+04 1.5393231416e-07
1.4219000000e+04 1.9186837304e-07
1.7901000000e+04 2.3826016022e-07
2.2536000000e+04 2.9406861728e-07
2.8371000000e+04 3.5983854298e-07
3.5717000000e+04 4.3561293762e-07
4.4965000000e+04 5.2293518579e-07
5.6607000000e+04 6.1710094987e-07
7.1265000000e+04 7.1015424790e-07
8.9716000000e+04 7.9006223532e-07
1.1294000000e+05 8.6811431035e-07
1.4219000000e+05 9.4505638841e-07
1.7901000000e+05 9.9153596580e-07
2.2536000000e+05 9.9470066606e-07
2.8371000000e+05 9.5436021300e-07
3.5717000000e+05 8.7673057658e-07
4.4965000000e+05 7.5942785889e-07
5.6608000000e+05 6.0555479510e-07
7.1265000000e+05 4.9175424303e-07
8.9716000000e+05 3.8986326294e-07
1.1294000000e+06 2.8932078565e-07
1.4219000000e+06 1.9540915103e-07
1.7901000000e+06 1.2981920890e-07
2.2536000000e+06 8.3447340097e-08
2.8371000000e+06 4.9246377477e-08
3.5717000000e+06 2.7349819192e-08
4.4965000000e+06 1.4871853770e-08
5.6608000000e+06 7.9567794149e-09
7.1265000000e+06 3.3088314508e-09
8.9717000000e+06 1.5426151322e-09
1.1294000000e+07 1.0396168441e-09
1.4219000000e+07 6.9578593910e-10
1.7901000000e+07 4.5892704975e-10
2.2536000000e+07 3.1591160575e-10
2.8371000000e+07 2.1294335236e-10
3.5717000000e+07 1.3982899225e-10
4.4965000000e+07 8.9646661870e-11
5.6608000000e+07 5.6473504682e-11
7.1264000000e+07 3.6967844101e-11
8.9716000000e+07 2.8070732912e-11
1.1294000000e+08 1.7787757379e-11
1.4219000000e+08 9.7285792842e-12
1.7901000000e+08 5.3120228320e-12
2.2536000000e+08 2.8967285223e-12
2.8371000000e+08 1.5779927287e-12
3.5717000000e+08 7.9987183719e-13
4.4965000000e+08 3.9694364980e-13
5.6608000000e+08 1.9687092777e-13
7.1264000000e+08 9.7606328642e-14
8.9716000000e+08 4.8373307886e-14
