# particle=muminus
# bin=10
# theta_mid_deg=92.865984
# spectrum_type=normalized_pdf
# energy_unit=keV_total
# pdf_unit=keV^-1
# pdf_integral=1.000000000000e+00
# Energy_keV PDF_per_keV
1.1294000000e+01 2.4974218587e-10
1.4219000000e+01 3.0063710033e-10
1.7901000000e+01 3.6205166550e-10
2.2536000000e+01 4.3621020438e-10
2.8371000000e+01 5.2582765541e-10
3.5717000000e+01 6.3421948992e-10
4.4965000000e+01 7.6543497900e-10
5.6607000000e+01 9.2443809897e-10
7.1264000000e+01 1.1173552228e-09
8.9717000000e+01 1.3517310789e-09
1.1294000000e+02 1.6367900226e-09
1.4219000000e+02 1.9843604413e-09
1.7901000000e+02 2.4087098280e-09
2.2536000000e+02 2.9279150660e-09
2.8371000000e+02 3.5647302243e-09
3.5717000000e+02 4.3478939053e-09
4.4965000000e+02 5.3138090222e-09
5.6608000000e+02 6.5089454030e-09
7.1264000000e+02 7.9924999399e-09
8.9717000000e+02 9.8411204415e-09
1.1294000000e+03 1.2152140243e-08
1.4219000000e+03 1.5054418179e-08
1.7901000000e+03 1.8710382888e-08
2.2536000000e+03 2.3331296587e-08
2.8371000000e+03 2.9188827507e-08
3.5717000000e+03 3.6629618467e-08
4.4965000000e+03 4.6090493175e-08
5.6607000000e+03 5.8113252459e-08
7.1265000000e+03 7.3356954249e-08
8.9717000000e+03 9.2587849218e-08
1.1295000000e+04 1.1628357253e-07
1.4219000000e+04 1.4521989318e-07
1.7901000000e+04 1.8071420868e-07
2.2536000000e+04 2.2358158795e-07
2.8371000000e+04 2.7434477090e-07
3.5717000000e+04 3.3323162206e-07
4.4965000000e+04 4.0174406469e-07
5.6607000000e+04 4.7676525827e-07
7.1265000000e+04 5.5665430589e-07
8.9716000000e+04 6.3389102868e-07
1.1294000000e+05 7.1375355625e-07
1.4219000000e+05 7.9501702436e-07
1.7901000000e+05 8.5654838538e-07
2.2536000000e+05 8.8764567764e-07
2.8371000000e+05 8.8240748785e-07
3.5717000000e+05 8.4016427925e-07
4.4965000000e+05 7.5301745334e-07
5.6608000000e+05 6.1816459980e-07
7.1265000000e+05 5.1182282674e-07
8.9716000000e+05 4.1157299042e-07
1.1294000000e+06 3.0932865799e-07
1.4219000000e+06 2.1117765658e-07
1.7901000000e+06 1.4152336581e-07
2.2536000000e+06 9.1605565667e-08
2.8371000000e+06 5.4309973000e-08
3.5717000000e+06 3.0216372881e-08
4.4965000000e+06 1.6414710663e-08
5.6608000000e+06 8.7500097164e-09
7.1265000000e+06 3.6538549317e-09
8.9717000000e+06 1.6967254740e-09
1.1294000000e+07 1.1235842599e-09
1.4219000000e+07 7.6260183487e-10
1.7901000000e+07 5.1651944035e-10
2.2536000000e+07 3.5854280919e-10
2.8371000000e+07 2.4327439986e-10
3.5717000000e+07 1.6053076937e-10
4.4965000000e+07 1.0328571999e-10
5.6608000000e+07 6.5233248223e-11
7.1264000000e+07 4.1927758900e-11
8.9716000000e+07 2.9389677367e-11
1.1294000000e+08 1.7969649469e-11
1.4219000000e+08 9.8280607184e-12
1.7901000000e+08 5.3663419298e-12
2.2536000000e+08 2.9263495696e-12
2.8371000000e+08 1.5941287929e-12
3.5717000000e+08 8.0805107850e-13
4.4965000000e+08 4.0100267244e-13
5.6608000000e+08 1.9888406882e-13
7.1264000000e+08 9.8604420683e-14
8.9716000000e+08 4.8867958328e-14
