# particle=muminus
# bin=09
# theta_mid_deg=87.134016
# spectrum_type=normalized_pdf
# energy_unit=keV_total
# pdf_unit=keV^-1
# pdf_integral=1.000000000000e+00
# Energy_keV PDF_per_keV
1.1294000000e+01 3.6760063863e-11
1.4219000000e+01 4.4251390566e-11
1.7901000000e+01 5.3291126203e-11
2.2536000000e+01 6.4206673434e-11
2.8371000000e+01 7.7397649606e-11
3.5717000000e+01 9.3352065736e-11
4.4965000000e+01 1.1266594233e-10
5.6607000000e+01 1.3606993723e-10
7.1264000000e+01 1.6446580383e-10
8.9717000000e+01 1.9896406613e-10
1.1294000000e+02 2.4092247592e-10
1.4219000000e+02 2.9208207775e-10
1.7901000000e+02 3.5454293313e-10
2.2536000000e+02 4.3096581555e-10
2.8371000000e+02 5.2469994303e-10
3.5717000000e+02 6.3997540932e-10
4.4965000000e+02 7.8215043378e-10
5.6608000000e+02 9.5806500556e-10
7.1264000000e+02 1.1764324365e-09
8.9717000000e+02 1.4485346745e-09
1.1294000000e+03 1.7886984126e-09
1.4219000000e+03 2.2158906463e-09
1.7901000000e+03 2.7540195801e-09
2.2536000000e+03 3.4341813320e-09
2.8371000000e+03 4.2963633057e-09
3.5717000000e+03 5.3915885673e-09
4.4965000000e+03 6.7841540935e-09
5.6607000000e+03 8.5538086576e-09
7.1265000000e+03 1.0797560346e-08
8.9717000000e+03 1.3628195166e-08
1.1295000000e+04 1.7469362734e-08
1.4219000000e+04 2.2621320167e-08
1.7901000000e+04 2.9023511999e-08
2.2536000000e+04 3.6699089422e-08
2.8371000000e+04 4.5585438265e-08
3.5717000000e+04 5.5554801750e-08
4.4965000000e+04 6.6175488117e-08
5.6607000000e+04 7.7287206547e-08
7.1265000000e+04 8.8888943980e-08
8.9716000000e+04 1.0040898655e-07
1.1294000000e+05 1.1318175399e-07
1.4219000000e+05 1.2740366864e-07
1.7901000000e+05 1.4287516088e-07
2.2536000000e+05 1.6107688254e-07
2.8371000000e+05 1.8145401664e-07
3.5717000000e+05 2.0179062118e-07
4.4965000000e+05 2.2177540724e-07
5.6608000000e+05 2.3975618515e-07
7.1265000000e+05 2.3811061045e-07
8.9716000000e+05 2.2751741910e-07
1.1294000000e+06 2.1442198802e-07
1.4219000000e+06 2.0705977066e-07
1.7901000000e+06 1.9079389735e-07
2.2536000000e+06 1.6138272910e-07
2.8371000000e+06 1.2726629766e-07
3.5717000000e+06 9.4804015580e-08
4.4965000000e+06 6.7381817993e-08
5.6608000000e+06 4.6246687281e-08
7.1265000000e+06 3.1039306197e-08
8.9717000000e+06 2.0138072799e-08
1.1294000000e+07 1.2608033532e-08
1.4219000000e+07 7.7088788285e-09
1.7901000000e+07 4.6126189886e-09
2.2536000000e+07 2.6986457146e-09
2.8371000000e+07 1.5537203931e-09
3.5717000000e+07 8.8418703994e-10
4.4965000000e+07 4.9930033936e-10
5.6608000000e+07 2.8039433572e-10
7.1264000000e+07 1.5534114875e-10
8.9716000000e+07 8.2273212643e-11
1.1294000000e+08 4.3894343331e-11
1.4219000000e+08 2.4006938600e-11
1.7901000000e+08 1.3108327768e-11
2.2536000000e+08 7.1481746454e-12
2.8371000000e+08 3.8939678080e-12
3.5717000000e+08 1.9738209992e-12
4.4965000000e+08 9.7952656292e-13
5.6608000000e+08 4.8581279312e-13
7.1264000000e+08 2.4086036308e-13
8.9716000000e+08 1.1936943703e-13
