# particle=muminus
# bin=05
# theta_mid_deg=63.256316
# spectrum_type=normalized_pdf
# energy_unit=keV_total
# pdf_unit=keV^-1
# pdf_integral=1.000000000000e+00
# Energy_keV PDF_per_keV
1.1294000000e+01 4.6510671253e-11
1.4219000000e+01 5.5989072456e-11
1.7901000000e+01 6.7426598082e-11
2.2536000000e+01 8.1237494349e-11
2.8371000000e+01 9.7927377113e-11
3.5717000000e+01 1.1811370232e-10
4.4965000000e+01 1.4255058492e-10
5.6607000000e+01 1.7216248975e-10
7.1264000000e+01 2.0809036031e-10
8.9717000000e+01 2.5173928711e-10
1.1294000000e+02 3.0482716561e-10
1.4219000000e+02 3.6955685245e-10
1.7901000000e+02 4.4858545049e-10
2.2536000000e+02 5.4527950341e-10
2.8371000000e+02 6.6387660935e-10
3.5717000000e+02 8.0972889449e-10
4.4965000000e+02 9.8961584594e-10
5.6608000000e+02 1.2121917600e-09
7.1264000000e+02 1.4884811547e-09
8.9717000000e+02 1.8327585146e-09
1.1294000000e+03 2.2631506884e-09
1.4219000000e+03 2.8036556675e-09
1.7901000000e+03 3.4845233075e-09
2.2536000000e+03 4.3450979724e-09
2.8371000000e+03 5.4359737252e-09
3.5717000000e+03 6.8217075009e-09
4.4965000000e+03 8.5836510500e-09
5.6607000000e+03 1.0822706509e-08
7.1265000000e+03 1.3661613361e-08
8.9717000000e+03 1.7243074101e-08
1.1295000000e+04 2.2053742537e-08
1.4219000000e+04 2.8434215519e-08
1.7901000000e+04 3.6309330909e-08
2.2536000000e+04 4.5824131374e-08
2.8371000000e+04 5.7040861042e-08
3.5717000000e+04 6.9932545709e-08
4.4965000000e+04 8.4208884098e-08
5.6607000000e+04 1.0024338562e-07
7.1265000000e+04 1.1895806730e-07
8.9716000000e+04 1.4066407799e-07
1.1294000000e+05 1.6790769334e-07
1.4219000000e+05 2.0041343656e-07
1.7901000000e+05 2.3524854013e-07
2.2536000000e+05 2.7083632713e-07
2.8371000000e+05 3.0316585131e-07
3.5717000000e+05 3.2809401156e-07
4.4965000000e+05 3.4461468589e-07
5.6608000000e+05 3.5111365839e-07
7.1265000000e+05 3.3474926258e-07
8.9716000000e+05 3.0584703324e-07
1.1294000000e+06 2.7028436195e-07
1.4219000000e+06 2.3129673572e-07
1.7901000000e+06 1.9053723706e-07
2.2536000000e+06 1.4924974948e-07
2.8371000000e+06 1.1228111191e-07
3.5717000000e+06 8.1045448991e-08
4.4965000000e+06 5.6056358894e-08
5.6608000000e+06 3.7212452340e-08
7.1265000000e+06 2.4014543720e-08
8.9717000000e+06 1.4948644524e-08
1.1294000000e+07 8.9890519974e-09
1.4219000000e+07 5.2962060849e-09
1.7901000000e+07 3.0674268050e-09
2.2536000000e+07 1.7444585965e-09
2.8371000000e+07 9.7897008048e-10
3.5717000000e+07 5.4323151912e-10
4.4965000000e+07 2.9850919689e-10
5.6608000000e+07 1.6265302174e-10
7.1264000000e+07 8.7407383914e-11
8.9716000000e+07 4.5168817700e-11
1.1294000000e+08 2.3888491211e-11
1.4219000000e+08 1.3065226593e-11
1.7901000000e+08 7.1339072169e-12
2.2536000000e+08 3.8902303631e-12
2.8371000000e+08 2.1192028107e-12
3.5717000000e+08 1.0742068798e-12
4.4965000000e+08 5.3308490146e-13
5.6608000000e+08 2.6439248792e-13
7.1264000000e+08 1.3108273709e-13
8.9716000000e+08 6.4964082638e-14
