# particle=muplus
# bin=16
# theta_mid_deg=130.541602
# spectrum_type=normalized_pdf
# energy_unit=keV_total
# pdf_unit=keV^-1
# pdf_integral=1.000000000000e+00
# Energy_keV PDF_per_keV
1.1294000000e+01 2.2910003472e-09
1.4219000000e+01 2.6645235181e-09
1.7901000000e+01 3.0994989209e-09
2.2536000000e+01 3.6062374584e-09
2.8371000000e+01 4.1968688931e-09
3.5717000000e+01 4.8856581348e-09
4.4965000000e+01 5.6893692307e-09
5.6607000000e+01 6.6277989798e-09
7.1264000000e+01 7.7245372825e-09
8.9717000000e+01 9.0075725852e-09
1.1294000000e+02 1.0509757615e-08
1.4219000000e+02 1.2272451077e-08
1.7901000000e+02 1.4343123827e-08
2.2536000000e+02 1.6780568498e-08
2.8371000000e+02 1.9656824052e-08
3.5717000000e+02 2.3060690659e-08
4.4965000000e+02 2.7102295795e-08
5.6608000000e+02 3.1920042513e-08
7.1264000000e+02 3.7687898532e-08
8.9717000000e+02 4.4630093942e-08
1.1294000000e+03 5.3029542844e-08
1.4219000000e+03 6.3263890917e-08
1.7901000000e+03 7.5809602300e-08
2.2536000000e+03 9.1294370402e-08
2.8371000000e+03 1.1053707426e-07
3.5717000000e+03 1.3460118581e-07
4.4965000000e+03 1.6485494253e-07
5.6607000000e+03 2.0303638264e-07
7.1265000000e+03 2.5131740487e-07
8.9717000000e+03 3.1230387636e-07
1.1295000000e+04 3.8574801293e-07
1.4219000000e+04 4.7284729988e-07
1.7901000000e+04 5.7849934101e-07
2.2536000000e+04 7.0377650883e-07
2.8371000000e+04 8.4778087199e-07
3.5717000000e+04 1.0057835331e-06
4.4965000000e+04 1.1671077545e-06
5.6607000000e+04 1.3134784659e-06
7.1265000000e+04 1.4190555566e-06
8.9716000000e+04 1.4727475543e-06
1.1294000000e+05 1.5020153881e-06
1.4219000000e+05 1.5000459653e-06
1.7901000000e+05 1.4283377215e-06
2.2536000000e+05 1.2871321150e-06
2.8371000000e+05 1.0993765597e-06
3.5717000000e+05 8.9264932370e-07
4.4965000000e+05 6.8061886092e-07
5.6608000000e+05 4.8648347992e-07
7.1265000000e+05 3.7835609587e-07
8.9716000000e+05 2.9614733182e-07
1.1294000000e+06 2.1799759484e-07
1.4219000000e+06 1.4685040076e-07
1.7901000000e+06 9.7925572554e-08
2.2536000000e+06 6.3642813203e-08
2.8371000000e+06 3.8307897085e-08
3.5717000000e+06 2.1896617867e-08
4.4965000000e+06 1.2380656673e-08
5.6608000000e+06 7.1245318104e-09
7.1265000000e+06 3.2364184498e-09
8.9717000000e+06 1.6108129570e-09
1.1294000000e+07 1.2019864958e-09
1.4219000000e+07 7.5641223247e-10
1.7901000000e+07 4.3266925737e-10
2.2536000000e+07 2.8419421184e-10
2.8371000000e+07 1.8426634850e-10
3.5717000000e+07 1.1743516465e-10
4.4965000000e+07 7.3649590626e-11
5.6608000000e+07 4.5661599208e-11
7.1264000000e+07 3.3965183752e-11
8.9716000000e+07 3.8497661322e-11
1.1294000000e+08 2.7805198572e-11
1.4219000000e+08 1.5217489235e-11
1.7901000000e+08 8.3136687023e-12
2.2536000000e+08 4.5356380881e-12
2.8371000000e+08 2.4717183659e-12
3.5717000000e+08 1.2530831940e-12
4.4965000000e+08 6.2203162080e-13
5.6608000000e+08 3.0857968805e-13
7.1264000000e+08 1.5301983775e-13
8.9716000000e+08 7.5848086505e-14
