# particle=muplus
# bin=13
# theta_mid_deg=110.487315
# spectrum_type=normalized_pdf
# energy_unit=keV_total
# pdf_unit=keV^-1
# pdf_integral=1.000000000000e+00
# Energy_keV PDF_per_keV
1.1294000000e+01 1.2824720557e-09
1.4219000000e+01 1.4915654457e-09
1.7901000000e+01 1.7350589919e-09
2.2536000000e+01 2.0187246032e-09
2.8371000000e+01 2.3493523620e-09
3.5717000000e+01 2.7349275785e-09
4.4965000000e+01 3.1848345471e-09
5.6607000000e+01 3.7101552574e-09
7.1264000000e+01 4.3240950271e-09
8.9717000000e+01 5.0423214230e-09
1.1294000000e+02 5.8832249724e-09
1.4219000000e+02 6.8699577377e-09
1.7901000000e+02 8.0290932833e-09
2.2536000000e+02 9.3935429579e-09
2.8371000000e+02 1.1003633230e-08
3.5717000000e+02 1.2909073276e-08
4.4965000000e+02 1.5171511015e-08
5.6608000000e+02 1.7868422670e-08
7.1264000000e+02 2.1097193096e-08
8.9717000000e+02 2.4983343366e-08
1.1294000000e+03 2.9685245098e-08
1.4219000000e+03 3.5414299408e-08
1.7901000000e+03 4.2437224694e-08
2.2536000000e+03 5.1105395524e-08
2.8371000000e+03 6.1877209679e-08
3.5717000000e+03 7.5347984860e-08
4.4965000000e+03 9.2283642520e-08
5.6607000000e+03 1.1365711374e-07
7.1265000000e+03 1.4068419905e-07
8.9717000000e+03 1.7482362882e-07
1.1295000000e+04 2.1653240693e-07
1.4219000000e+04 2.6703268941e-07
1.7901000000e+04 3.2913514626e-07
2.2536000000e+04 4.0423527653e-07
2.8371000000e+04 4.9306890499e-07
3.5717000000e+04 5.9516979529e-07
4.4965000000e+04 7.0987876016e-07
5.6607000000e+04 8.2816090855e-07
7.1265000000e+04 9.3195753388e-07
8.9716000000e+04 1.0080483378e-06
1.1294000000e+05 1.0756617454e-06
1.4219000000e+05 1.1345064674e-06
1.7901000000e+05 1.1485411839e-06
2.2536000000e+05 1.1061576615e-06
2.8371000000e+05 1.0160182397e-06
3.5717000000e+05 8.9299171842e-07
4.4965000000e+05 7.4107950131e-07
5.6608000000e+05 5.7047443889e-07
7.1265000000e+05 4.5552623693e-07
8.9716000000e+05 3.5824641905e-07
1.1294000000e+06 2.6426374588e-07
1.4219000000e+06 1.7785422556e-07
1.7901000000e+06 1.1805457263e-07
2.2536000000e+06 7.6024095842e-08
2.8371000000e+06 4.5094866472e-08
3.5717000000e+06 2.5260613360e-08
4.4965000000e+06 1.3905600628e-08
5.6608000000e+06 7.5977750673e-09
7.1265000000e+06 3.2284505921e-09
8.9717000000e+06 1.5369778118e-09
1.1294000000e+07 1.0746161061e-09
1.4219000000e+07 7.0522571809e-10
1.7901000000e+07 4.4487204528e-10
2.2536000000e+07 3.0237677151e-10
2.8371000000e+07 2.0178228622e-10
3.5717000000e+07 1.3152752410e-10
4.4965000000e+07 8.3890786183e-11
5.6608000000e+07 5.2660790189e-11
7.1264000000e+07 3.5795224297e-11
8.9716000000e+07 3.1242852083e-11
1.1294000000e+08 2.0892898987e-11
1.4219000000e+08 1.1434461243e-11
1.7901000000e+08 6.2469124241e-12
2.2536000000e+08 3.4080903315e-12
2.8371000000e+08 1.8572556499e-12
3.5717000000e+08 9.4156999192e-13
4.4965000000e+08 4.6739618805e-13
5.6608000000e+08 2.3186758531e-13
7.1264000000e+08 1.1497950662e-13
8.9716000000e+08 5.6992450734e-14
