# particle=muplus
# bin=03
# theta_mid_deg=49.458398
# spectrum_type=normalized_pdf
# energy_unit=keV_total
# pdf_unit=keV^-1
# pdf_integral=1.000000000000e+00
# Energy_keV PDF_per_keV
1.1294000000e+01 1.3321600824e-10
1.4219000000e+01 1.5493545752e-10
1.7901000000e+01 1.8022820220e-10
2.2536000000e+01 2.0969379581e-10
2.8371000000e+01 2.4403755406e-10
3.5717000000e+01 2.8408894620e-10
4.4965000000e+01 3.3082276015e-10
5.6607000000e+01 3.8539013084e-10
7.1264000000e+01 4.4916275268e-10
8.9717000000e+01 5.2376808466e-10
1.1294000000e+02 6.1111643168e-10
1.4219000000e+02 7.1361270020e-10
1.7901000000e+02 8.3401720314e-10
2.2536000000e+02 9.7574858690e-10
2.8371000000e+02 1.1429957390e-09
3.5717000000e+02 1.3409221700e-09
4.4965000000e+02 1.5759315203e-09
5.6608000000e+02 1.8560715854e-09
7.1264000000e+02 2.1914581584e-09
8.9717000000e+02 2.5951296646e-09
1.1294000000e+03 3.0835368600e-09
1.4219000000e+03 3.6786389074e-09
1.7901000000e+03 4.4081410190e-09
2.2536000000e+03 5.3085420154e-09
2.8371000000e+03 6.4274576884e-09
3.5717000000e+03 7.8267263037e-09
4.4965000000e+03 9.5859074884e-09
5.6607000000e+03 1.1806063870e-08
7.1265000000e+03 1.4613485991e-08
8.9717000000e+03 1.8159698587e-08
1.1295000000e+04 2.2994635441e-08
1.4219000000e+04 2.9522234608e-08
1.7901000000e+04 3.7702925129e-08
2.2536000000e+04 4.7843569124e-08
2.8371000000e+04 6.0213844909e-08
3.5717000000e+04 7.5021309500e-08
4.4965000000e+04 9.2258613227e-08
5.6607000000e+04 1.1263207845e-07
7.1265000000e+04 1.3731170379e-07
8.9716000000e+04 1.6641242853e-07
1.1294000000e+05 2.0178795179e-07
1.4219000000e+05 2.4174754105e-07
1.7901000000e+05 2.8198178805e-07
2.2536000000e+05 3.2056734234e-07
2.8371000000e+05 3.5357839593e-07
3.5717000000e+05 3.7726695369e-07
4.4965000000e+05 3.9083730140e-07
5.6608000000e+05 3.9274007161e-07
7.1265000000e+05 3.7134564461e-07
8.9716000000e+05 3.3678294773e-07
1.1294000000e+06 2.9459458918e-07
1.4219000000e+06 2.4449446345e-07
1.7901000000e+06 1.9124646549e-07
2.2536000000e+06 1.4452181205e-07
2.8371000000e+06 1.0598289518e-07
3.5717000000e+06 7.4875897984e-08
4.4965000000e+06 5.0791159332e-08
5.6608000000e+06 3.3051747278e-08
7.1265000000e+06 2.0864633964e-08
8.9717000000e+06 1.2685340501e-08
1.1294000000e+07 7.4506767324e-09
1.4219000000e+07 4.2956299621e-09
1.7901000000e+07 2.4426487801e-09
2.2536000000e+07 1.3693944031e-09
2.8371000000e+07 7.6056370110e-10
3.5717000000e+07 4.1908808342e-10
4.4965000000e+07 2.2930290440e-10
5.6608000000e+07 1.2471453631e-10
7.1264000000e+07 6.7081678794e-11
8.9716000000e+07 3.4805290694e-11
1.1294000000e+08 1.8456315479e-11
1.4219000000e+08 1.0100945022e-11
1.7901000000e+08 5.5183814624e-12
2.2536000000e+08 3.0106300891e-12
2.8371000000e+08 1.6406577288e-12
3.5717000000e+08 8.3176168261e-13
4.4965000000e+08 4.1288724487e-13
5.6608000000e+08 2.0482659235e-13
7.1264000000e+08 1.0157030142e-13
8.9716000000e+08 5.0345844839e-14
