# particle=muplus
# bin=15
# theta_mid_deg=123.367013
# spectrum_type=normalized_pdf
# energy_unit=keV_total
# pdf_unit=keV^-1
# pdf_integral=1.000000000000e+00
# Energy_keV PDF_per_keV
1.1294000000e+01 1.8668708892e-09
1.4219000000e+01 2.1712442757e-09
1.7901000000e+01 2.5256933347e-09
2.2536000000e+01 2.9386201267e-09
2.8371000000e+01 3.4199088498e-09
3.5717000000e+01 3.9811835724e-09
4.4965000000e+01 4.6361048385e-09
5.6607000000e+01 5.4008044958e-09
7.1264000000e+01 6.2945052815e-09
8.9717000000e+01 7.3400141830e-09
1.1294000000e+02 8.5641019516e-09
1.4219000000e+02 1.0000470617e-08
1.7901000000e+02 1.1687802826e-08
2.2536000000e+02 1.3674007021e-08
2.8371000000e+02 1.6017785699e-08
3.5717000000e+02 1.8791499587e-08
4.4965000000e+02 2.2084888425e-08
5.6608000000e+02 2.6010732920e-08
7.1264000000e+02 3.0710794405e-08
8.9717000000e+02 3.6367791591e-08
1.1294000000e+03 4.3212263116e-08
1.4219000000e+03 5.1551941681e-08
1.7901000000e+03 6.1775084333e-08
2.2536000000e+03 7.4393180543e-08
2.8371000000e+03 9.0073511494e-08
3.5717000000e+03 1.0968267017e-07
4.4965000000e+03 1.3433559429e-07
5.6607000000e+03 1.6544856166e-07
7.1265000000e+03 2.0479139065e-07
8.9717000000e+03 2.5448752816e-07
1.1295000000e+04 3.1466629633e-07
1.4219000000e+04 3.8662091096e-07
1.7901000000e+04 4.7439768619e-07
2.2536000000e+04 5.7932976294e-07
2.8371000000e+04 7.0138337266e-07
3.5717000000e+04 8.3780941614e-07
4.4965000000e+04 9.8222371907e-07
5.6607000000e+04 1.1193938668e-06
7.1265000000e+04 1.2249092368e-06
8.9716000000e+04 1.2873812848e-06
1.1294000000e+05 1.3327002425e-06
1.4219000000e+05 1.3569356391e-06
1.7901000000e+05 1.3210095957e-06
2.2536000000e+05 1.2195591430e-06
2.8371000000e+05 1.0703327470e-06
3.5717000000e+05 8.9628494303e-07
4.4965000000e+05 7.0742392515e-07
5.6608000000e+05 5.2170777000e-07
7.1265000000e+05 4.0983432196e-07
8.9716000000e+05 3.2088336093e-07
1.1294000000e+06 2.3603209044e-07
1.4219000000e+06 1.5869861907e-07
1.7901000000e+06 1.0547147882e-07
2.2536000000e+06 6.8187686980e-08
2.8371000000e+06 4.0737890286e-08
3.5717000000e+06 2.3062382630e-08
4.4965000000e+06 1.2881633447e-08
5.6608000000e+06 7.2444625771e-09
7.1265000000e+06 3.1953760987e-09
8.9717000000e+06 1.5615257810e-09
1.1294000000e+07 1.1363231817e-09
1.4219000000e+07 7.2652671685e-10
1.7901000000e+07 4.3200433366e-10
2.2536000000e+07 2.8777453323e-10
2.8371000000e+07 1.8885056401e-10
3.5717000000e+07 1.2151392226e-10
4.4965000000e+07 7.6761652872e-11
5.6608000000e+07 4.7847459746e-11
7.1264000000e+07 3.4252379099e-11
8.9716000000e+07 3.5125722445e-11
1.1294000000e+08 2.4706943359e-11
1.4219000000e+08 1.3521847133e-11
1.7901000000e+08 7.3872999397e-12
2.2536000000e+08 4.0302446699e-12
2.8371000000e+08 2.1963017278e-12
3.5717000000e+08 1.1134556517e-12
4.4965000000e+08 5.5272038367e-13
5.6608000000e+08 2.7419551976e-13
7.1264000000e+08 1.3596926684e-13
8.9716000000e+08 6.7396547171e-14
