# particle=muplus
# bin=17
# theta_mid_deg=138.590378
# spectrum_type=normalized_pdf
# energy_unit=keV_total
# pdf_unit=keV^-1
# pdf_integral=1.000000000000e+00
# Energy_keV PDF_per_keV
1.1294000000e+01 2.8815822913e-09
1.4219000000e+01 3.3513935492e-09
1.7901000000e+01 3.8984984065e-09
2.2536000000e+01 4.5358657458e-09
2.8371000000e+01 5.2787521819e-09
3.5717000000e+01 6.1450998819e-09
4.4965000000e+01 7.1559943866e-09
5.6607000000e+01 8.3363357821e-09
7.1264000000e+01 9.7157950542e-09
8.9717000000e+01 1.1329575607e-08
1.1294000000e+02 1.3218999058e-08
1.4219000000e+02 1.5436085699e-08
1.7901000000e+02 1.8040543587e-08
2.2536000000e+02 2.1106321124e-08
2.8371000000e+02 2.4724027721e-08
3.5717000000e+02 2.9005354762e-08
4.4965000000e+02 3.4088818762e-08
5.6608000000e+02 4.0148500788e-08
7.1264000000e+02 4.7403214558e-08
8.9717000000e+02 5.6134992962e-08
1.1294000000e+03 6.6699680672e-08
1.4219000000e+03 7.9572274170e-08
1.7901000000e+03 9.5352062155e-08
2.2536000000e+03 1.1482854700e-07
2.8371000000e+03 1.3903170120e-07
3.5717000000e+03 1.6929914215e-07
4.4965000000e+03 2.0735181626e-07
5.6607000000e+03 2.5537579924e-07
7.1265000000e+03 3.1610286933e-07
8.9717000000e+03 3.9281064307e-07
1.1295000000e+04 4.8457076961e-07
1.4219000000e+04 5.9228958937e-07
1.7901000000e+04 7.2202042318e-07
2.2536000000e+04 8.7429039001e-07
2.8371000000e+04 1.0468087481e-06
3.5717000000e+04 1.2320696935e-06
4.4965000000e+04 1.4138480731e-06
5.6607000000e+04 1.5710780124e-06
7.1265000000e+04 1.6775868983e-06
8.9716000000e+04 1.7208587816e-06
1.1294000000e+05 1.7282989448e-06
1.4219000000e+05 1.6892762063e-06
1.7901000000e+05 1.5680405061e-06
2.2536000000e+05 1.3733273256e-06
2.8371000000e+05 1.1343848722e-06
3.5717000000e+05 8.8449936012e-07
4.4965000000e+05 6.4209196075e-07
5.6608000000e+05 4.3754123503e-07
7.1265000000e+05 3.3547151134e-07
8.9716000000e+05 2.6305205104e-07
1.1294000000e+06 1.9427553110e-07
1.4219000000e+06 1.3151403776e-07
1.7901000000e+06 8.8314980019e-08
2.2536000000e+06 5.7960579055e-08
2.8371000000e+06 3.5339573410e-08
3.5717000000e+06 2.0518403629e-08
4.4965000000e+06 1.1822444053e-08
5.6608000000e+06 7.0375199973e-09
7.1265000000e+06 3.3321765519e-09
8.9717000000e+06 1.6983775460e-09
1.1294000000e+07 1.3063980162e-09
1.4219000000e+07 8.0677941659e-10
1.7901000000e+07 4.3939383456e-10
2.2536000000e+07 2.8322043907e-10
2.8371000000e+07 1.8059819761e-10
3.5717000000e+07 1.1354465529e-10
4.4965000000e+07 7.0466414349e-11
5.6608000000e+07 4.3344244794e-11
7.1264000000e+07 3.4042440198e-11
8.9716000000e+07 4.3557860591e-11
1.1294000000e+08 3.2351403307e-11
1.4219000000e+08 1.7705578699e-11
1.7901000000e+08 9.6729699109e-12
2.2536000000e+08 5.2772238496e-12
2.8371000000e+08 2.8758491874e-12
3.5717000000e+08 1.4579647644e-12
4.4965000000e+08 7.2373501605e-13
5.6608000000e+08 3.5903307487e-13
7.1264000000e+08 1.7803888263e-13
8.9716000000e+08 8.8249398050e-14
