# particle=muplus
# bin=00
# theta_mid_deg=18.194872
# spectrum_type=normalized_pdf
# energy_unit=keV_total
# pdf_unit=keV^-1
# pdf_integral=1.000000000000e+00
# Energy_keV PDF_per_keV
1.1294000000e+01 1.6445224781e-10
1.4219000000e+01 1.9126443278e-10
1.7901000000e+01 2.2248777277e-10
2.2536000000e+01 2.5886240346e-10
2.8371000000e+01 3.0125902168e-10
3.5717000000e+01 3.5070158908e-10
4.4965000000e+01 4.0839346000e-10
5.6607000000e+01 4.7575568535e-10
7.1264000000e+01 5.5448159186e-10
8.9717000000e+01 6.4658024205e-10
1.1294000000e+02 7.5440986553e-10
1.4219000000e+02 8.8093926671e-10
1.7901000000e+02 1.0295759915e-09
2.2536000000e+02 1.2045402841e-09
2.8371000000e+02 1.4110032346e-09
3.5717000000e+02 1.6553390836e-09
4.4965000000e+02 1.9454529852e-09
5.6608000000e+02 2.2912797670e-09
7.1264000000e+02 2.7053071540e-09
8.9717000000e+02 3.2036307974e-09
1.1294000000e+03 3.8065587952e-09
1.4219000000e+03 4.5411992537e-09
1.7901000000e+03 5.4417536512e-09
2.2536000000e+03 6.5532789832e-09
2.8371000000e+03 7.9345559030e-09
3.5717000000e+03 9.6619223968e-09
4.4965000000e+03 1.1833593084e-08
5.6607000000e+03 1.4574327566e-08
7.1265000000e+03 1.8040028757e-08
8.9717000000e+03 2.2417750627e-08
1.1295000000e+04 2.8603500949e-08
1.4219000000e+04 3.7305718607e-08
1.7901000000e+04 4.8478137729e-08
2.2536000000e+04 6.2770862780e-08
2.8371000000e+04 8.0822139773e-08
3.5717000000e+04 1.0312767715e-07
4.4965000000e+04 1.2978764802e-07
5.6607000000e+04 1.6142327518e-07
7.1265000000e+04 1.9866835191e-07
8.9716000000e+04 2.4019024523e-07
1.1294000000e+05 2.8706289871e-07
1.4219000000e+05 3.3588812799e-07
1.7901000000e+05 3.8088479328e-07
2.2536000000e+05 4.2071768818e-07
2.8371000000e+05 4.5192492619e-07
3.5717000000e+05 4.7134052821e-07
4.4965000000e+05 4.7839556882e-07
5.6608000000e+05 4.7142379979e-07
7.1265000000e+05 4.3994175339e-07
8.9716000000e+05 3.9432003357e-07
1.1294000000e+06 3.3982384678e-07
1.4219000000e+06 2.7028273632e-07
1.7901000000e+06 1.9342732940e-07
2.2536000000e+06 1.3630958576e-07
2.8371000000e+06 9.4239445936e-08
3.5717000000e+06 6.2778281741e-08
4.4965000000e+06 4.0070796194e-08
5.6608000000e+06 2.4470831411e-08
7.1265000000e+06 1.4399705340e-08
8.9717000000e+06 8.0908227459e-09
1.1294000000e+07 4.3636206511e-09
1.4219000000e+07 2.3083248896e-09
1.7901000000e+07 1.2125712527e-09
2.2536000000e+07 6.3686446422e-10
2.8371000000e+07 3.3768545057e-10
3.5717000000e+07 1.8137761607e-10
4.4965000000e+07 9.8760161522e-11
5.6608000000e+07 5.4480112506e-11
7.1264000000e+07 3.0183753245e-11
8.9716000000e+07 1.6282481530e-11
1.1294000000e+08 8.7808581651e-12
1.4219000000e+08 4.8056702150e-12
1.7901000000e+08 2.6254495367e-12
2.2536000000e+08 1.4323506677e-12
2.8371000000e+08 7.8056656705e-13
3.5717000000e+08 3.9572261162e-13
4.4965000000e+08 1.9643705915e-13
5.6608000000e+08 9.7449204199e-14
7.1264000000e+08 4.8323535194e-14
8.9716000000e+08 2.3952761495e-14
