# particle=muplus
# bin=08
# theta_mid_deg=81.373073
# spectrum_type=normalized_pdf
# energy_unit=keV_total
# pdf_unit=keV^-1
# pdf_integral=1.000000000000e+00
# Energy_keV PDF_per_keV
1.1294000000e+01 1.0040507515e-10
1.4219000000e+01 1.1677505174e-10
1.7901000000e+01 1.3583822564e-10
2.2536000000e+01 1.5804648108e-10
2.8371000000e+01 1.8393141543e-10
3.5717000000e+01 2.1411820072e-10
4.4965000000e+01 2.4934153584e-10
5.6607000000e+01 2.9046903266e-10
7.1264000000e+01 3.3853453900e-10
8.9717000000e+01 3.9476467277e-10
1.1294000000e+02 4.6059923321e-10
1.4219000000e+02 5.3785080139e-10
1.7901000000e+02 6.2859982867e-10
2.2536000000e+02 7.3542295320e-10
2.8371000000e+02 8.6147734487e-10
3.5717000000e+02 1.0106547481e-09
4.4965000000e+02 1.1877815948e-09
5.6608000000e+02 1.3989235189e-09
7.1264000000e+02 1.6517048062e-09
8.9717000000e+02 1.9559525348e-09
1.1294000000e+03 2.3240656603e-09
1.4219000000e+03 2.7725948317e-09
1.7901000000e+03 3.3224215027e-09
2.2536000000e+03 4.0010548809e-09
2.8371000000e+03 4.8443830493e-09
3.5717000000e+03 5.8990135875e-09
4.4965000000e+03 7.2249106880e-09
5.6607000000e+03 8.8982453812e-09
7.1265000000e+03 1.1014203011e-08
8.9717000000e+03 1.3686987964e-08
1.1295000000e+04 1.7326790516e-08
1.4219000000e+04 2.2221550527e-08
1.7901000000e+04 2.8332240185e-08
2.2536000000e+04 3.5739205368e-08
2.8371000000e+04 4.4447568351e-08
3.5717000000e+04 5.4387340652e-08
4.4965000000e+04 6.5185404201e-08
5.6607000000e+04 7.6779803789e-08
7.1265000000e+04 8.9335106372e-08
8.9716000000e+04 1.0253638305e-07
1.1294000000e+05 1.1797745028e-07
1.4219000000e+05 1.3635117028e-07
1.7901000000e+05 1.5766477454e-07
2.2536000000e+05 1.8249342139e-07
2.8371000000e+05 2.0859553533e-07
3.5717000000e+05 2.3240137110e-07
4.4965000000e+05 2.5282750673e-07
5.6608000000e+05 2.6805277196e-07
7.1265000000e+05 2.6280568185e-07
8.9716000000e+05 2.4713873444e-07
1.1294000000e+06 2.2705739579e-07
1.4219000000e+06 2.1000989504e-07
1.7901000000e+06 1.8857155166e-07
2.2536000000e+06 1.5697640729e-07
2.8371000000e+06 1.2308714666e-07
3.5717000000e+06 9.1686536499e-08
4.4965000000e+06 6.5190125806e-08
5.6608000000e+06 4.4610286197e-08
7.1265000000e+06 2.9778705757e-08
8.9717000000e+06 1.9193265946e-08
1.1294000000e+07 1.1933595536e-08
1.4219000000e+07 7.2472623757e-09
1.7901000000e+07 4.3087363467e-09
2.2536000000e+07 2.5052221307e-09
2.8371000000e+07 1.4328898953e-09
3.5717000000e+07 8.0906818464e-10
4.4965000000e+07 4.5231668951e-10
5.6608000000e+07 2.5080720658e-10
7.1264000000e+07 1.3698209606e-10
8.9716000000e+07 7.1624433745e-11
1.1294000000e+08 3.8043310847e-11
1.4219000000e+08 2.0820699114e-11
1.7901000000e+08 1.1374832728e-11
2.2536000000e+08 6.2056988814e-12
2.8371000000e+08 3.3818262393e-12
3.5717000000e+08 1.7144791591e-12
4.4965000000e+08 8.5106899150e-13
5.6608000000e+08 4.2220137228e-13
7.1264000000e+08 2.0936305268e-13
8.9716000000e+08 1.0377600162e-13
