# particle=muplus
# bin=05
# theta_mid_deg=63.256316
# spectrum_type=normalized_pdf
# energy_unit=keV_total
# pdf_unit=keV^-1
# pdf_integral=1.000000000000e+00
# Energy_keV PDF_per_keV
1.1294000000e+01 1.1902833041e-10
1.4219000000e+01 1.3843463014e-10
1.7901000000e+01 1.6103366468e-10
2.2536000000e+01 1.8736113431e-10
2.8371000000e+01 2.1804723772e-10
3.5717000000e+01 2.5383310460e-10
4.4965000000e+01 2.9558970669e-10
5.6607000000e+01 3.4434558156e-10
7.1264000000e+01 4.0132633638e-10
8.9717000000e+01 4.6798610364e-10
1.1294000000e+02 5.4603173830e-10
1.4219000000e+02 6.3761202116e-10
1.7901000000e+02 7.4519328821e-10
2.2536000000e+02 8.7183009560e-10
2.8371000000e+02 1.0212652089e-09
3.5717000000e+02 1.1981122180e-09
4.4965000000e+02 1.4080927674e-09
5.6608000000e+02 1.6583975519e-09
7.1264000000e+02 1.9580650194e-09
8.9717000000e+02 2.3187449861e-09
1.1294000000e+03 2.7551361811e-09
1.4219000000e+03 3.2868590879e-09
1.7901000000e+03 3.9386682775e-09
2.2536000000e+03 4.7431753988e-09
2.8371000000e+03 5.7429250999e-09
3.5717000000e+03 6.9931697910e-09
4.4965000000e+03 8.5649958957e-09
5.6607000000e+03 1.0548702740e-08
7.1265000000e+03 1.3057130761e-08
8.9717000000e+03 1.6225667111e-08
1.1295000000e+04 2.0515620456e-08
1.4219000000e+04 2.6252681258e-08
1.7901000000e+04 3.3393964634e-08
2.2536000000e+04 4.2117928320e-08
2.8371000000e+04 5.2537042011e-08
3.5717000000e+04 6.4685619792e-08
4.4965000000e+04 7.8349112108e-08
5.6607000000e+04 9.3918235931e-08
7.1265000000e+04 1.1229882308e-07
8.9716000000e+04 1.3382983554e-07
1.1294000000e+05 1.6072533582e-07
1.4219000000e+05 1.9267567969e-07
1.7901000000e+05 2.2706426389e-07
2.2536000000e+05 2.6234713709e-07
2.8371000000e+05 2.9460488099e-07
3.5717000000e+05 3.1976238320e-07
4.4965000000e+05 3.3679116040e-07
5.6608000000e+05 3.4407782249e-07
7.1265000000e+05 3.2896586370e-07
8.9716000000e+05 3.0147299868e-07
1.1294000000e+06 2.6730551949e-07
1.4219000000e+06 2.2959040448e-07
1.7901000000e+06 1.8989751215e-07
2.2536000000e+06 1.4939999892e-07
2.8371000000e+06 1.1291459131e-07
3.5717000000e+06 8.1891741235e-08
4.4965000000e+06 5.6913069684e-08
5.6608000000e+06 3.7958115303e-08
7.1265000000e+06 2.4605118455e-08
8.9717000000e+06 1.5379984370e-08
1.1294000000e+07 9.2835381852e-09
1.4219000000e+07 5.4883358370e-09
1.7901000000e+07 3.1882549757e-09
2.2536000000e+07 1.8179200710e-09
2.8371000000e+07 1.0224967620e-09
3.5717000000e+07 5.6847726078e-10
4.4965000000e+07 3.1289180477e-10
5.6608000000e+07 1.7072433502e-10
7.1264000000e+07 9.1850543262e-11
8.9716000000e+07 4.7510559341e-11
1.1294000000e+08 2.5147095805e-11
1.4219000000e+08 1.3762737882e-11
1.7901000000e+08 7.5189041649e-12
2.2536000000e+08 4.1020431933e-12
2.8371000000e+08 2.2354286875e-12
3.5717000000e+08 1.1332917853e-12
4.4965000000e+08 5.6256705816e-13
5.6608000000e+08 2.7908029352e-13
7.1264000000e+08 1.3839154970e-13
8.9716000000e+08 6.8597211886e-14
