# particle=muplus
# bin=06
# theta_mid_deg=69.512685
# spectrum_type=normalized_pdf
# energy_unit=keV_total
# pdf_unit=keV^-1
# pdf_integral=1.000000000000e+00
# Energy_keV PDF_per_keV
1.1294000000e+01 1.1271759630e-10
1.4219000000e+01 1.3109499814e-10
1.7901000000e+01 1.5249585996e-10
2.2536000000e+01 1.7742747988e-10
2.8371000000e+01 2.0648664423e-10
3.5717000000e+01 2.4037518894e-10
4.4965000000e+01 2.7991790789e-10
5.6607000000e+01 3.2608880688e-10
7.1264000000e+01 3.8004851292e-10
8.9717000000e+01 4.4317406219e-10
1.1294000000e+02 5.1708181432e-10
1.4219000000e+02 6.0380662442e-10
1.7901000000e+02 7.0568406643e-10
2.2536000000e+02 8.2560674771e-10
2.8371000000e+02 9.6711899708e-10
3.5717000000e+02 1.1345897976e-09
4.4965000000e+02 1.3334374393e-09
5.6608000000e+02 1.5704713753e-09
7.1264000000e+02 1.8542508461e-09
8.9717000000e+02 2.1958080094e-09
1.1294000000e+03 2.6090622857e-09
1.4219000000e+03 3.1125939050e-09
1.7901000000e+03 3.7298449816e-09
2.2536000000e+03 4.4916981354e-09
2.8371000000e+03 5.4384423502e-09
3.5717000000e+03 6.6224006220e-09
4.4965000000e+03 8.1108904606e-09
5.6607000000e+03 9.9894236338e-09
7.1265000000e+03 1.2364857919e-08
8.9717000000e+03 1.5365402411e-08
1.1295000000e+04 1.9429072073e-08
1.4219000000e+04 2.4862364489e-08
1.7901000000e+04 3.1622372306e-08
2.2536000000e+04 3.9845805743e-08
2.8371000000e+04 4.9595225385e-08
3.5717000000e+04 6.0848845227e-08
4.4965000000e+04 7.3308585061e-08
5.6607000000e+04 8.7186022515e-08
7.1265000000e+04 1.0314592021e-07
8.9716000000e+04 1.2141020758e-07
1.1294000000e+05 1.4417471707e-07
1.4219000000e+05 1.7171020916e-07
1.7901000000e+05 2.0236648814e-07
2.2536000000e+05 2.3508907627e-07
2.8371000000e+05 2.6619414069e-07
3.5717000000e+05 2.9154948782e-07
4.4965000000e+05 3.1001995510e-07
5.6608000000e+05 3.1992334801e-07
7.1265000000e+05 3.0794523249e-07
8.9716000000e+05 2.8407325398e-07
1.1294000000e+06 2.5409678869e-07
1.4219000000e+06 2.2271200477e-07
1.7901000000e+06 1.8930328388e-07
2.2536000000e+06 1.5178877376e-07
2.8371000000e+06 1.1624467875e-07
3.5717000000e+06 8.5192929168e-08
4.4965000000e+06 5.9750897444e-08
5.6608000000e+06 4.0235187699e-08
7.1265000000e+06 2.6358509146e-08
8.9717000000e+06 1.6657655813e-08
1.1294000000e+07 1.0161799508e-08
1.4219000000e+07 6.0653028831e-09
1.7901000000e+07 3.5521610160e-09
2.2536000000e+07 2.0388366567e-09
2.8371000000e+07 1.1528565358e-09
3.5717000000e+07 6.4379199501e-10
4.4965000000e+07 3.5573376064e-10
5.6608000000e+07 1.9478112514e-10
7.1264000000e+07 1.0507990745e-10
8.9716000000e+07 5.4425292062e-11
1.1294000000e+08 2.8814314214e-11
1.4219000000e+08 1.5769767485e-11
1.7901000000e+08 8.6153911701e-12
2.2536000000e+08 4.7002469950e-12
2.8371000000e+08 2.5614228023e-12
3.5717000000e+08 1.2985605118e-12
4.4965000000e+08 6.4460660213e-13
5.6608000000e+08 3.1977876614e-13
7.1264000000e+08 1.5857328530e-13
8.9716000000e+08 7.8600790835e-14
