# particle=muplus
# bin=07
# theta_mid_deg=75.522488
# spectrum_type=normalized_pdf
# energy_unit=keV_total
# pdf_unit=keV^-1
# pdf_integral=1.000000000000e+00
# Energy_keV PDF_per_keV
1.1294000000e+01 1.0659589245e-10
1.4219000000e+01 1.2397521577e-10
1.7901000000e+01 1.4421379466e-10
2.2536000000e+01 1.6779137583e-10
2.8371000000e+01 1.9527233408e-10
3.5717000000e+01 2.2732038856e-10
4.4965000000e+01 2.6471553851e-10
5.6607000000e+01 3.0837889140e-10
7.1264000000e+01 3.5940804044e-10
8.9717000000e+01 4.1910523486e-10
1.1294000000e+02 4.8899904963e-10
1.4219000000e+02 5.7101382668e-10
1.7901000000e+02 6.6735829470e-10
2.2536000000e+02 7.8076796325e-10
2.8371000000e+02 9.1459466830e-10
3.5717000000e+02 1.0729701130e-09
4.4965000000e+02 1.2610183195e-09
5.6608000000e+02 1.4851789189e-09
7.1264000000e+02 1.7535462985e-09
8.9717000000e+02 2.0765534584e-09
1.1294000000e+03 2.4673638539e-09
1.4219000000e+03 2.9435486209e-09
1.7901000000e+03 3.5272767303e-09
2.2536000000e+03 4.2477535636e-09
2.8371000000e+03 5.1430800061e-09
3.5717000000e+03 6.2627373866e-09
4.4965000000e+03 7.6703871942e-09
5.6607000000e+03 9.4468970442e-09
7.1265000000e+03 1.1693321258e-08
8.9717000000e+03 1.4530905881e-08
1.1295000000e+04 1.8381824198e-08
1.4219000000e+04 2.3541003485e-08
1.7901000000e+04 2.9966884606e-08
2.2536000000e+04 3.7764742074e-08
2.8371000000e+04 4.6962826701e-08
3.5717000000e+04 5.7505579346e-08
4.4965000000e+04 6.9040448430e-08
5.6607000000e+04 8.1621262940e-08
7.1265000000e+04 9.5649936443e-08
8.9716000000e+04 1.1111063201e-07
1.1294000000e+05 1.2999666590e-07
1.4219000000e+05 1.5296117769e-07
1.7901000000e+05 1.7929304554e-07
2.2536000000e+05 2.0865081703e-07
2.8371000000e+05 2.3785488216e-07
3.5717000000e+05 2.6288097344e-07
4.4965000000e+05 2.8253910234e-07
5.6608000000e+05 2.9506493916e-07
7.1265000000e+05 2.8631848839e-07
8.9716000000e+05 2.6628824613e-07
1.1294000000e+06 2.4085627652e-07
1.4219000000e+06 2.1618201700e-07
1.7901000000e+06 1.8881895493e-07
2.2536000000e+06 1.5425046194e-07
2.8371000000e+06 1.1958227485e-07
3.5717000000e+06 8.8424773913e-08
4.4965000000e+06 6.2488311872e-08
5.6608000000e+06 4.2434580412e-08
7.1265000000e+06 2.8067345519e-08
8.9717000000e+06 1.7915678254e-08
1.1294000000e+07 1.1034920085e-08
1.4219000000e+07 6.6440089083e-09
1.7901000000e+07 3.9202647074e-09
2.2536000000e+07 2.2642618275e-09
2.8371000000e+07 1.2872013015e-09
3.5717000000e+07 7.2236081020e-10
4.4965000000e+07 4.0112098372e-10
5.6608000000e+07 2.2074473019e-10
7.1264000000e+07 1.1964329202e-10
8.9716000000e+07 6.2171613455e-11
1.1294000000e+08 3.2949718096e-11
1.4219000000e+08 1.8033030015e-11
1.7901000000e+08 9.8518641893e-12
2.2536000000e+08 5.3748221220e-12
2.8371000000e+08 2.9290358477e-12
3.5717000000e+08 1.4849287224e-12
4.4965000000e+08 7.3711994897e-13
5.6608000000e+08 3.6567312063e-13
7.1264000000e+08 1.8133157740e-13
8.9716000000e+08 8.9881504065e-14
