# particle=n
# bin=13
# theta_mid_deg=110.487315
# spectrum_type=normalized_pdf
# energy_unit=keV_total
# pdf_unit=keV^-1
# pdf_integral=1.000000000000e+00
# Energy_keV PDF_per_keV
1.1294000000e-05 2.7313217295e+01
1.4219000000e-05 2.8452988418e+01
1.7901000000e-05 2.9483556793e+01
2.2536000000e-05 3.0352546912e+01
2.8371000000e-05 3.0999057610e+01
3.5717000000e-05 3.1356706778e+01
4.4965000000e-05 3.1359555239e+01
5.6608000000e-05 3.0950987790e+01
7.1265000000e-05 3.0094634266e+01
8.9717000000e-05 2.8784873373e+01
1.1295000000e-04 2.7040172190e+01
1.4219000000e-04 2.4934163783e+01
1.7901000000e-04 2.2579806939e+01
2.2536000000e-04 2.0095522816e+01
2.8371000000e-04 1.7597699018e+01
3.5717000000e-04 1.5187090269e+01
4.4965000000e-04 1.2939937799e+01
5.6608000000e-04 1.0904869230e+01
7.1264000000e-04 9.1056804782e+00
8.9717000000e-04 7.5454269122e+00
1.1294000000e-03 6.2141066527e+00
1.4219000000e-03 5.0914993298e+00
1.7901000000e-03 4.1549484347e+00
2.2536000000e-03 3.3797565232e+00
2.8371000000e-03 2.7420864587e+00
3.5717000000e-03 2.2201097621e+00
4.4965000000e-03 1.7945173046e+00
5.6608000000e-03 1.4485696628e+00
7.1264000000e-03 1.1680915894e+00
8.9716000000e-03 9.4109780687e-01
1.1294000000e-02 7.5773088849e-01
1.4219000000e-02 6.0970265576e-01
1.7901000000e-02 4.9039940914e-01
2.2536000000e-02 3.9432350111e-01
2.8371000000e-02 3.1700148732e-01
3.5717000000e-02 2.5480649123e-01
4.4965000000e-02 2.0480482460e-01
5.6607000000e-02 1.6462265821e-01
7.1264000000e-02 1.3233856025e-01
8.9717000000e-02 1.0640612838e-01
1.1295000000e-01 8.5578498610e-02
1.4219000000e-01 6.8857562939e-02
1.7901000000e-01 5.5426212954e-02
2.2536000000e-01 4.4640360880e-02
2.8371000000e-01 3.5976967905e-02
3.5717000000e-01 2.9016581492e-02
4.4965000000e-01 2.3423047502e-02
5.6607000000e-01 1.8926530065e-02
7.1265000000e-01 1.5309924655e-02
8.9716000000e-01 1.2400408342e-02
1.1295000000e+00 1.0057792011e-02
1.4219000000e+00 8.1716863578e-03
1.7901000000e+00 6.6513982438e-03
2.2536000000e+00 5.4257288699e-03
2.8371000000e+00 4.4369098183e-03
3.5717000000e+00 3.6385954100e-03
4.4965000000e+00 2.9935662866e-03
5.6607000000e+00 2.4718298689e-03
7.1265000000e+00 2.0491269154e-03
8.9717000000e+00 1.7060452591e-03
1.1294000000e+01 1.4269769895e-03
1.4219000000e+01 1.1992412997e-03
1.7901000000e+01 1.0129764761e-03
2.2536000000e+01 8.6012619442e-04
2.8371000000e+01 7.3426700633e-04
3.5717000000e+01 6.3028537987e-04
4.4965000000e+01 5.4410576263e-04
5.6607000000e+01 4.7246050788e-04
7.1264000000e+01 4.1270544785e-04
8.9717000000e+01 3.6269242459e-04
1.1294000000e+02 3.2066561477e-04
1.4219000000e+02 2.8512018522e-04
1.7901000000e+02 2.5484526307e-04
2.2536000000e+02 2.2879200539e-04
2.8371000000e+02 2.0606351576e-04
3.5717000000e+02 1.8588612261e-04
4.4965000000e+02 1.6759454298e-04
5.6608000000e+02 1.5062861670e-04
7.1264000000e+02 1.3454299276e-04
8.9717000000e+02 1.1900143756e-04
1.1294000000e+03 1.0379974747e-04
1.4219000000e+03 8.8851868383e-05
1.7901000000e+03 7.4249730685e-05
2.2536000000e+03 6.0241534118e-05
2.8371000000e+03 4.7221938786e-05
3.5717000000e+03 3.5666824455e-05
4.4965000000e+03 2.6017057252e-05
5.6607000000e+03 1.8534686116e-05
7.1265000000e+03 1.3189220283e-05
8.9717000000e+03 9.6468347804e-06
1.1295000000e+04 7.3885051912e-06
1.4219000000e+04 5.9073124864e-06
1.7901000000e+04 4.8476647312e-06
2.2536000000e+04 4.0287723759e-06
2.8371000000e+04 3.3772371804e-06
3.5717000000e+04 2.8583157527e-06
4.4965000000e+04 2.4480184380e-06
5.6607000000e+04 2.0923387944e-06
7.1265000000e+04 1.7800575539e-06
8.9716000000e+04 1.4758492985e-06
1.1294000000e+05 1.1742088489e-06
1.4219000000e+05 8.8641128708e-07
1.7901000000e+05 6.2656644378e-07
2.2536000000e+05 4.1189710549e-07
2.8371000000e+05 2.5441067653e-07
3.5717000000e+05 1.4996020856e-07
4.4965000000e+05 8.6040147301e-08
5.6608000000e+05 4.9041379508e-08
7.1265000000e+05 2.8319877904e-08
8.9716000000e+05 1.6740900835e-08
1.1294000000e+06 1.0182411576e-08
1.4219000000e+06 6.3093054411e-09
1.7901000000e+06 3.9369223169e-09
2.2536000000e+06 2.4532505195e-09
2.8371000000e+06 1.5109958835e-09
3.5717000000e+06 9.1358389581e-10
4.4965000000e+06 5.4026043242e-10
5.6608000000e+06 3.1228756406e-10
7.1265000000e+06 1.7686434463e-10
8.9717000000e+06 9.8543906232e-11
1.1294000000e+07 6.2937287703e-11
1.4219000000e+07 4.5723699014e-11
1.7901000000e+07 3.3087914357e-11
2.2536000000e+07 2.3865000741e-11
2.8371000000e+07 1.7165622812e-11
3.5717000000e+07 1.2319108688e-11
4.4965000000e+07 8.8250094972e-12
5.6608000000e+07 6.3127787457e-12
7.1264000000e+07 4.5107477550e-12
8.9716000000e+07 3.2201839238e-12
1.1294000000e+08 2.2974565374e-12
1.4219000000e+08 1.6380351755e-12
1.7901000000e+08 1.1674752005e-12
2.2536000000e+08 8.3187723151e-13
2.8371000000e+08 5.9262956113e-13
3.5717000000e+08 4.2212561400e-13
4.4965000000e+08 3.0065001882e-13
5.6608000000e+08 2.1411782359e-13
7.1264000000e+08 1.5249343055e-13
8.9716000000e+08 1.0860249304e-13
