# particle=n
# bin=09
# theta_mid_deg=87.134016
# spectrum_type=normalized_pdf
# energy_unit=keV_total
# pdf_unit=keV^-1
# pdf_integral=1.000000000000e+00
# Energy_keV PDF_per_keV
1.1294000000e-05 2.8669798237e+01
1.4219000000e-05 2.9866179015e+01
1.7901000000e-05 3.0947933209e+01
2.2536000000e-05 3.1860083950e+01
2.8371000000e-05 3.2538705259e+01
3.5717000000e-05 3.2914117989e+01
4.4965000000e-05 3.2917107927e+01
5.6608000000e-05 3.2488247928e+01
7.1265000000e-05 3.1589361411e+01
8.9717000000e-05 3.0214547887e+01
1.1295000000e-04 2.8417638758e+01
1.4219000000e-04 2.6268576415e+01
1.7901000000e-04 2.3851531654e+01
2.2536000000e-04 2.1288419835e+01
2.8371000000e-04 1.8700128197e+01
3.5717000000e-04 1.6192235050e+01
4.4965000000e-04 1.3845507821e+01
5.6608000000e-04 1.1712358824e+01
7.1264000000e-04 9.8194547155e+00
8.9717000000e-04 8.1717506424e+00
1.1294000000e-03 6.7603840484e+00
1.4219000000e-03 5.5655306659e+00
1.7901000000e-03 4.5645724966e+00
2.2536000000e-03 3.7324847897e+00
2.8371000000e-03 3.0449149003e+00
3.5717000000e-03 2.4794245393e+00
4.4965000000e-03 2.0160640333e+00
5.6608000000e-03 1.6374571905e+00
7.1264000000e-03 1.3288294139e+00
8.9716000000e-03 1.0776320733e+00
1.1294000000e-02 8.7350785052e-01
1.4219000000e-02 7.0770282407e-01
1.7901000000e-02 5.7321283833e-01
2.2536000000e-02 4.6418515625e-01
2.8371000000e-02 3.7583563964e-01
3.5717000000e-02 3.0426721176e-01
4.4965000000e-02 2.4631210129e-01
5.6607000000e-02 1.9939341754e-01
7.1264000000e-02 1.6141329797e-01
8.9717000000e-02 1.3067354405e-01
1.1295000000e-01 1.0579623705e-01
1.4219000000e-01 8.5671590245e-02
1.7901000000e-01 6.9383500056e-02
2.2536000000e-01 5.6205568812e-02
2.8371000000e-01 4.5542975481e-02
3.5717000000e-01 3.6914936415e-02
4.4965000000e-01 2.9933019842e-02
5.6607000000e-01 2.4282785749e-02
7.1265000000e-01 1.9709002918e-02
8.9716000000e-01 1.6006833143e-02
1.1295000000e+00 1.3008540887e-02
1.4219000000e+00 1.0581061794e-02
1.7901000000e+00 8.6140034415e-03
2.2536000000e+00 7.0201227747e-03
2.8371000000e+00 5.7280918036e-03
3.5717000000e+00 4.6803409831e-03
4.4965000000e+00 3.8304119236e-03
5.6607000000e+00 3.1407103233e-03
7.1265000000e+00 2.5806964199e-03
8.9717000000e+00 2.1258627212e-03
1.1294000000e+01 1.7565303167e-03
1.4219000000e+01 1.4565559383e-03
1.7901000000e+01 1.2129860635e-03
2.2536000000e+01 1.0149913886e-03
2.8371000000e+01 8.5382917209e-04
3.5717000000e+01 7.2243903750e-04
4.4965000000e+01 6.1510029712e-04
5.6607000000e+01 5.2716023566e-04
7.1264000000e+01 4.5482635234e-04
8.9717000000e+01 3.9502346905e-04
1.1294000000e+02 3.4526795424e-04
1.4219000000e+02 3.0348855426e-04
1.7901000000e+02 2.6806020402e-04
2.2536000000e+02 2.3763261277e-04
2.8371000000e+02 2.1110730805e-04
3.5717000000e+02 1.8759342135e-04
4.4965000000e+02 1.6637306112e-04
5.6608000000e+02 1.4687271039e-04
7.1264000000e+02 1.2865427979e-04
8.9717000000e+02 1.1140302380e-04
1.1294000000e+03 9.4954206335e-05
1.4219000000e+03 7.9271259726e-05
1.7901000000e+03 6.4489204654e-05
2.2536000000e+03 5.0860372858e-05
2.8371000000e+03 3.8716121160e-05
3.5717000000e+03 2.8388419624e-05
4.4965000000e+03 2.0110680340e-05
5.6607000000e+03 1.3923440552e-05
7.1265000000e+03 9.6301509844e-06
8.9717000000e+03 6.8408092571e-06
1.1295000000e+04 5.0820217418e-06
1.4219000000e+04 3.9348885756e-06
1.7901000000e+04 3.1194535876e-06
2.2536000000e+04 2.4950369370e-06
2.8371000000e+04 2.0029256440e-06
3.5717000000e+04 1.6148844950e-06
4.4965000000e+04 1.3027765996e-06
5.6607000000e+04 1.0509011428e-06
7.1265000000e+04 8.4790484537e-07
8.9716000000e+04 6.7750100772e-07
1.1294000000e+05 5.3112026485e-07
1.4219000000e+05 4.0172364276e-07
1.7901000000e+05 2.9329405941e-07
2.2536000000e+05 2.1684668753e-07
2.8371000000e+05 1.6460627572e-07
3.5717000000e+05 1.2760495277e-07
4.4965000000e+05 1.0154283829e-07
5.6608000000e+05 8.2694315542e-08
7.1265000000e+05 6.7647567784e-08
8.9716000000e+05 5.5052143482e-08
1.1294000000e+06 4.4172151850e-08
1.4219000000e+06 3.5133959547e-08
1.7901000000e+06 2.7785651971e-08
2.2536000000e+06 2.1839777647e-08
2.8371000000e+06 1.7058819270e-08
3.5717000000e+06 1.3221794209e-08
4.4965000000e+06 1.0153415433e-08
5.6608000000e+06 7.7157645553e-09
7.1265000000e+06 5.7988196408e-09
8.9717000000e+06 4.3107769819e-09
1.1294000000e+07 3.1581792387e-09
1.4219000000e+07 2.2944051486e-09
1.7901000000e+07 1.6603442568e-09
2.2536000000e+07 1.1975404823e-09
2.8371000000e+07 8.6136717297e-10
3.5717000000e+07 6.1817016141e-10
4.4965000000e+07 4.4283703338e-10
5.6608000000e+07 3.1677384744e-10
7.1264000000e+07 2.2634832912e-10
8.9716000000e+07 1.6158812024e-10
1.1294000000e+08 1.1528586317e-10
1.4219000000e+08 8.2196244427e-11
1.7901000000e+08 5.8583648492e-11
2.2536000000e+08 4.1743416305e-11
2.8371000000e+08 2.9738020886e-11
3.5717000000e+08 2.1182170362e-11
4.4965000000e+08 1.5086551744e-11
5.6608000000e+08 1.0744385241e-11
7.1264000000e+08 7.6520867672e-12
8.9716000000e+08 5.4496491875e-12
