# particle=n
# bin=19
# theta_mid_deg=161.805128
# spectrum_type=normalized_pdf
# energy_unit=keV_total
# pdf_unit=keV^-1
# pdf_integral=1.000000000000e+00
# Energy_keV PDF_per_keV
1.1294000000e-05 2.9344398239e+01
1.4219000000e-05 3.0568929842e+01
1.7901000000e-05 3.1676137699e+01
2.2536000000e-05 3.2609751336e+01
2.8371000000e-05 3.3304340595e+01
3.5717000000e-05 3.3688586782e+01
4.4965000000e-05 3.3691647073e+01
5.6608000000e-05 3.3252696004e+01
7.1265000000e-05 3.2332658698e+01
8.9717000000e-05 3.0925495829e+01
1.1295000000e-04 2.9089183296e+01
1.4219000000e-04 2.6894094511e+01
1.7901000000e-04 2.4423582569e+01
2.2536000000e-04 2.1802546158e+01
2.8371000000e-04 1.9154883391e+01
3.5717000000e-04 1.6588840382e+01
4.4965000000e-04 1.4187258133e+01
5.6608000000e-04 1.2003927451e+01
7.1264000000e-04 1.0066253024e+01
8.9717000000e-04 8.3793839875e+00
1.1294000000e-03 6.9343000824e+00
1.4219000000e-03 5.7107417161e+00
1.7901000000e-03 4.6855786359e+00
2.2536000000e-03 3.8332104413e+00
2.8371000000e-03 3.1287218716e+00
3.5717000000e-03 2.5491564302e+00
4.4965000000e-03 2.0741051172e+00
5.6608000000e-03 1.6857933167e+00
7.1264000000e-03 1.3691094891e+00
8.9716000000e-03 1.1112198327e+00
1.1294000000e-02 9.0153296611e-01
1.4219000000e-02 7.3109672142e-01
1.7901000000e-02 5.9274932092e-01
2.2536000000e-02 4.8050544530e-01
2.8371000000e-02 3.8947191860e-01
3.5717000000e-02 3.1566202615e-01
4.4965000000e-02 2.5583421942e-01
5.6607000000e-02 2.0735057813e-01
7.1264000000e-02 1.6806248933e-01
8.9717000000e-02 1.3622972433e-01
1.1295000000e-01 1.1043932964e-01
1.4219000000e-01 8.9552542109e-02
1.7901000000e-01 7.2628371447e-02
2.2536000000e-01 5.8920168758e-02
2.8371000000e-01 4.7815858690e-02
3.5717000000e-01 3.8820190103e-02
4.4965000000e-01 3.1532594780e-02
5.6607000000e-01 2.5628414492e-02
7.1265000000e-01 2.0843775127e-02
8.9716000000e-01 1.6966633232e-02
1.1295000000e+00 1.3823084275e-02
1.4219000000e+00 1.1274995765e-02
1.7901000000e+00 9.2075751179e-03
2.2536000000e+00 7.5299959224e-03
2.8371000000e+00 6.1679092338e-03
3.5717000000e+00 5.0612687066e-03
4.4965000000e+00 4.1616329072e-03
5.6607000000e+00 3.4298873671e-03
7.1265000000e+00 2.8344000630e-03
8.9717000000e+00 2.3497604040e-03
1.1294000000e+01 1.9549133377e-03
1.4219000000e+01 1.6322698938e-03
1.7901000000e+01 1.3685287225e-03
2.2536000000e+01 1.1528958159e-03
2.8371000000e+01 9.7649570288e-04
3.5717000000e+01 8.3203136167e-04
4.4965000000e+01 7.1353377682e-04
5.6607000000e+01 6.1611727907e-04
7.1264000000e+01 5.3577405143e-04
8.9717000000e+01 4.6923056312e-04
1.1294000000e+02 4.1381947935e-04
1.4219000000e+02 3.6729000801e-04
1.7901000000e+02 3.2785429533e-04
2.2536000000e+02 2.9400447549e-04
2.8371000000e+02 2.6449413464e-04
3.5717000000e+02 2.3829415422e-04
4.4965000000e+02 2.1455590284e-04
5.6608000000e+02 1.9257726174e-04
7.1264000000e+02 1.7178935474e-04
8.9717000000e+02 1.5174422337e-04
1.1294000000e+03 1.3215708318e-04
1.4219000000e+03 1.1290293887e-04
1.7901000000e+03 9.4100055287e-05
2.2536000000e+03 7.6079576522e-05
2.8371000000e+03 5.9364857675e-05
3.5717000000e+03 4.4577434838e-05
4.4965000000e+03 3.2279381673e-05
5.6607000000e+03 2.2786548720e-05
7.1265000000e+03 1.6030014457e-05
8.9717000000e+03 1.1556446048e-05
1.1295000000e+04 8.6903949122e-06
1.4219000000e+04 6.7875305256e-06
1.7901000000e+04 5.4043455399e-06
2.2536000000e+04 4.3182473585e-06
2.8371000000e+04 3.4380933174e-06
3.5717000000e+04 2.7196427113e-06
4.4965000000e+04 2.1118501813e-06
5.6607000000e+04 1.5995091098e-06
7.1265000000e+04 1.1615008517e-06
8.9716000000e+04 7.9705486054e-07
1.1294000000e+05 5.0744456118e-07
1.4219000000e+05 2.9716923345e-07
1.7901000000e+05 1.5928302806e-07
2.2536000000e+05 7.8626659038e-08
2.8371000000e+05 3.6731358209e-08
3.5717000000e+05 1.7373823827e-08
4.4965000000e+05 8.5800696324e-09
5.6608000000e+05 4.3391774454e-09
7.1265000000e+05 2.3331056465e-09
8.9716000000e+05 1.2442383119e-09
1.1294000000e+06 7.5979652250e-10
1.4219000000e+06 4.6971083880e-10
1.7901000000e+06 2.9487048700e-10
2.2536000000e+06 1.9279042715e-10
2.8371000000e+06 1.2608531881e-10
3.5717000000e+06 8.2189885906e-11
4.4965000000e+06 5.3357006414e-11
5.6608000000e+06 3.4549092815e-11
7.1265000000e+06 2.2388576308e-11
8.9717000000e+06 1.4574554751e-11
1.1294000000e+07 1.0140196007e-11
1.4219000000e+07 7.3668136506e-12
1.7901000000e+07 5.3309881836e-12
2.2536000000e+07 3.8450304114e-12
2.8371000000e+07 2.7656542926e-12
3.5717000000e+07 1.9848039420e-12
4.4965000000e+07 1.4218491030e-12
5.6608000000e+07 1.0170888541e-12
7.1264000000e+07 7.2675305920e-13
8.9716000000e+07 5.1882274179e-13
1.1294000000e+08 3.7015671406e-13
1.4219000000e+08 2.6391346613e-13
1.7901000000e+08 1.8809878529e-13
2.2536000000e+08 1.3402862579e-13
2.8371000000e+08 9.5482028682e-14
3.5717000000e+08 6.8011136513e-14
4.4965000000e+08 4.8439490033e-14
5.6608000000e+08 3.4497779919e-14
7.1264000000e+08 2.4569112080e-14
8.9716000000e+08 1.7497585398e-14
