# particle=n
# bin=18
# theta_mid_deg=148.211669
# spectrum_type=normalized_pdf
# energy_unit=keV_total
# pdf_unit=keV^-1
# pdf_integral=1.000000000000e+00
# Energy_keV PDF_per_keV
1.1294000000e-05 2.9090379296e+01
1.4219000000e-05 3.0304310776e+01
1.7901000000e-05 3.1401934120e+01
2.2536000000e-05 3.2327465957e+01
2.8371000000e-05 3.3016042524e+01
3.5717000000e-05 3.3396962496e+01
4.4965000000e-05 3.3399996295e+01
5.6608000000e-05 3.2964844993e+01
7.1265000000e-05 3.2052771964e+01
8.9717000000e-05 3.0657790160e+01
1.1295000000e-04 2.8832794355e+01
1.4219000000e-04 2.6648525484e+01
1.7901000000e-04 2.4192161097e+01
2.2536000000e-04 2.1587811637e+01
2.8371000000e-04 1.8958459911e+01
3.5717000000e-04 1.6411438015e+01
4.4965000000e-04 1.4028780799e+01
5.6608000000e-04 1.1863647508e+01
7.1264000000e-04 9.9430004480e+00
8.9717000000e-04 8.2717310360e+00
1.1294000000e-03 6.8406968036e+00
1.4219000000e-03 5.6296407348e+00
1.7901000000e-03 4.6154879993e+00
2.2536000000e-03 3.7727461950e+00
2.8371000000e-03 3.0766295433e+00
3.5717000000e-03 2.5043172130e+00
4.4965000000e-03 2.0355325123e+00
5.6608000000e-03 1.6526253483e+00
7.1264000000e-03 1.3405966796e+00
8.9716000000e-03 1.0867146589e+00
1.1294000000e-02 8.8047585971e-01
1.4219000000e-02 7.1300785124e-01
1.7901000000e-02 5.7721426634e-01
2.2536000000e-02 4.6716808130e-01
2.8371000000e-02 3.7802624952e-01
3.5717000000e-02 3.0584499508e-01
4.4965000000e-02 2.4741947963e-01
5.6607000000e-02 2.0014328655e-01
7.1264000000e-02 1.6189496048e-01
8.9717000000e-02 1.3095747604e-01
1.1295000000e-01 1.0593783285e-01
1.4219000000e-01 8.5714183818e-02
1.7901000000e-01 6.9360664173e-02
2.2536000000e-01 5.6143119100e-02
2.8371000000e-01 4.5460474374e-02
3.5717000000e-01 3.6826940332e-02
4.4965000000e-01 2.9850079702e-02
5.6607000000e-01 2.4212249694e-02
7.1265000000e-01 1.9655665133e-02
8.9716000000e-01 1.5973445652e-02
1.1295000000e+00 1.2996240831e-02
1.4219000000e+00 1.0589689845e-02
1.7901000000e+00 8.6424066792e-03
2.2536000000e+00 7.0663748104e-03
2.8371000000e+00 5.7897188560e-03
3.5717000000e+00 4.7545320714e-03
4.4965000000e+00 3.9142370096e-03
5.6607000000e+00 3.2313618320e-03
7.1265000000e+00 2.6757363657e-03
8.9717000000e+00 2.2232599867e-03
1.1294000000e+01 1.8541544506e-03
1.4219000000e+01 1.5520430352e-03
1.7901000000e+01 1.3045506399e-03
2.2536000000e+01 1.1016510622e-03
2.8371000000e+01 9.3514884873e-04
3.5717000000e+01 7.9834015630e-04
4.4965000000e+01 6.8575586257e-04
5.6607000000e+01 5.9291951867e-04
7.1264000000e+01 5.1614934037e-04
8.9717000000e+01 4.5242420951e-04
1.1294000000e+02 3.9926752549e-04
1.4219000000e+02 3.5457268387e-04
1.7901000000e+02 3.1665469195e-04
2.2536000000e+02 2.8408093156e-04
2.8371000000e+02 2.5565925123e-04
3.5717000000e+02 2.3040132415e-04
4.4965000000e+02 2.0749223594e-04
5.6608000000e+02 1.8626054955e-04
7.1264000000e+02 1.6616536399e-04
8.9717000000e+02 1.4678236937e-04
1.1294000000e+03 1.2784270876e-04
1.4219000000e+03 1.0922884142e-04
1.7901000000e+03 9.1055423384e-05
2.2536000000e+03 7.3640725174e-05
2.8371000000e+03 5.7487808311e-05
3.5717000000e+03 4.3194947741e-05
4.4965000000e+03 3.1304426848e-05
5.6607000000e+03 2.2122581589e-05
7.1265000000e+03 1.5585360629e-05
8.9717000000e+03 1.1257200834e-05
1.1295000000e+04 8.4865598720e-06
1.4219000000e+04 6.6503506824e-06
1.7901000000e+04 5.3187179268e-06
2.2536000000e+04 4.2755586933e-06
2.8371000000e+04 3.4325101304e-06
3.5717000000e+04 2.7468743212e-06
4.4965000000e+04 2.1736576919e-06
5.6607000000e+04 1.7001521440e-06
7.1265000000e+04 1.2778874504e-06
8.9716000000e+04 9.2037704003e-07
1.1294000000e+05 6.2575210836e-07
1.4219000000e+05 3.9900759913e-07
1.7901000000e+05 2.3732248586e-07
2.2536000000e+05 1.3179350310e-07
2.8371000000e+05 6.9521090173e-08
3.5717000000e+05 3.6122124576e-08
4.4965000000e+05 1.8910588396e-08
5.6608000000e+05 1.0034837565e-08
7.1265000000e+05 5.5428486091e-09
8.9716000000e+05 3.1211570417e-09
1.1294000000e+06 1.8876957128e-09
1.4219000000e+06 1.1637713501e-09
1.7901000000e+06 7.2588742966e-10
2.2536000000e+06 4.5961084957e-10
2.8371000000e+06 2.8929244752e-10
3.5717000000e+06 1.8006391573e-10
4.4965000000e+06 1.1063584039e-10
5.6608000000e+06 6.7205395908e-11
7.1265000000e+06 4.0544547454e-11
8.9717000000e+06 2.4440238069e-11
1.1294000000e+07 1.6342792453e-11
1.4219000000e+07 1.1872976266e-11
1.7901000000e+07 8.5918687756e-12
2.2536000000e+07 6.1969742937e-12
2.8371000000e+07 4.4573609887e-12
3.5717000000e+07 3.1988769114e-12
4.4965000000e+07 2.2915715607e-12
5.6608000000e+07 1.6392259122e-12
7.1264000000e+07 1.1712963342e-12
8.9716000000e+07 8.3617835227e-13
1.1294000000e+08 5.9657568243e-13
1.4219000000e+08 4.2534513135e-13
1.7901000000e+08 3.0315581735e-13
2.2536000000e+08 2.1601180218e-13
2.8371000000e+08 1.5388686537e-13
3.5717000000e+08 1.0961246585e-13
4.4965000000e+08 7.8069154835e-14
5.6608000000e+08 5.5599522623e-14
7.1264000000e+08 3.9597646751e-14
8.9716000000e+08 2.8200579791e-14
