# particle=n
# bin=00
# theta_mid_deg=18.194872
# spectrum_type=normalized_pdf
# energy_unit=keV_total
# pdf_unit=keV^-1
# pdf_integral=1.000000000000e+00
# Energy_keV PDF_per_keV
1.1294000000e-05 6.6952548092e+01
1.4219000000e-05 6.9746454798e+01
1.7901000000e-05 7.2272674170e+01
2.2536000000e-05 7.4402818786e+01
2.8371000000e-05 7.5987602376e+01
3.5717000000e-05 7.6864303310e+01
4.4965000000e-05 7.6871285708e+01
5.6608000000e-05 7.5869769428e+01
7.1265000000e-05 7.3770600740e+01
8.9717000000e-05 7.0560000238e+01
1.1295000000e-04 6.6290188024e+01
1.4219000000e-04 6.1145218436e+01
1.7901000000e-04 5.5395482058e+01
2.2536000000e-04 4.9329064164e+01
2.8371000000e-04 4.3229119869e+01
3.5717000000e-04 3.7340821927e+01
4.4965000000e-04 3.1849765661e+01
5.6608000000e-04 2.6874418071e+01
7.1264000000e-04 2.2472877418e+01
8.9717000000e-04 1.8652794165e+01
1.1294000000e-03 1.5390070613e+01
1.4219000000e-03 1.2635707415e+01
1.7901000000e-03 1.0334789397e+01
2.2536000000e-03 8.4273916109e+00
2.8371000000e-03 6.8556501370e+00
3.5717000000e-03 5.5665566893e+00
4.4965000000e-03 4.5132030729e+00
5.6608000000e-03 3.6549031976e+00
7.1264000000e-03 2.9571869698e+00
8.9716000000e-03 2.3908851121e+00
1.1294000000e-02 1.9319932114e+00
1.4219000000e-02 1.5602975680e+00
1.7901000000e-02 1.2596611059e+00
2.2536000000e-02 1.0166447747e+00
2.8371000000e-02 8.2029464708e-01
3.5717000000e-02 6.6171254913e-01
4.4965000000e-02 5.3368506481e-01
5.6607000000e-02 4.3036020991e-01
7.1264000000e-02 3.4698693546e-01
8.9717000000e-02 2.7972929871e-01
1.1295000000e-01 2.2548308985e-01
1.4219000000e-01 1.8175421374e-01
1.7901000000e-01 1.4649049708e-01
2.2536000000e-01 1.1806806443e-01
2.8371000000e-01 9.5161189155e-02
3.5717000000e-01 7.6701209390e-02
4.4965000000e-01 6.1827094051e-02
5.6607000000e-01 4.9843815787e-02
7.1265000000e-01 4.0188942235e-02
8.9716000000e-01 3.2412298175e-02
1.1295000000e+00 2.6146572639e-02
1.4219000000e+00 2.1101061898e-02
1.7901000000e+00 1.7035654280e-02
2.2536000000e+00 1.3761046218e-02
2.8371000000e+00 1.1123081575e-02
3.5717000000e+00 8.9977824098e-03
4.4965000000e+00 7.2854654434e-03
5.6607000000e+00 5.9057894557e-03
7.1265000000e+00 4.7937854360e-03
8.9717000000e+00 3.8974920817e-03
1.1294000000e+01 3.1752225810e-03
1.4219000000e+01 2.5929217458e-03
1.7901000000e+01 2.1235207311e-03
2.2536000000e+01 1.7446222064e-03
2.8371000000e+01 1.4382380227e-03
3.5717000000e+01 1.1899389687e-03
4.4965000000e+01 9.8814979277e-04
5.6607000000e+01 8.2358924718e-04
7.1264000000e+01 6.8884013514e-04
8.9717000000e+01 5.7804211143e-04
1.1294000000e+02 4.8660646398e-04
1.4219000000e+02 4.1081916682e-04
1.7901000000e+02 3.4782548563e-04
2.2536000000e+02 2.9524773058e-04
2.8371000000e+02 2.5110586541e-04
3.5717000000e+02 2.1373475115e-04
4.4965000000e+02 1.8174381816e-04
5.6608000000e+02 1.5399440938e-04
7.1264000000e+02 1.2959801666e-04
8.9717000000e+02 1.0789430380e-04
1.1294000000e+03 8.8463904081e-05
1.4219000000e+03 7.1069537997e-05
1.7901000000e+03 5.5669440939e-05
2.2536000000e+03 4.2320634652e-05
2.8371000000e+03 3.1118235105e-05
3.5717000000e+03 2.2116979234e-05
4.4965000000e+03 1.5262682702e-05
5.6607000000e+03 1.0349256860e-05
7.1265000000e+03 7.0318229896e-06
8.9717000000e+03 4.9041179979e-06
1.1295000000e+04 3.5684399540e-06
1.4219000000e+04 2.6976970052e-06
1.7901000000e+04 2.0774116503e-06
2.2536000000e+04 1.5983133980e-06
2.8371000000e+04 1.2118254556e-06
3.5717000000e+04 8.9451482983e-07
4.4965000000e+04 6.4704612607e-07
5.6607000000e+04 5.0391998965e-07
7.1265000000e+04 3.8235813495e-07
8.9716000000e+04 2.8397896286e-07
1.1294000000e+05 2.1153020336e-07
1.4219000000e+05 1.6169303903e-07
1.7901000000e+05 1.4798990754e-07
2.2536000000e+05 1.3977719921e-07
2.8371000000e+05 1.1988845348e-07
3.5717000000e+05 9.5896253393e-08
4.4965000000e+05 7.3889627268e-08
5.6608000000e+05 5.5935792782e-08
7.1265000000e+05 4.2119437420e-08
8.9716000000e+05 3.2336254469e-08
1.1294000000e+06 2.5630216666e-08
1.4219000000e+06 2.1003259680e-08
1.7901000000e+06 1.7453255270e-08
2.2536000000e+06 1.4430827233e-08
2.8371000000e+06 1.1758009556e-08
3.5717000000e+06 9.3918790740e-09
4.4965000000e+06 7.3412736781e-09
5.6608000000e+06 5.6187414390e-09
7.1265000000e+06 4.2200766907e-09
8.9717000000e+06 3.1220015932e-09
1.1294000000e+07 2.2894868499e-09
1.4219000000e+07 1.6633034477e-09
1.7901000000e+07 1.2036480690e-09
2.2536000000e+07 8.6814362941e-10
2.8371000000e+07 6.2443853450e-10
3.5717000000e+07 4.4813557072e-10
4.4965000000e+07 3.2102977316e-10
5.6608000000e+07 2.2964167114e-10
7.1264000000e+07 1.6408869917e-10
8.9716000000e+07 1.1714150732e-10
1.1294000000e+08 8.3575201964e-11
1.4219000000e+08 5.9587251549e-11
1.7901000000e+08 4.2469563222e-11
2.2536000000e+08 3.0261424536e-11
2.8371000000e+08 2.1558246894e-11
3.5717000000e+08 1.5355778388e-11
4.4965000000e+08 1.0936827589e-11
5.6608000000e+08 7.7890223641e-12
7.1264000000e+08 5.5472950406e-12
8.9716000000e+08 3.9506624573e-12
