# particle=n
# bin=17
# theta_mid_deg=138.590378
# spectrum_type=normalized_pdf
# energy_unit=keV_total
# pdf_unit=keV^-1
# pdf_integral=1.000000000000e+00
# Energy_keV PDF_per_keV
1.1294000000e-05 2.8814277863e+01
1.4219000000e-05 3.0016687726e+01
1.7901000000e-05 3.1103893351e+01
2.2536000000e-05 3.2020640818e+01
2.8371000000e-05 3.2702681995e+01
3.5717000000e-05 3.3079986594e+01
4.4965000000e-05 3.3082991599e+01
5.6608000000e-05 3.2651970388e+01
7.1265000000e-05 3.1748553990e+01
8.9717000000e-05 3.0366812180e+01
1.1295000000e-04 2.8554128283e+01
1.4219000000e-04 2.6381661904e+01
1.7901000000e-04 2.3940741748e+01
2.2536000000e-04 2.1354617075e+01
2.8371000000e-04 1.8745269762e+01
3.5717000000e-04 1.6219031719e+01
4.4965000000e-04 1.3857055116e+01
5.6608000000e-04 1.1711807230e+01
7.1264000000e-04 9.8097652955e+00
8.9717000000e-04 8.1555377401e+00
1.1294000000e-03 6.7398475535e+00
1.4219000000e-03 5.5424398766e+00
1.7901000000e-03 4.5403001115e+00
2.2536000000e-03 3.7080537934e+00
2.8371000000e-03 3.0210567574e+00
3.5717000000e-03 2.4566366918e+00
4.4965000000e-03 1.9946618628e+00
5.6608000000e-03 1.6176186954e+00
7.1264000000e-03 1.3106315770e+00
8.9716000000e-03 1.0610805745e+00
1.1294000000e-02 8.5855890552e-01
1.4219000000e-02 6.9428174909e-01
1.7901000000e-02 5.6122473998e-01
2.2536000000e-02 4.5352502896e-01
2.8371000000e-02 3.6639479158e-01
3.5717000000e-02 2.9593758744e-01
4.4965000000e-02 2.3898907867e-01
5.6607000000e-02 1.9297762512e-01
7.1264000000e-02 1.5581175680e-01
8.9717000000e-02 1.2580008219e-01
1.1295000000e-01 1.0157164726e-01
1.4219000000e-01 8.2023318176e-02
1.7901000000e-01 6.6245911675e-02
2.2536000000e-01 5.3519094744e-02
2.8371000000e-01 4.3253939497e-02
3.5717000000e-01 3.4975102147e-02
4.4965000000e-01 2.8299125328e-02
5.6607000000e-01 2.2916115956e-02
7.1265000000e-01 1.8575012430e-02
8.9716000000e-01 1.5074653546e-02
1.1295000000e+00 1.2250718444e-02
1.4219000000e+00 9.9730375980e-03
1.7901000000e+00 8.1339695329e-03
2.2536000000e+00 6.6485868032e-03
2.8371000000e+00 5.4476846683e-03
3.5717000000e+00 4.4756104947e-03
4.4965000000e+00 3.6876811319e-03
5.6607000000e+00 3.0480190100e-03
7.1265000000e+00 2.5278041736e-03
8.9717000000e+00 2.1040956051e-03
1.1294000000e+01 1.7582199080e-03
1.4219000000e+01 1.4748366704e-03
1.7901000000e+01 1.2423423808e-03
2.2536000000e+01 1.0513445440e-03
2.8371000000e+01 8.9421325550e-04
3.5717000000e+01 7.6474344152e-04
4.4965000000e+01 6.5789225772e-04
5.6607000000e+01 5.6953875311e-04
7.1264000000e+01 4.9629073221e-04
8.9717000000e+01 4.3535679590e-04
1.1294000000e+02 3.8443861482e-04
1.4219000000e+02 3.4156851516e-04
1.7901000000e+02 3.0516375551e-04
2.2536000000e+02 2.7386850958e-04
2.8371000000e+02 2.4654629688e-04
3.5717000000e+02 2.2224928797e-04
4.4965000000e+02 2.0019411218e-04
5.6608000000e+02 1.7973705055e-04
7.1264000000e+02 1.6036270677e-04
8.9717000000e+02 1.4166900512e-04
1.1294000000e+03 1.2340240838e-04
1.4219000000e+03 1.0545260859e-04
1.7901000000e+03 8.7930414138e-05
2.2536000000e+03 7.1140896707e-05
2.8371000000e+03 5.5566432070e-05
3.5717000000e+03 4.1781698661e-05
4.4965000000e+03 3.0309060846e-05
5.6607000000e+03 2.1445524895e-05
7.1265000000e+03 1.5132406407e-05
8.9717000000e+03 1.0952591505e-05
1.1295000000e+04 8.2791146299e-06
1.4219000000e+04 6.5106357247e-06
1.7901000000e+04 5.2312505422e-06
2.2536000000e+04 4.2314898669e-06
2.8371000000e+04 3.4258283105e-06
3.5717000000e+04 2.7731245647e-06
4.4965000000e+04 2.2338740046e-06
5.6607000000e+04 1.7901477240e-06
7.1265000000e+04 1.3891025565e-06
8.9716000000e+04 1.0402621181e-06
1.1294000000e+05 7.4182133592e-07
1.4219000000e+05 4.9984650781e-07
1.7901000000e+05 3.1548645601e-07
2.2536000000e+05 1.8583780197e-07
2.8371000000e+05 1.0345384022e-07
3.5717000000e+05 5.5897207347e-08
4.4965000000e+05 2.9994663004e-08
5.6608000000e+05 1.6225909669e-08
7.1265000000e+05 9.0622437595e-09
8.9716000000e+05 5.1903436565e-09
1.1294000000e+06 3.1351626558e-09
1.4219000000e+06 1.9329026709e-09
1.7901000000e+06 1.2040840094e-09
2.2536000000e+06 7.5584573457e-10
2.8371000000e+06 4.7057064135e-10
3.5717000000e+06 2.8880532304e-10
4.4965000000e+06 1.7428633582e-10
5.6608000000e+06 1.0349896860e-10
7.1265000000e+06 6.0724627639e-11
8.9717000000e+06 3.5406644851e-11
1.1294000000e+07 2.3237529069e-11
1.4219000000e+07 1.6881976071e-11
1.7901000000e+07 1.2216627055e-11
2.2536000000e+07 8.8113687244e-12
2.8371000000e+07 6.3378431711e-12
3.5717000000e+07 4.5484268022e-12
4.4965000000e+07 3.2583452864e-12
5.6608000000e+07 2.3307864855e-12
7.1264000000e+07 1.6654456509e-12
8.9716000000e+07 1.1889472881e-12
1.1294000000e+08 8.4826046725e-13
1.4219000000e+08 6.0479075914e-13
1.7901000000e+08 4.3105192325e-13
2.2536000000e+08 3.0714338121e-13
2.8371000000e+08 2.1880902652e-13
3.5717000000e+08 1.5585603677e-13
4.4965000000e+08 1.1100515778e-13
5.6608000000e+08 7.9055983051e-14
7.1264000000e+08 5.6303197271e-14
8.9716000000e+08 4.0097908269e-14
