# particle=n
# bin=12
# theta_mid_deg=104.477512
# spectrum_type=normalized_pdf
# energy_unit=keV_total
# pdf_unit=keV^-1
# pdf_integral=1.000000000000e+00
# Energy_keV PDF_per_keV
1.1294000000e-05 2.6744150625e+01
1.4219000000e-05 2.7860174793e+01
1.7901000000e-05 2.8869271434e+01
2.2536000000e-05 2.9720156279e+01
2.8371000000e-05 3.0353197025e+01
3.5717000000e-05 3.0703394628e+01
4.4965000000e-05 3.0706183742e+01
5.6608000000e-05 3.0306128733e+01
7.1265000000e-05 2.9467617202e+01
8.9717000000e-05 2.8185144976e+01
1.1295000000e-04 2.6466822147e+01
1.4219000000e-04 2.4387292512e+01
1.7901000000e-04 2.2067159002e+01
2.2536000000e-04 1.9622931090e+01
2.8371000000e-04 1.7168794789e+01
3.5717000000e-04 1.4803320128e+01
4.4965000000e-04 1.2600833318e+01
5.6608000000e-04 1.0608472746e+01
7.1264000000e-04 8.8490024239e+00
8.9717000000e-04 7.3248887991e+00
1.1294000000e-03 6.0258655716e+00
1.4219000000e-03 4.9317431697e+00
1.7901000000e-03 4.0200219922e+00
2.2536000000e-03 3.2662841128e+00
2.8371000000e-03 2.6470210699e+00
3.5717000000e-03 2.1407459423e+00
4.4965000000e-03 1.7284815576e+00
5.6608000000e-03 1.3938002212e+00
7.1264000000e-03 1.1228086434e+00
8.9716000000e-03 9.0377653849e-01
1.1294000000e-02 7.2706760980e-01
1.4219000000e-02 5.8459255746e-01
1.7901000000e-02 4.6990311162e-01
2.2536000000e-02 3.7764795782e-01
2.8371000000e-02 3.0347931180e-01
3.5717000000e-02 2.4387769368e-01
4.4965000000e-02 1.9600090464e-01
5.6607000000e-02 1.5755305236e-01
7.1264000000e-02 1.2667905627e-01
8.9717000000e-02 1.0188851439e-01
1.1295000000e-01 8.1981835088e-02
1.4219000000e-01 6.6000387713e-02
1.7901000000e-01 5.3160745777e-02
2.2536000000e-01 4.2846314701e-02
2.8371000000e-01 3.4557111320e-02
3.5717000000e-01 2.7892681910e-02
4.4965000000e-01 2.2532441884e-02
5.6607000000e-01 1.8219266750e-02
7.1265000000e-01 1.4746391818e-02
8.9716000000e-01 1.1949284125e-02
1.1295000000e+00 9.6944687730e-03
1.4219000000e+00 7.8768423964e-03
1.7901000000e+00 6.4099978448e-03
2.2536000000e+00 5.2260837028e-03
2.8371000000e+00 4.2700103283e-03
3.5717000000e+00 3.4975542366e-03
4.4965000000e+00 2.8731697240e-03
5.6607000000e+00 2.3681664921e-03
7.1265000000e+00 1.9592701963e-03
8.9717000000e+00 1.6277907891e-03
1.1294000000e+01 1.3586810769e-03
1.4219000000e+01 1.1396704688e-03
1.7901000000e+01 9.6109160817e-04
2.2536000000e+01 8.1499228487e-04
2.8371000000e+01 6.9503268112e-04
3.5717000000e+01 5.9617207014e-04
4.4965000000e+01 5.1440033831e-04
5.6607000000e+01 4.4651492171e-04
7.1264000000e+01 3.8994133035e-04
8.9717000000e+01 3.4260520319e-04
1.1294000000e+02 3.0282561056e-04
1.4219000000e+02 2.6917381242e-04
1.7901000000e+02 2.4050891968e-04
2.2536000000e+02 2.1584982858e-04
2.8371000000e+02 1.9436188567e-04
3.5717000000e+02 1.7532314188e-04
4.4965000000e+02 1.5810323143e-04
5.6608000000e+02 1.4215952967e-04
7.1264000000e+02 1.2705404205e-04
8.9717000000e+02 1.1245670458e-04
1.1294000000e+03 9.8169094381e-05
1.4219000000e+03 8.4108376879e-05
1.7901000000e+03 7.0360253125e-05
2.2536000000e+03 5.7157403009e-05
2.8371000000e+03 4.4870991098e-05
3.5717000000e+03 3.3950740305e-05
4.4965000000e+03 2.4816509858e-05
5.6607000000e+03 1.7722439738e-05
7.1265000000e+03 1.2647543284e-05
8.9717000000e+03 9.2823955571e-06
1.1295000000e+04 7.1387009802e-06
1.4219000000e+04 5.7361138782e-06
1.7901000000e+04 4.7359498747e-06
2.2536000000e+04 3.9654357200e-06
2.8371000000e+04 3.3544686046e-06
3.5717000000e+04 2.8699603176e-06
4.4965000000e+04 2.4898180553e-06
5.6607000000e+04 2.1547423214e-06
7.1265000000e+04 1.8613970461e-06
8.9716000000e+04 1.5691861952e-06
1.1294000000e+05 1.2699320589e-06
1.4219000000e+05 9.7561912162e-07
1.7901000000e+05 7.0248555515e-07
2.2536000000e+05 4.7130241763e-07
2.8371000000e+05 2.9780359195e-07
3.5717000000e+05 1.7968600667e-07
4.4965000000e+05 1.0530576181e-07
5.6608000000e+05 6.1058968554e-08
7.1265000000e+05 3.5674693737e-08
8.9716000000e+05 2.1268341613e-08
1.1294000000e+06 1.2987705612e-08
1.4219000000e+06 8.0676465730e-09
1.7901000000e+06 5.0410911849e-09
2.2536000000e+06 3.1414116205e-09
2.8371000000e+06 1.9337206577e-09
3.5717000000e+06 1.1677981668e-09
4.4965000000e+06 6.8932264469e-10
5.6608000000e+06 3.9739395843e-10
7.1265000000e+06 2.2423674196e-10
8.9717000000e+06 1.2431392650e-10
1.1294000000e+07 7.9145130592e-11
1.4219000000e+07 5.7498634938e-11
1.7901000000e+07 4.1608836325e-11
2.2536000000e+07 3.0010803916e-11
2.8371000000e+07 2.1586177427e-11
3.5717000000e+07 1.5491571078e-11
4.4965000000e+07 1.1097658552e-11
5.6608000000e+07 7.9384688547e-12
7.1264000000e+07 5.6723721846e-12
8.9716000000e+07 4.0494575868e-12
1.1294000000e+08 2.8891060343e-12
1.4219000000e+08 2.0598680466e-12
1.7901000000e+08 1.4681277280e-12
2.2536000000e+08 1.0461053300e-12
2.8371000000e+08 7.4524571555e-13
3.5717000000e+08 5.3083296192e-13
4.4965000000e+08 3.7807452260e-13
5.6608000000e+08 2.6925823671e-13
7.1264000000e+08 1.9176410226e-13
8.9716000000e+08 1.3657020835e-13
