# particle=n
# bin=16
# theta_mid_deg=130.541602
# spectrum_type=normalized_pdf
# energy_unit=keV_total
# pdf_unit=keV^-1
# pdf_integral=1.000000000000e+00
# Energy_keV PDF_per_keV
1.1294000000e-05 2.8509299373e+01
1.4219000000e-05 2.9698982589e+01
1.7901000000e-05 3.0774680922e+01
2.2536000000e-05 3.1681725274e+01
2.8371000000e-05 3.2356547533e+01
3.5717000000e-05 3.2729858634e+01
4.4965000000e-05 3.2732831833e+01
5.6608000000e-05 3.2306372672e+01
7.1265000000e-05 3.1412518290e+01
8.9717000000e-05 3.0045401227e+01
1.1295000000e-04 2.8246370020e+01
1.4219000000e-04 2.6087062365e+01
1.7901000000e-04 2.3663346327e+01
2.2536000000e-04 2.1097511734e+01
2.8371000000e-04 1.8510425809e+01
3.5717000000e-04 1.6007306988e+01
4.4965000000e-04 1.3668325088e+01
5.6608000000e-04 1.1545177577e+01
7.1264000000e-04 9.6638023670e+00
8.9717000000e-04 8.0284936030e+00
1.1294000000e-03 6.6298253116e+00
1.4219000000e-03 5.4475457753e+00
1.7901000000e-03 4.4587082546e+00
2.2536000000e-03 3.6380703164e+00
2.8371000000e-03 2.9611461510e+00
3.5717000000e-03 2.4054294607e+00
4.4965000000e-03 1.9509505405e+00
5.6608000000e-03 1.5803484155e+00
7.1264000000e-03 1.2788854936e+00
8.9716000000e-03 1.0340669901e+00
1.1294000000e-02 8.3559428784e-01
1.4219000000e-02 6.7478056254e-01
1.7901000000e-02 5.4468214908e-01
2.2536000000e-02 4.3950809805e-01
2.8371000000e-02 3.5453248204e-01
3.5717000000e-02 2.8591194353e-01
4.4965000000e-02 2.3052758549e-01
5.6607000000e-02 1.8584679517e-01
7.1264000000e-02 1.4981174484e-01
8.9717000000e-02 1.2075980519e-01
1.1295000000e-01 9.7344746356e-02
1.4219000000e-01 7.8484430261e-02
1.7901000000e-01 6.3288309928e-02
2.2536000000e-01 5.1051523325e-02
2.8371000000e-01 4.1198687463e-02
3.5717000000e-01 3.3266081106e-02
4.4965000000e-01 2.6880213282e-02
5.6607000000e-01 2.1739762996e-02
7.1265000000e-01 1.7601070756e-02
8.9716000000e-01 1.4269256232e-02
1.1295000000e+00 1.1585477322e-02
1.4219000000e+00 9.4241259197e-03
1.7901000000e+00 7.6815804546e-03
2.2536000000e+00 6.2762172866e-03
2.8371000000e+00 5.1416442927e-03
3.5717000000e+00 4.2245400497e-03
4.4965000000e+00 3.4821297803e-03
5.6607000000e+00 2.8800844618e-03
7.1265000000e+00 2.3908373781e-03
8.9717000000e+00 1.9924751630e-03
1.1294000000e+01 1.6672730809e-03
1.4219000000e+01 1.4007621062e-03
1.7901000000e+01 1.1819634455e-03
2.2536000000e+01 1.0019896373e-03
2.8371000000e+01 8.5366516836e-04
3.5717000000e+01 7.3119064194e-04
4.4965000000e+01 6.2987547552e-04
5.6607000000e+01 5.4589896265e-04
7.1264000000e+01 4.7612005368e-04
8.9717000000e+01 4.1795234871e-04
1.1294000000e+02 3.6926144905e-04
1.4219000000e+02 3.2821172865e-04
1.7901000000e+02 2.9332088889e-04
2.2536000000e+02 2.6331093692e-04
2.8371000000e+02 2.3710272686e-04
3.5717000000e+02 2.1378929096e-04
4.4965000000e+02 1.9261711439e-04
5.6608000000e+02 1.7296724348e-04
7.1264000000e+02 1.5434700543e-04
8.9717000000e+02 1.3637482038e-04
1.1294000000e+03 1.1881166868e-04
1.4219000000e+03 1.0155417649e-04
1.7901000000e+03 8.4709024550e-05
2.2536000000e+03 6.8567719686e-05
2.8371000000e+03 5.3591505608e-05
3.5717000000e+03 4.0331074094e-05
4.4965000000e+03 2.9288710526e-05
5.6607000000e+03 2.0752291768e-05
7.1265000000e+03 1.4669067894e-05
8.9717000000e+03 1.0641166700e-05
1.1295000000e+04 8.0669941893e-06
1.4219000000e+04 6.3675632373e-06
1.7901000000e+04 5.1412849812e-06
2.2536000000e+04 4.1854989377e-06
2.8371000000e+04 3.4175847427e-06
3.5717000000e+04 2.7979736088e-06
4.4965000000e+04 2.2920552367e-06
5.6607000000e+04 1.8729717563e-06
7.1265000000e+04 1.4951463865e-06
8.9716000000e+04 1.1563352549e-06
1.1294000000e+05 8.5527859830e-07
1.4219000000e+05 5.9942415367e-07
1.7901000000e+05 3.9367148543e-07
2.2536000000e+05 2.4080699154e-07
2.8371000000e+05 1.3867472535e-07
3.5717000000e+05 7.6871767258e-08
4.4965000000e+05 4.1981450376e-08
5.6608000000e+05 2.3020787827e-08
7.1265000000e+05 1.2963216040e-08
8.9716000000e+05 7.4980480857e-09
1.1294000000e+06 4.5315440183e-09
1.4219000000e+06 2.7957504385e-09
1.7901000000e+06 1.7412622207e-09
2.2536000000e+06 1.0888848410e-09
2.8371000000e+06 6.7447223202e-10
3.5717000000e+06 4.1115665241e-10
4.4965000000e+06 2.4591847902e-10
5.6608000000e+06 1.4434971507e-10
7.1265000000e+06 8.3441114007e-11
8.9717000000e+06 4.7752554179e-11
1.1294000000e+07 3.0999741088e-11
1.4219000000e+07 2.2521193442e-11
1.7901000000e+07 1.6297441718e-11
2.2536000000e+07 1.1754698543e-11
2.8371000000e+07 8.4549220693e-12
3.5717000000e+07 6.0677730755e-12
4.4965000000e+07 4.3467556277e-12
5.6608000000e+07 3.1093571682e-12
7.1264000000e+07 2.2217673755e-12
8.9716000000e+07 1.5861005699e-12
1.1294000000e+08 1.1316114886e-12
1.4219000000e+08 8.0681370597e-13
1.7901000000e+08 5.7503953956e-13
2.2536000000e+08 4.0974086643e-13
2.8371000000e+08 2.9189950230e-13
3.5717000000e+08 2.0791783724e-13
4.4965000000e+08 1.4808507137e-13
5.6608000000e+08 1.0546366607e-13
7.1264000000e+08 7.5110590831e-14
8.9716000000e+08 5.3492123489e-14
