# particle=p
# bin=01
# theta_mid_deg=31.788331
# spectrum_type=normalized_pdf
# energy_unit=keV_total
# pdf_unit=keV^-1
# pdf_integral=1.000000000000e+00
# Energy_keV PDF_per_keV
1.1294000000e+01 1.4092591283e-07
1.4219000000e+01 1.3241104917e-07
1.7901000000e+01 1.2452776940e-07
2.2536000000e+01 1.1727317959e-07
2.8371000000e+01 1.1065670873e-07
3.5717000000e+01 1.0470345459e-07
4.4965000000e+01 9.9458087575e-08
5.6607000000e+01 9.4988921138e-08
7.1264000000e+01 9.1393084689e-08
8.9717000000e+01 8.8804005575e-08
1.1294000000e+02 8.7398287667e-08
1.4219000000e+02 8.7401250981e-08
1.7901000000e+02 8.9095730452e-08
2.2536000000e+02 9.2822346756e-08
2.8371000000e+02 9.8978835367e-08
3.5717000000e+02 1.0800918358e-07
4.4965000000e+02 1.2038008105e-07
5.6608000000e+02 1.3654542725e-07
7.1264000000e+02 1.5689100077e-07
8.9717000000e+02 1.8168516228e-07
1.1294000000e+03 2.1095418093e-07
1.4219000000e+03 2.4441376457e-07
1.7901000000e+03 2.8148504340e-07
2.2536000000e+03 3.2128971059e-07
2.8371000000e+03 3.6262993436e-07
3.5717000000e+03 4.0382806660e-07
4.4965000000e+03 4.4349709548e-07
5.6607000000e+03 4.8132485919e-07
7.1265000000e+03 5.1505185786e-07
8.9717000000e+03 5.4288753660e-07
1.1295000000e+04 5.6354819284e-07
1.4219000000e+04 5.7607574846e-07
1.7901000000e+04 5.7912916704e-07
2.2536000000e+04 5.7215521136e-07
2.8371000000e+04 5.5677619241e-07
3.5717000000e+04 5.3139541525e-07
4.4965000000e+04 4.9773374157e-07
5.6607000000e+04 4.5791654972e-07
7.1265000000e+04 4.1338041302e-07
8.9716000000e+04 3.6515305707e-07
1.1294000000e+05 3.1456700985e-07
1.4219000000e+05 2.6399212596e-07
1.7901000000e+05 2.1800949842e-07
2.2536000000e+05 1.8142272338e-07
2.8371000000e+05 1.5368327162e-07
3.5717000000e+05 1.2791119764e-07
4.4965000000e+05 9.8131362930e-08
5.6608000000e+05 7.4395254223e-08
7.1265000000e+05 7.5799884347e-08
8.9716000000e+05 7.5251555403e-08
1.1294000000e+06 6.3657069478e-08
1.4219000000e+06 5.0104237173e-08
1.7901000000e+06 3.8135360733e-08
2.2536000000e+06 2.8445012952e-08
2.8371000000e+06 2.1000931140e-08
3.5717000000e+06 1.5509949593e-08
4.4965000000e+06 1.1627345496e-08
5.6608000000e+06 9.3047184957e-09
7.1265000000e+06 9.6359660249e-09
8.9717000000e+06 1.8655282129e-08
1.1294000000e+07 4.7418530301e-08
1.4219000000e+07 4.6759034182e-08
1.7901000000e+07 2.8283389718e-08
2.2536000000e+07 1.6240635644e-08
2.8371000000e+07 9.1927507777e-09
3.5717000000e+07 5.1423228577e-09
4.4965000000e+07 2.8486322732e-09
5.6608000000e+07 1.5655783142e-09
7.1264000000e+07 8.5488974050e-10
8.9716000000e+07 4.6440370718e-10
1.1294000000e+08 2.5120492275e-10
1.4219000000e+08 1.3545639455e-10
1.7901000000e+08 7.2835110352e-11
2.2536000000e+08 3.9082009413e-11
2.8371000000e+08 2.0935169835e-11
3.5717000000e+08 1.1198972984e-11
4.4965000000e+08 5.9846279853e-12
5.6608000000e+08 3.1950642713e-12
7.1264000000e+08 1.7046591010e-12
8.9716000000e+08 9.0898965833e-13
