# particle=p
# bin=17
# theta_mid_deg=138.590378
# spectrum_type=normalized_pdf
# energy_unit=keV_total
# pdf_unit=keV^-1
# pdf_integral=1.000000000000e+00
# Energy_keV PDF_per_keV
1.1294000000e+01 7.6867057377e-07
1.4219000000e+01 7.2222684317e-07
1.7901000000e+01 6.7922804286e-07
2.2536000000e+01 6.3965838813e-07
2.8371000000e+01 6.0356930878e-07
3.5717000000e+01 5.7109769878e-07
4.4965000000e+01 5.4248720983e-07
5.6607000000e+01 5.1811045285e-07
7.1264000000e+01 4.9849721345e-07
8.9717000000e+01 4.8437526179e-07
1.1294000000e+02 4.7670787139e-07
1.4219000000e+02 4.7672403459e-07
1.7901000000e+02 4.8596645481e-07
2.2536000000e+02 5.0629302382e-07
2.8371000000e+02 5.3987316205e-07
3.5717000000e+02 5.8912856725e-07
4.4965000000e+02 6.5660476571e-07
5.6608000000e+02 7.4477752037e-07
7.1264000000e+02 8.5575103372e-07
8.9717000000e+02 9.9098906037e-07
1.1294000000e+03 1.1499522326e-06
1.4219000000e+03 1.3314421039e-06
1.7901000000e+03 1.5338222023e-06
2.2536000000e+03 1.7539281053e-06
2.8371000000e+03 1.9883440652e-06
3.5717000000e+03 2.2360525508e-06
4.4965000000e+03 2.5006777944e-06
5.6607000000e+03 2.7675328911e-06
7.1265000000e+03 3.0243244666e-06
8.9717000000e+03 3.2717581342e-06
1.1295000000e+04 3.5017370044e-06
1.4219000000e+04 3.6982062329e-06
1.7901000000e+04 3.8615636358e-06
2.2536000000e+04 3.9868080206e-06
2.8371000000e+04 4.0433975388e-06
3.5717000000e+04 4.0329348713e-06
4.4965000000e+04 3.9283878019e-06
5.6607000000e+04 3.7106363386e-06
7.1265000000e+04 3.3787336582e-06
8.9716000000e+04 2.9527579706e-06
1.1294000000e+05 2.4708467041e-06
1.4219000000e+05 1.9809091338e-06
1.7901000000e+05 1.5267418772e-06
2.2536000000e+05 1.1449071951e-06
2.8371000000e+05 8.3060115404e-07
3.5717000000e+05 5.8427822358e-07
4.4965000000e+05 4.0034594321e-07
5.6608000000e+05 2.7373680975e-07
7.1265000000e+05 1.8685258050e-07
8.9716000000e+05 1.2223647753e-07
1.1294000000e+06 7.8213944069e-08
1.4219000000e+06 4.9918494569e-08
1.7901000000e+06 3.1465011076e-08
2.2536000000e+06 1.9484283277e-08
2.8371000000e+06 1.1687875493e-08
3.5717000000e+06 6.5491794353e-09
4.4965000000e+06 3.4271382156e-09
5.6608000000e+06 2.0967433025e-09
7.1265000000e+06 1.6138946203e-09
8.9717000000e+06 2.2870323024e-09
1.1294000000e+07 5.0067515769e-09
1.4219000000e+07 4.9371177605e-09
1.7901000000e+07 2.9863411028e-09
2.2536000000e+07 1.7147901380e-09
2.8371000000e+07 9.7062939658e-10
3.5717000000e+07 5.4295932231e-10
4.4965000000e+07 3.0077680678e-10
5.6608000000e+07 1.6530376719e-10
7.1264000000e+07 9.0264724132e-11
8.9716000000e+07 4.9034712348e-11
1.1294000000e+08 2.6523821703e-11
1.4219000000e+08 1.4302352112e-11
1.7901000000e+08 7.6903965875e-12
2.2536000000e+08 4.1265284060e-12
2.8371000000e+08 2.2104690702e-12
3.5717000000e+08 1.1824591629e-12
4.4965000000e+08 6.3189528255e-13
5.6608000000e+08 3.3735531188e-13
7.1264000000e+08 1.7998880580e-13
8.9716000000e+08 9.5976939319e-14
