# particle=p
# bin=19
# theta_mid_deg=161.805128
# spectrum_type=normalized_pdf
# energy_unit=keV_total
# pdf_unit=keV^-1
# pdf_integral=1.000000000000e+00
# Energy_keV PDF_per_keV
1.1294000000e+01 1.3676021241e-06
1.4219000000e+01 1.2849704393e-06
1.7901000000e+01 1.2084679001e-06
2.2536000000e+01 1.1380664230e-06
2.8371000000e+01 1.0738575105e-06
3.5717000000e+01 1.0160847216e-06
4.4965000000e+01 9.6518155605e-07
5.6607000000e+01 9.2181095522e-07
7.1264000000e+01 8.8691550223e-07
8.9717000000e+01 8.6179003010e-07
1.1294000000e+02 8.4814837429e-07
1.4219000000e+02 8.4817713149e-07
1.7901000000e+02 8.6462104643e-07
2.2536000000e+02 9.0078564009e-07
2.8371000000e+02 9.6053069856e-07
3.5717000000e+02 1.0481648543e-06
4.4965000000e+02 1.1682170529e-06
5.6608000000e+02 1.3250921183e-06
7.1264000000e+02 1.5225338023e-06
8.9717000000e+02 1.7631463857e-06
1.1294000000e+03 2.0451961086e-06
1.4219000000e+03 2.3647521117e-06
1.7901000000e+03 2.7181458137e-06
2.2536000000e+03 3.0985961677e-06
2.8371000000e+03 3.4988329831e-06
3.5717000000e+03 3.9159945587e-06
4.4965000000e+03 4.3557290080e-06
5.6607000000e+03 4.7908541734e-06
7.1265000000e+03 5.1989672839e-06
8.9717000000e+03 5.5822293136e-06
1.1295000000e+04 5.9338406326e-06
1.4219000000e+04 6.2305428058e-06
1.7901000000e+04 6.4441756276e-06
2.2536000000e+04 6.5590699218e-06
2.8371000000e+04 6.5298167526e-06
3.5717000000e+04 6.3132689788e-06
4.4965000000e+04 5.8918561881e-06
5.6607000000e+04 5.2711699263e-06
7.1265000000e+04 4.4817052624e-06
8.9716000000e+04 3.5858885127e-06
1.1294000000e+05 2.6775958707e-06
1.4219000000e+05 1.8606685544e-06
1.7901000000e+05 1.2121843005e-06
2.2536000000e+05 7.8179491307e-07
2.8371000000e+05 4.9581328436e-07
3.5717000000e+05 3.0755032348e-07
4.4965000000e+05 1.8228176844e-07
5.6608000000e+05 1.2153489476e-07
7.1265000000e+05 9.5771036058e-08
8.9716000000e+05 7.2135978612e-08
1.1294000000e+06 5.1197289560e-08
1.4219000000e+06 3.4840320518e-08
1.7901000000e+06 2.2917117847e-08
2.2536000000e+06 1.4744235918e-08
2.8371000000e+06 9.0828366511e-09
3.5717000000e+06 4.8579147398e-09
4.4965000000e+06 2.1061936986e-09
5.6608000000e+06 1.4502013484e-09
7.1265000000e+06 1.2954784738e-09
8.9717000000e+06 2.1922626005e-09
1.1294000000e+07 5.2633442766e-09
1.4219000000e+07 5.1901417733e-09
1.7901000000e+07 3.1393891049e-09
2.2536000000e+07 1.8026719960e-09
2.8371000000e+07 1.0203735098e-09
3.5717000000e+07 5.7078562769e-10
4.4965000000e+07 3.1619141876e-10
5.6608000000e+07 1.7377547569e-10
7.1264000000e+07 9.4890731413e-11
8.9716000000e+07 5.1547708854e-11
1.1294000000e+08 2.7883149985e-11
1.4219000000e+08 1.5035338178e-11
1.7901000000e+08 8.0845243152e-12
2.2536000000e+08 4.3380102516e-12
2.8371000000e+08 2.3237541449e-12
3.5717000000e+08 1.2430594112e-12
4.4965000000e+08 6.6427949694e-13
5.6608000000e+08 3.5464454800e-13
7.1264000000e+08 1.8921311280e-13
8.9716000000e+08 1.0089569384e-13
