# particle=p
# bin=07
# theta_mid_deg=75.522488
# spectrum_type=normalized_pdf
# energy_unit=keV_total
# pdf_unit=keV^-1
# pdf_integral=1.000000000000e+00
# Energy_keV PDF_per_keV
1.1294000000e+01 7.3827346589e-08
1.4219000000e+01 6.9366635444e-08
1.7901000000e+01 6.5236794336e-08
2.2536000000e+01 6.1436307218e-08
2.8371000000e+01 5.7970113688e-08
3.5717000000e+01 5.4851361797e-08
4.4965000000e+01 5.2103453192e-08
5.6607000000e+01 4.9762175475e-08
7.1264000000e+01 4.7878412166e-08
8.9717000000e+01 4.6522062314e-08
1.1294000000e+02 4.5785643999e-08
1.4219000000e+02 4.5787196401e-08
1.7901000000e+02 4.6674889236e-08
2.2536000000e+02 4.8627164641e-08
2.8371000000e+02 5.1852385676e-08
3.5717000000e+02 5.6583145503e-08
4.4965000000e+02 6.3063930459e-08
5.6608000000e+02 7.1532526422e-08
7.1264000000e+02 8.2191032564e-08
8.9717000000e+02 9.5180035925e-08
1.1294000000e+03 1.1064222277e-07
1.4219000000e+03 1.2854928151e-07
1.7901000000e+03 1.4859637434e-07
2.2536000000e+03 1.7042837216e-07
2.8371000000e+03 1.9352566062e-07
3.5717000000e+03 2.1689002581e-07
4.4965000000e+03 2.3833244136e-07
5.6607000000e+03 2.5906324124e-07
7.1265000000e+03 2.8065562395e-07
8.9717000000e+03 3.0168798221e-07
1.1295000000e+04 3.2173264280e-07
1.4219000000e+04 3.4214341001e-07
1.7901000000e+04 3.6197768867e-07
2.2536000000e+04 3.7698366333e-07
2.8371000000e+04 3.8853492005e-07
3.5717000000e+04 3.9369397842e-07
4.4965000000e+04 3.9151632612e-07
5.6607000000e+04 3.8185962428e-07
7.1265000000e+04 3.6458971233e-07
8.9716000000e+04 3.3982157247e-07
1.1294000000e+05 3.0860975868e-07
1.4219000000e+05 2.7316520291e-07
1.7901000000e+05 2.3641384841e-07
2.2536000000e+05 2.0074739859e-07
2.8371000000e+05 1.6815599638e-07
3.5717000000e+05 1.3933891377e-07
4.4965000000e+05 1.1500783356e-07
5.6608000000e+05 9.4339052437e-08
7.1265000000e+05 7.2564868107e-08
8.9716000000e+05 5.6639397841e-08
1.1294000000e+06 4.5386988515e-08
1.4219000000e+06 3.5970815648e-08
1.7901000000e+06 2.8319954008e-08
2.2536000000e+06 2.2224990420e-08
2.8371000000e+06 1.7410381273e-08
3.5717000000e+06 1.3641791327e-08
4.4965000000e+06 1.0787599576e-08
5.6608000000e+06 9.0313694731e-09
7.1265000000e+06 9.6915193310e-09
8.9717000000e+06 1.9248289917e-08
1.1294000000e+07 4.9359331875e-08
1.4219000000e+07 4.8672843121e-08
1.7901000000e+07 2.9441005674e-08
2.2536000000e+07 1.6905351548e-08
2.8371000000e+07 9.5690025314e-09
3.5717000000e+07 5.3527939169e-09
4.4965000000e+07 2.9652244570e-09
5.6608000000e+07 1.6296561513e-09
7.1264000000e+07 8.8987967679e-10
8.9716000000e+07 4.8341137023e-10
1.1294000000e+08 2.6148653432e-10
1.4219000000e+08 1.4100051374e-10
1.7901000000e+08 7.5816191713e-11
2.2536000000e+08 4.0681604021e-11
2.8371000000e+08 2.1792029175e-11
3.5717000000e+08 1.1657337768e-11
4.4965000000e+08 6.2295739028e-12
5.6608000000e+08 3.3258356327e-12
7.1264000000e+08 1.7744294006e-12
8.9716000000e+08 9.4619385991e-13
