# particle=p
# bin=11
# theta_mid_deg=98.626927
# spectrum_type=normalized_pdf
# energy_unit=keV_total
# pdf_unit=keV^-1
# pdf_integral=1.000000000000e+00
# Energy_keV PDF_per_keV
1.1294000000e+01 2.6228256782e-07
1.4219000000e+01 2.4643523173e-07
1.7901000000e+01 2.3176336039e-07
2.2536000000e+01 2.1826156781e-07
2.8371000000e+01 2.0594740265e-07
3.5717000000e+01 1.9486757529e-07
4.4965000000e+01 1.8510522356e-07
5.6607000000e+01 1.7678748819e-07
7.1264000000e+01 1.7009514043e-07
8.9717000000e+01 1.6527650698e-07
1.1294000000e+02 1.6266027200e-07
1.4219000000e+02 1.6266578714e-07
1.7901000000e+02 1.6581944722e-07
2.2536000000e+02 1.7275519434e-07
2.8371000000e+02 1.8421326908e-07
3.5717000000e+02 2.0101999304e-07
4.4965000000e+02 2.2404394011e-07
5.6608000000e+02 2.5412987977e-07
7.1264000000e+02 2.9199579923e-07
8.9717000000e+02 3.3814115474e-07
1.1294000000e+03 3.9265821184e-07
1.4219000000e+03 4.5557843997e-07
1.7901000000e+03 5.2645687032e-07
2.2536000000e+03 6.0450803800e-07
2.8371000000e+03 6.8890324423e-07
3.5717000000e+03 7.7968428275e-07
4.4965000000e+03 8.7861027897e-07
5.6607000000e+03 9.8157103454e-07
7.1265000000e+03 1.0854288966e-06
8.9717000000e+03 1.1922252772e-06
1.1295000000e+04 1.3035685116e-06
1.4219000000e+04 1.4165286479e-06
1.7901000000e+04 1.5288868111e-06
2.2536000000e+04 1.6488999190e-06
2.8371000000e+04 1.7698013161e-06
3.5717000000e+04 1.8862905244e-06
4.4965000000e+04 1.9913456333e-06
5.6607000000e+04 2.0705233716e-06
7.1265000000e+04 2.1063325441e-06
8.9716000000e+04 2.0828934664e-06
1.1294000000e+05 1.9900271121e-06
1.4219000000e+05 1.8264453793e-06
1.7901000000e+05 1.6019038271e-06
2.2536000000e+05 1.3342431401e-06
2.8371000000e+05 1.0603251631e-06
3.5717000000e+05 8.1265065837e-07
4.4965000000e+05 6.0885857403e-07
5.6608000000e+05 4.3928056893e-07
7.1265000000e+05 2.9960110173e-07
8.9716000000e+05 1.9269472812e-07
1.1294000000e+06 1.2099983761e-07
1.4219000000e+06 7.6223877095e-08
1.7901000000e+06 4.7565673194e-08
2.2536000000e+06 2.9080514595e-08
2.8371000000e+06 1.7273745179e-08
3.5717000000e+06 9.9685679192e-09
4.4965000000e+06 5.7006672222e-09
5.6608000000e+06 3.3146239828e-09
7.1265000000e+06 2.3574889478e-09
8.9717000000e+06 2.9527431134e-09
1.1294000000e+07 5.9577733094e-09
1.4219000000e+07 5.8749126988e-09
1.7901000000e+07 3.5535901955e-09
2.2536000000e+07 2.0405108499e-09
2.8371000000e+07 1.1549983704e-09
3.5717000000e+07 6.4609328201e-10
4.4965000000e+07 3.5790871666e-10
5.6608000000e+07 1.9670286352e-10
7.1264000000e+07 1.0741031504e-10
8.9716000000e+07 5.8348750876e-11
1.1294000000e+08 3.1561964795e-11
1.4219000000e+08 1.7019053246e-11
1.7901000000e+08 9.1511709387e-12
2.2536000000e+08 4.9103536335e-12
2.8371000000e+08 2.6303429330e-12
3.5717000000e+08 1.4070647469e-12
4.4965000000e+08 7.5192243731e-13
5.6608000000e+08 4.0143523041e-13
7.1264000000e+08 2.1417729375e-13
8.9716000000e+08 1.1420755326e-13
