# particle=p
# bin=09
# theta_mid_deg=87.134016
# spectrum_type=normalized_pdf
# energy_unit=keV_total
# pdf_unit=keV^-1
# pdf_integral=1.000000000000e+00
# Energy_keV PDF_per_keV
1.1294000000e+01 5.7564749491e-08
1.4219000000e+01 5.4086638309e-08
1.7901000000e+01 5.0866513521e-08
2.2536000000e+01 4.7903193031e-08
2.8371000000e+01 4.5200528348e-08
3.5717000000e+01 4.2768771288e-08
4.4965000000e+01 4.0626168610e-08
5.6607000000e+01 3.8800624669e-08
7.1264000000e+01 3.7331814425e-08
8.9717000000e+01 3.6274239649e-08
1.1294000000e+02 3.5700038655e-08
1.4219000000e+02 3.5701249096e-08
1.7901000000e+02 3.6393402046e-08
2.2536000000e+02 3.7915632625e-08
2.8371000000e+02 4.0430405938e-08
3.5717000000e+02 4.4119079809e-08
4.4965000000e+02 4.9172285427e-08
5.6608000000e+02 5.5775429487e-08
7.1264000000e+02 6.4086093006e-08
8.9717000000e+02 7.4213894684e-08
1.1294000000e+03 8.6320984085e-08
1.4219000000e+03 1.0042728275e-07
1.7901000000e+03 1.1628916587e-07
2.2536000000e+03 1.3367450224e-07
2.8371000000e+03 1.5229269930e-07
3.5717000000e+03 1.7186202031e-07
4.4965000000e+03 1.9148464715e-07
5.6607000000e+03 2.1027090760e-07
7.1265000000e+03 2.2973061715e-07
8.9717000000e+03 2.4951862526e-07
1.1295000000e+04 2.6965871332e-07
1.4219000000e+04 2.9182771480e-07
1.7901000000e+04 3.1447380611e-07
2.2536000000e+04 3.3459723133e-07
2.8371000000e+04 3.5277401524e-07
3.5717000000e+04 3.6582684187e-07
4.4965000000e+04 3.7228295264e-07
5.6607000000e+04 3.7126709771e-07
7.1265000000e+04 3.6201769211e-07
8.9716000000e+04 3.4418835755e-07
1.1294000000e+05 3.1859606233e-07
1.4219000000e+05 2.8734738901e-07
1.7901000000e+05 2.5295373192e-07
2.2536000000e+05 2.1715437065e-07
2.8371000000e+05 1.8258017692e-07
3.5717000000e+05 1.5197523901e-07
4.4965000000e+05 1.2813551971e-07
5.6608000000e+05 1.0844747250e-07
7.1265000000e+05 8.1384452101e-08
8.9716000000e+05 5.9156996575e-08
1.1294000000e+06 4.6422717257e-08
1.4219000000e+06 3.6911182092e-08
1.7901000000e+06 2.9370109459e-08
2.2536000000e+06 2.3292737761e-08
2.8371000000e+06 1.8343633196e-08
3.5717000000e+06 1.4345425862e-08
4.4965000000e+06 1.1250494233e-08
5.6608000000e+06 9.2941873849e-09
7.1265000000e+06 9.8070921936e-09
8.9717000000e+06 1.9118594224e-08
1.1294000000e+07 4.8583971462e-08
1.4219000000e+07 4.7908266408e-08
1.7901000000e+07 2.8978532026e-08
2.2536000000e+07 1.6639794056e-08
2.8371000000e+07 9.4186879815e-09
3.5717000000e+07 5.2687096244e-09
4.4965000000e+07 2.9186452678e-09
5.6608000000e+07 1.6040567191e-09
7.1264000000e+07 8.7590101364e-10
8.9716000000e+07 4.7581770910e-10
1.1294000000e+08 2.5737897655e-10
1.4219000000e+08 1.3878560903e-10
1.7901000000e+08 7.4625234067e-11
2.2536000000e+08 4.0042557581e-11
2.8371000000e+08 2.1449709372e-11
3.5717000000e+08 1.1474218631e-11
4.4965000000e+08 6.1317167235e-12
5.6608000000e+08 3.2735917876e-12
7.1264000000e+08 1.7465557998e-12
8.9716000000e+08 9.3133058616e-13
