# particle=p
# bin=10
# theta_mid_deg=92.865984
# spectrum_type=normalized_pdf
# energy_unit=keV_total
# pdf_unit=keV^-1
# pdf_integral=1.000000000000e+00
# Energy_keV PDF_per_keV
1.1294000000e+01 2.0746210641e-07
1.4219000000e+01 1.9492706929e-07
1.7901000000e+01 1.8332180952e-07
2.2536000000e+01 1.7264206686e-07
2.8371000000e+01 1.6290172206e-07
3.5717000000e+01 1.5413772245e-07
4.4965000000e+01 1.4641582896e-07
5.6607000000e+01 1.3983660826e-07
7.1264000000e+01 1.3454304805e-07
8.9717000000e+01 1.3073157154e-07
1.1294000000e+02 1.2866216363e-07
1.4219000000e+02 1.2866652604e-07
1.7901000000e+02 1.3116103023e-07
2.2536000000e+02 1.3664711616e-07
2.8371000000e+02 1.4571030454e-07
3.5717000000e+02 1.5900420503e-07
4.4965000000e+02 1.7721584828e-07
5.6608000000e+02 2.0101343600e-07
7.1264000000e+02 2.3096488675e-07
8.9717000000e+02 2.6746526394e-07
1.1294000000e+03 3.1057939141e-07
1.4219000000e+03 3.6034135000e-07
1.7901000000e+03 4.1641425905e-07
2.2536000000e+03 4.7818460880e-07
2.8371000000e+03 5.4500723248e-07
3.5717000000e+03 6.1693100734e-07
4.4965000000e+03 6.9538092262e-07
5.6607000000e+03 7.7720124465e-07
7.1265000000e+03 8.6012733865e-07
8.9717000000e+03 9.4610588859e-07
1.1295000000e+04 1.0372226521e-06
1.4219000000e+04 1.1330645242e-06
1.7901000000e+04 1.2314286746e-06
2.2536000000e+04 1.3377234590e-06
2.8371000000e+04 1.4496670437e-06
3.5717000000e+04 1.5602787692e-06
4.4965000000e+04 1.6658535438e-06
5.6607000000e+04 1.7574175103e-06
7.1265000000e+04 1.8201702994e-06
8.9716000000e+04 1.8366467538e-06
1.1294000000e+05 1.7924495021e-06
1.4219000000e+05 1.6811274416e-06
1.7901000000e+05 1.5070582577e-06
2.2536000000e+05 1.2831494583e-06
2.8371000000e+05 1.0440751728e-06
3.5717000000e+05 8.2160552565e-07
4.4965000000e+05 6.3420251144e-07
5.6608000000e+05 4.7073767389e-07
7.1265000000e+05 3.2797543339e-07
8.9716000000e+05 2.1434289116e-07
1.1294000000e+06 1.3618744424e-07
1.4219000000e+06 8.6523090636e-08
1.7901000000e+06 5.4305660506e-08
2.2536000000e+06 3.3313872265e-08
2.8371000000e+06 1.9831259332e-08
3.5717000000e+06 1.1501699266e-08
4.4965000000e+06 6.6326549361e-09
5.6608000000e+06 3.8427893899e-09
7.1265000000e+06 2.7156379473e-09
8.9717000000e+06 3.3615788561e-09
1.1294000000e+07 6.7231695716e-09
1.4219000000e+07 6.6296638427e-09
1.7901000000e+07 4.0101205990e-09
2.2536000000e+07 2.3026556642e-09
2.8371000000e+07 1.3033812292e-09
3.5717000000e+07 7.2909700797e-10
4.4965000000e+07 4.0388931708e-10
5.6608000000e+07 2.2197331755e-10
7.1264000000e+07 1.2120933850e-10
8.9716000000e+07 6.5844825921e-11
1.1294000000e+08 3.5616736372e-11
1.4219000000e+08 1.9205494230e-11
1.7901000000e+08 1.0326823597e-11
2.2536000000e+08 5.5411876921e-12
2.8371000000e+08 2.9682635864e-12
3.5717000000e+08 1.5878306206e-12
4.4965000000e+08 8.4852205483e-13
5.6608000000e+08 4.5300769027e-13
7.1264000000e+08 2.4169269112e-13
8.9716000000e+08 1.2887981920e-13
