# particle=p
# bin=18
# theta_mid_deg=148.211669
# spectrum_type=normalized_pdf
# energy_unit=keV_total
# pdf_unit=keV^-1
# pdf_integral=1.000000000000e+00
# Energy_keV PDF_per_keV
1.1294000000e+01 9.8917086006e-07
1.4219000000e+01 9.2940431441e-07
1.7901000000e+01 8.7407090926e-07
2.2536000000e+01 8.2315033192e-07
2.8371000000e+01 7.7670876529e-07
3.5717000000e+01 7.3492237268e-07
4.4965000000e+01 6.9810469951e-07
5.6607000000e+01 6.6673524360e-07
7.1264000000e+01 6.4149576449e-07
8.9717000000e+01 6.2332279997e-07
1.1294000000e+02 6.1345594749e-07
1.4219000000e+02 6.1347674725e-07
1.7901000000e+02 6.2537044147e-07
2.2536000000e+02 6.5152787540e-07
2.8371000000e+02 6.9474078787e-07
3.5717000000e+02 7.5812556307e-07
4.4965000000e+02 8.4495793515e-07
5.6608000000e+02 9.5842386259e-07
7.1264000000e+02 1.1012311579e-06
8.9717000000e+02 1.2752634674e-06
1.1294000000e+03 1.4795318781e-06
1.4219000000e+03 1.7119026011e-06
1.7901000000e+03 1.9700565115e-06
2.2536000000e+03 2.2495434576e-06
2.8371000000e+03 2.5455708510e-06
3.5717000000e+03 2.8564637081e-06
4.4965000000e+03 3.1865737575e-06
5.6607000000e+03 3.5165830156e-06
7.1265000000e+03 3.8304215285e-06
8.9717000000e+03 4.1290357682e-06
1.1295000000e+04 4.4038323022e-06
1.4219000000e+04 4.6360889262e-06
1.7901000000e+04 4.8177957478e-06
2.2536000000e+04 4.9385104332e-06
2.8371000000e+04 4.9623924250e-06
3.5717000000e+04 4.8777235167e-06
4.4965000000e+04 4.6588387900e-06
5.6607000000e+04 4.2944524748e-06
7.1265000000e+04 3.7948844510e-06
8.9716000000e+04 3.1959079473e-06
1.1294000000e+05 2.5562312316e-06
1.4219000000e+05 1.9443977622e-06
1.7901000000e+05 1.4166453109e-06
2.2536000000e+05 1.0145977648e-06
2.8371000000e+05 7.0871453649e-07
3.5717000000e+05 4.8235061525e-07
4.4965000000e+05 3.1921225700e-07
5.6608000000e+05 2.1656057712e-07
7.1265000000e+05 1.5225796869e-07
8.9716000000e+05 1.0297535274e-07
1.1294000000e+06 6.7697015539e-08
1.4219000000e+06 4.3983772463e-08
1.7901000000e+06 2.8068797109e-08
2.2536000000e+06 1.7582747871e-08
2.8371000000e+06 1.0634279076e-08
3.5717000000e+06 5.8715605435e-09
4.4965000000e+06 2.9095854491e-09
5.6608000000e+06 1.8403805495e-09
7.1265000000e+06 1.4834588309e-09
8.9717000000e+06 2.2352749515e-09
1.1294000000e+07 5.0667267679e-09
1.4219000000e+07 4.9962588175e-09
1.7901000000e+07 3.0221140736e-09
2.2536000000e+07 1.7353313741e-09
2.8371000000e+07 9.8225643309e-10
3.5717000000e+07 5.4946335761e-10
4.4965000000e+07 3.0437977093e-10
5.6608000000e+07 1.6728391836e-10
7.1264000000e+07 9.1345992891e-11
8.9716000000e+07 4.9622092447e-11
1.1294000000e+08 2.6841546928e-11
1.4219000000e+08 1.4473678028e-11
1.7901000000e+08 7.7825187942e-12
2.2536000000e+08 4.1759595242e-12
2.8371000000e+08 2.2369479762e-12
3.5717000000e+08 1.1966236791e-12
4.4965000000e+08 6.3946466953e-13
5.6608000000e+08 3.4139644492e-13
7.1264000000e+08 1.8214486704e-13
8.9716000000e+08 9.7126633920e-14
