1 0 1 0 0.000000000000e+00 0.59226000 -0.25758000 -2.10964000 1.00000000 0.00000000 0.00000000 0 0 0 511.000000
2 1 1 0 0.000000000000e+00 0.59226000 -0.25758000 -2.10964000 -1.00000000 -0.00000000 -0.00000000 0 0 0 511.000000
3 0 1 0 1.000000000000e-09 0.59226000 -0.25758000 -2.10964000 0.00000000 1.00000000 0.00000000 0 0 0 511.000000
4 1 1 0 1.000000000000e-09 0.59226000 -0.25758000 -2.10964000 -0.00000000 -1.00000000 -0.00000000 0 0 0 511.000000
5 0 1 0 2.000000000000e-09 0.59226000 -0.25758000 -2.10964000 0.00000000 0.00000000 1.00000000 0 0 0 511.000000
6 1 1 0 2.000000000000e-09 0.59226000 -0.25758000 -2.10964000 -0.00000000 -0.00000000 -1.00000000 0 0 0 511.000000
7 0 1 0 3.000000000000e-09 0.59226000 -0.25758000 -2.10964000 0.70710678 0.70710678 0.00000000 0 0 0 511.000000
8 1 1 0 3.000000000000e-09 0.59226000 -0.25758000 -2.10964000 -0.70710678 -0.70710678 -0.00000000 0 0 0 511.000000
9 0 1 0 4.000000000000e-09 0.59226000 -0.25758000 -2.10964000 0.70710678 0.00000000 0.70710678 0 0 0 511.000000
10 1 1 0 4.000000000000e-09 0.59226000 -0.25758000 -2.10964000 -0.70710678 -0.00000000 -0.70710678 0 0 0 511.000000
11 0 1 0 5.000000000000e-09 0.59226000 -0.25758000 -2.10964000 0.00000000 0.70710678 0.70710678 0 0 0 511.000000
12 1 1 0 5.000000000000e-09 0.59226000 -0.25758000 -2.10964000 -0.00000000 -0.70710678 -0.70710678 0 0 0 511.000000
13 0 1 0 6.000000000000e-09 0.64778000 -0.27399000 -1.95866000 1.00000000 0.00000000 0.00000000 0 0 0 511.000000
14 1 1 0 6.000000000000e-09 0.64778000 -0.27399000 -1.95866000 -1.00000000 -0.00000000 -0.00000000 0 0 0 511.000000
15 0 1 0 7.000000000000e-09 0.64778000 -0.27399000 -1.95866000 0.00000000 1.00000000 0.00000000 0 0 0 511.000000
16 1 1 0 7.000000000000e-09 0.64778000 -0.27399000 -1.95866000 -0.00000000 -1.00000000 -0.00000000 0 0 0 511.000000
17 0 1 0 8.000000000000e-09 0.64778000 -0.27399000 -1.95866000 0.00000000 0.00000000 1.00000000 0 0 0 511.000000
18 1 1 0 8.000000000000e-09 0.64778000 -0.27399000 -1.95866000 -0.00000000 -0.00000000 -1.00000000 0 0 0 511.000000
19 0 1 0 9.000000000000e-09 0.64778000 -0.27399000 -1.95866000 0.70710678 0.70710678 0.00000000 0 0 0 511.000000
20 1 1 0 9.000000000000e-09 0.64778000 -0.27399000 -1.95866000 -0.70710678 -0.70710678 -0.00000000 0 0 0 511.000000
21 0 1 0 1.000000000000e-08 0.64778000 -0.27399000 -1.95866000 0.70710678 0.00000000 0.70710678 0 0 0 511.000000
22 1 1 0 1.000000000000e-08 0.64778000 -0.27399000 -1.95866000 -0.70710678 -0.00000000 -0.70710678 0 0 0 511.000000
23 0 1 0 1.100000000000e-08 0.64778000 -0.27399000 -1.95866000 0.00000000 0.70710678 0.70710678 0 0 0 511.000000
24 1 1 0 1.100000000000e-08 0.64778000 -0.27399000 -1.95866000 -0.00000000 -0.70710678 -0.70710678 0 0 0 511.000000
25 0 1 0 1.200000000000e-08 -0.23539000 0.87593000 2.32166000 1.00000000 0.00000000 0.00000000 0 0 0 511.000000
26 1 1 0 1.200000000000e-08 -0.23539000 0.87593000 2.32166000 -1.00000000 -0.00000000 -0.00000000 0 0 0 511.000000
27 0 1 0 1.300000000000e-08 -0.23539000 0.87593000 2.32166000 0.00000000 1.00000000 0.00000000 0 0 0 511.000000
28 1 1 0 1.300000000000e-08 -0.23539000 0.87593000 2.32166000 -0.00000000 -1.00000000 -0.00000000 0 0 0 511.000000
29 0 1 0 1.400000000000e-08 -0.23539000 0.87593000 2.32166000 0.00000000 0.00000000 1.00000000 0 0 0 511.000000
30 1 1 0 1.400000000000e-08 -0.23539000 0.87593000 2.32166000 -0.00000000 -0.00000000 -1.00000000 0 0 0 511.000000
31 0 1 0 1.500000000000e-08 -0.23539000 0.87593000 2.32166000 0.70710678 0.70710678 0.00000000 0 0 0 511.000000
32 1 1 0 1.500000000000e-08 -0.23539000 0.87593000 2.32166000 -0.70710678 -0.70710678 -0.00000000 0 0 0 511.000000
33 0 1 0 1.600000000000e-08 -0.23539000 0.87593000 2.32166000 0.70710678 0.00000000 0.70710678 0 0 0 511.000000
34 1 1 0 1.600000000000e-08 -0.23539000 0.87593000 2.32166000 -0.70710678 -0.00000000 -0.70710678 0 0 0 511.000000
35 0 1 0 1.700000000000e-08 -0.23539000 0.87593000 2.32166000 0.00000000 0.70710678 0.70710678 0 0 0 511.000000
36 1 1 0 1.700000000000e-08 -0.23539000 0.87593000 2.32166000 -0.00000000 -0.70710678 -0.70710678 0 0 0 511.000000
37 0 1 0 1.800000000000e-08 -0.23969000 0.87711000 2.32687000 1.00000000 0.00000000 0.00000000 0 0 0 511.000000
38 1 1 0 1.800000000000e-08 -0.23969000 0.87711000 2.32687000 -1.00000000 -0.00000000 -0.00000000 0 0 0 511.000000
39 0 1 0 1.900000000000e-08 -0.23969000 0.87711000 2.32687000 0.00000000 1.00000000 0.00000000 0 0 0 511.000000
40 1 1 0 1.900000000000e-08 -0.23969000 0.87711000 2.32687000 -0.00000000 -1.00000000 -0.00000000 0 0 0 511.000000
41 0 1 0 2.000000000000e-08 -0.23969000 0.87711000 2.32687000 0.00000000 0.00000000 1.00000000 0 0 0 511.000000
42 1 1 0 2.000000000000e-08 -0.23969000 0.87711000 2.32687000 -0.00000000 -0.00000000 -1.00000000 0 0 0 511.000000
43 0 1 0 2.100000000000e-08 -0.23969000 0.87711000 2.32687000 0.70710678 0.70710678 0.00000000 0 0 0 511.000000
44 1 1 0 2.100000000000e-08 -0.23969000 0.87711000 2.32687000 -0.70710678 -0.70710678 -0.00000000 0 0 0 511.000000
45 0 1 0 2.200000000000e-08 -0.23969000 0.87711000 2.32687000 0.70710678 0.00000000 0.70710678 0 0 0 511.000000
46 1 1 0 2.200000000000e-08 -0.23969000 0.87711000 2.32687000 -0.70710678 -0.00000000 -0.70710678 0 0 0 511.000000
47 0 1 0 2.300000000000e-08 -0.23969000 0.87711000 2.32687000 0.00000000 0.70710678 0.70710678 0 0 0 511.000000
48 1 1 0 2.300000000000e-08 -0.23969000 0.87711000 2.32687000 -0.00000000 -0.70710678 -0.70710678 0 0 0 511.000000
