Differential albedo particle flux in upper hemisphere [1/MeV/cm^2/s] as function of energy [MeV]
Panel a)
albedo particle fluxes, Smin 2019. Calculated by Mikhail Dobynde (mikhail.dobynde@skolkovotech.ru) on Oct 11 2021 with Geant4 v4.10.06.p01 with FTFP_BERT_HP physics list for Apollo17 soil profile. Lines correspond to GCR p (energy and flux), Sec. p (energy and flux), Sec. n (energy and flux), Sec. gamma (energy and flux), Sec. e- e+ (energy and flux)
7.9433,12.589,19.953,31.623,50.119,79.433,125.89,199.53,316.23,501.19,794.33,1258.9,1995.3,3162.3,5011.9,7943.3,12589,19953,31623,50119,79433
1.1482e-05,1.9147e-05,3.211e-05,5.42e-05,9.152e-05,0.00015149,0.00023655,0.00033208,0.00040102,0.00040514,0.00033951,0.0002363,0.00013756,6.8116e-05,2.9064e-05,1.1276e-05,3.937e-06,1.2667e-06,3.8313e-07,1.1588e-07,3.5051e-08
1e-08,1.2589e-08,1.5849e-08,1.9953e-08,2.5119e-08,3.1623e-08,3.9811e-08,5.0119e-08,6.3096e-08,7.9433e-08,1e-07,1.2589e-07,1.5849e-07,1.9953e-07,2.5119e-07,3.1623e-07,3.9811e-07,5.0119e-07,6.3096e-07,7.9433e-07,1e-06,1.2589e-06,1.5849e-06,1.9953e-06,2.5119e-06,3.1623e-06,3.9811e-06,5.0119e-06,6.3096e-06,7.9433e-06,1e-05,1.2589e-05,1.5849e-05,1.9953e-05,2.5119e-05,3.1623e-05,3.9811e-05,5.0119e-05,6.3096e-05,7.9433e-05,0.0001,0.00012589,0.00015849,0.00019953,0.00025119,0.00031623,0.00039811,0.00050119,0.00063096,0.00079433,0.001,0.0012589,0.0015849,0.0019953,0.0025119,0.0031623,0.0039811,0.0050119,0.0063096,0.0079433,0.01,0.012589,0.015849,0.019953,0.025119,0.031623,0.039811,0.050119,0.063096,0.079433,0.1,0.12589,0.15849,0.19953,0.25119,0.31623,0.39811,0.50119,0.63096,0.79433,1,1.2589,1.5849,1.9953,2.5119,3.1623,3.9811,5.0119,6.3096,7.9433,10,12.589,15.849,19.953,25.119,31.623,39.811,50.119,63.096,79.433,100,125.89,158.49,199.53,251.19,316.23,398.11,501.19,630.96,794.33,1000,1258.9,1584.9,1995.3,2511.9,3162.3,3981.1,5011.9,6309.6,7943.3,10000,12589,15849,19953,25119,31623,39811,50119,63096,79433,1e+05,1.2589e+05,1.5849e+05,1.9953e+05
0,0,0,0,0,0,0,0,0,0,0,0,0,0,0,0,0,0,0,0,0,0,0,0,0,0,0,0,0,0,0,0,0,0,0,0,0,0,0,0,0,0,0,0,0,0,0,0,0,0,0,0,0,0,0,0,0,0,0,0,0,4.0131e-06,0,0,0,0,0,1.7011e-07,0,5.9621e-09,0,0,0,9.0084e-08,0.00017931,8.3587e-06,7.8716e-05,0.00010935,0.00010295,0.00012339,0.00021139,0.00026635,0.00018674,0.00029049,0.00031667,0.000457,0.0003745,0.00036988,0.00036131,0.00045264,0.00048002,0.0004596,0.00046881,0.00051977,0.00054322,0.00054858,0.00055963,0.00056342,0.0005583,0.00050238,0.00042964,0.00033451,0.00027039,0.0001821,0.00012007,8.3615e-05,4.9682e-05,2.8866e-05,1.6708e-05,8.9733e-06,4.6105e-06,2.3769e-06,1.1986e-06,4.7117e-07,2.3078e-07,9.9545e-08,3.9702e-08,1.1682e-08,3.7408e-09,2.6708e-09,1.1332e-09,3.5237e-10,2.2169e-10,2.3158e-11,0,0,0,0,0,0,0,0,0,0
1e-08,1.2589e-08,1.5849e-08,1.9953e-08,2.5119e-08,3.1623e-08,3.9811e-08,5.0119e-08,6.3096e-08,7.9433e-08,1e-07,1.2589e-07,1.5849e-07,1.9953e-07,2.5119e-07,3.1623e-07,3.9811e-07,5.0119e-07,6.3096e-07,7.9433e-07,1e-06,1.2589e-06,1.5849e-06,1.9953e-06,2.5119e-06,3.1623e-06,3.9811e-06,5.0119e-06,6.3096e-06,7.9433e-06,1e-05,1.2589e-05,1.5849e-05,1.9953e-05,2.5119e-05,3.1623e-05,3.9811e-05,5.0119e-05,6.3096e-05,7.9433e-05,0.0001,0.00010116,0.00010233,0.00010351,0.00010471,0.00010593,0.00010715,0.00010839,0.00010965,0.00011092,0.0001122,0.0001135,0.00011482,0.00011614,0.00011749,0.00011885,0.00012023,0.00012162,0.00012303,0.00012445,0.00012589,0.00012735,0.00012882,0.00013032,0.00013183,0.00013335,0.0001349,0.00013646,0.00013804,0.00013964,0.00014125,0.00014289,0.00014454,0.00014622,0.00014791,0.00014962,0.00015136,0.00015311,0.00015488,0.00015668,0.00015849,0.00016032,0.00016218,0.00016406,0.00016596,0.00016788,0.00016982,0.00017179,0.00017378,0.00017579,0.00017783,0.00017989,0.00018197,0.00018408,0.00018621,0.00018836,0.00019055,0.00019275,0.00019498,0.00019724,0.00019953,0.00020184,0.00020417,0.00020654,0.00020893,0.00021135,0.0002138,0.00021627,0.00021878,0.00022131,0.00022387,0.00022646,0.00022909,0.00023174,0.00023442,0.00023714,0.00023988,0.00024266,0.00024547,0.00024831,0.00025119,0.0002541,0.00025704,0.00026002,0.00026303,0.00026607,0.00026915,0.00027227,0.00027542,0.00027861,0.00028184,0.0002851,0.0002884,0.00029174,0.00029512,0.00029854,0.000302,0.00030549,0.00030903,0.00031261,0.00031623,0.00031989,0.00032359,0.00032734,0.00033113,0.00033497,0.00033884,0.00034277,0.00034674,0.00035075,0.00035481,0.00035892,0.00036308,0.00036728,0.00037154,0.00037584,0.00038019,0.00038459,0.00038905,0.00039355,0.00039811,0.00040272,0.00040738,0.0004121,0.00041687,0.0004217,0.00042658,0.00043152,0.00043652,0.00044157,0.00044668,0.00045186,0.00045709,0.00046238,0.00046774,0.00047315,0.00047863,0.00048417,0.00048978,0.00049545,0.00050119,0.00050699,0.00051286,0.0005188,0.00052481,0.00053088,0.00053703,0.00054325,0.00054954,0.0005559,0.00056234,0.00056885,0.00057544,0.0005821,0.00058884,0.00059566,0.00060256,0.00060954,0.0006166,0.00062373,0.00063096,0.00063826,0.00064565,0.00065313,0.00066069,0.00066834,0.00067608,0.00068391,0.00069183,0.00069984,0.00070795,0.00071614,0.00072444,0.00073282,0.00074131,0.00074989,0.00075858,0.00076736,0.00077625,0.00078524,0.00079433,0.00080353,0.00081283,0.00082224,0.00083176,0.0008414,0.00085114,0.00086099,0.00087096,0.00088105,0.00089125,0.00090157,0.00091201,0.00092257,0.00093325,0.00094406,0.00095499,0.00096605,0.00097724,0.00098855,0.001,0.0010116,0.0010233,0.0010351,0.0010471,0.0010593,0.0010715,0.0010839,0.0010965,0.0011092,0.001122,0.001135,0.0011482,0.0011614,0.0011749,0.0011885,0.0012023,0.0012162,0.0012303,0.0012445,0.0012589,0.0012735,0.0012882,0.0013032,0.0013183,0.0013335,0.001349,0.0013646,0.0013804,0.0013964,0.0014125,0.0014289,0.0014454,0.0014622,0.0014791,0.0014962,0.0015136,0.0015311,0.0015488,0.0015668,0.0015849,0.0016032,0.0016218,0.0016406,0.0016596,0.0016788,0.0016982,0.0017179,0.0017378,0.0017579,0.0017783,0.0017989,0.0018197,0.0018408,0.0018621,0.0018836,0.0019055,0.0019275,0.0019498,0.0019724,0.0019953,0.0020184,0.0020417,0.0020654,0.0020893,0.0021135,0.002138,0.0021627,0.0021878,0.0022131,0.0022387,0.0022646,0.0022909,0.0023174,0.0023442,0.0023714,0.0023988,0.0024266,0.0024547,0.0024831,0.0025119,0.002541,0.0025704,0.0026002,0.0026303,0.0026607,0.0026915,0.0027227,0.0027542,0.0027861,0.0028184,0.002851,0.002884,0.0029174,0.0029512,0.0029854,0.00302,0.0030549,0.0030903,0.0031261,0.0031623,0.0031989,0.0032359,0.0032734,0.0033113,0.0033497,0.0033884,0.0034277,0.0034674,0.0035075,0.0035481,0.0035892,0.0036308,0.0036728,0.0037154,0.0037584,0.0038019,0.0038459,0.0038905,0.0039355,0.0039811,0.0040272,0.0040738,0.004121,0.0041687,0.004217,0.0042658,0.0043152,0.0043652,0.0044157,0.0044668,0.0045186,0.0045709,0.0046238,0.0046774,0.0047315,0.0047863,0.0048417,0.0048978,0.0049545,0.0050119,0.0050699,0.0051286,0.005188,0.0052481,0.0053088,0.0053703,0.0054325,0.0054954,0.005559,0.0056234,0.0056885,0.0057544,0.005821,0.0058884,0.0059566,0.0060256,0.0060954,0.006166,0.0062373,0.0063096,0.0063826,0.0064565,0.0065313,0.0066069,0.0066834,0.0067608,0.0068391,0.0069183,0.0069984,0.0070795,0.0071614,0.0072444,0.0073282,0.0074131,0.0074989,0.0075858,0.0076736,0.0077625,0.0078524,0.0079433,0.0080353,0.0081283,0.0082224,0.0083176,0.008414,0.0085114,0.0086099,0.0087096,0.0088105,0.0089125,0.0090157,0.0091201,0.0092257,0.0093325,0.0094406,0.0095499,0.0096605,0.0097724,0.0098855,0.01,0.010116,0.010233,0.010351,0.010471,0.010593,0.010715,0.010839,0.010965,0.011092,0.01122,0.01135,0.011482,0.011614,0.011749,0.011885,0.012023,0.012162,0.012303,0.012445,0.012589,0.012735,0.012882,0.013032,0.013183,0.013335,0.01349,0.013646,0.013804,0.013964,0.014125,0.014289,0.014454,0.014622,0.014791,0.014962,0.015136,0.015311,0.015488,0.015668,0.015849,0.016032,0.016218,0.016406,0.016596,0.016788,0.016982,0.017179,0.017378,0.017579,0.017783,0.017989,0.018197,0.018408,0.018621,0.018836,0.019055,0.019275,0.019498,0.019724,0.019953,0.020184,0.020417,0.020654,0.020893,0.021135,0.02138,0.021627,0.021878,0.022131,0.022387,0.022646,0.022909,0.023174,0.023442,0.023714,0.023988,0.024266,0.024547,0.024831,0.025119,0.02541,0.025704,0.026002,0.026303,0.026607,0.026915,0.027227,0.027542,0.027861,0.028184,0.02851,0.02884,0.029174,0.029512,0.029854,0.0302,0.030549,0.030903,0.031261,0.031623,0.031989,0.032359,0.032734,0.033113,0.033497,0.033884,0.034277,0.034674,0.035075,0.035481,0.035892,0.036308,0.036728,0.037154,0.037584,0.038019,0.038459,0.038905,0.039355,0.039811,0.040272,0.040738,0.04121,0.041687,0.04217,0.042658,0.043152,0.043652,0.044157,0.044668,0.045186,0.045709,0.046238,0.046774,0.047315,0.047863,0.048417,0.048978,0.049545,0.050119,0.050699,0.051286,0.05188,0.052481,0.053088,0.053703,0.054325,0.054954,0.05559,0.056234,0.056885,0.057544,0.05821,0.058884,0.059566,0.060256,0.060954,0.06166,0.062373,0.063096,0.063826,0.064565,0.065313,0.066069,0.066834,0.067608,0.068391,0.069183,0.069984,0.070795,0.071614,0.072444,0.073282,0.074131,0.074989,0.075858,0.076736,0.077625,0.078524,0.079433,0.080353,0.081283,0.082224,0.083176,0.08414,0.085114,0.086099,0.087096,0.088105,0.089125,0.090157,0.091201,0.092257,0.093325,0.094406,0.095499,0.096605,0.097724,0.098855,0.1,0.10116,0.10233,0.10351,0.10471,0.10593,0.10715,0.10839,0.10965,0.11092,0.1122,0.1135,0.11482,0.11614,0.11749,0.11885,0.12023,0.12162,0.12303,0.12445,0.12589,0.12735,0.12882,0.13032,0.13183,0.13335,0.1349,0.13646,0.13804,0.13964,0.14125,0.14289,0.14454,0.14622,0.14791,0.14962,0.15136,0.15311,0.15488,0.15668,0.15849,0.16032,0.16218,0.16406,0.16596,0.16788,0.16982,0.17179,0.17378,0.17579,0.17783,0.17989,0.18197,0.18408,0.18621,0.18836,0.19055,0.19275,0.19498,0.19724,0.19953,0.20184,0.20417,0.20654,0.20893,0.21135,0.2138,0.21627,0.21878,0.22131,0.22387,0.22646,0.22909,0.23174,0.23442,0.23714,0.23988,0.24266,0.24547,0.24831,0.25119,0.2541,0.25704,0.26002,0.26303,0.26607,0.26915,0.27227,0.27542,0.27861,0.28184,0.2851,0.2884,0.29174,0.29512,0.29854,0.302,0.30549,0.30903,0.31261,0.31623,0.31989,0.32359,0.32734,0.33113,0.33497,0.33884,0.34277,0.34674,0.35075,0.35481,0.35892,0.36308,0.36728,0.37154,0.37584,0.38019,0.38459,0.38905,0.39355,0.39811,0.40272,0.40738,0.4121,0.41687,0.4217,0.42658,0.43152,0.43652,0.44157,0.44668,0.45186,0.45709,0.46238,0.46774,0.47315,0.47863,0.48417,0.48978,0.49545,0.50119,0.50699,0.51286,0.5188,0.52481,0.53088,0.53703,0.54325,0.54954,0.5559,0.56234,0.56885,0.57544,0.5821,0.58884,0.59566,0.60256,0.60954,0.6166,0.62373,0.63096,0.63826,0.64565,0.65313,0.66069,0.66834,0.67608,0.68391,0.69183,0.69984,0.70795,0.71614,0.72444,0.73282,0.74131,0.74989,0.75858,0.76736,0.77625,0.78524,0.79433,0.80353,0.81283,0.82224,0.83176,0.8414,0.85114,0.86099,0.87096,0.88105,0.89125,0.90157,0.91201,0.92257,0.93325,0.94406,0.95499,0.96605,0.97724,0.98855,1,1.0116,1.0233,1.0351,1.0471,1.0593,1.0715,1.0839,1.0965,1.1092,1.122,1.135,1.1482,1.1614,1.1749,1.1885,1.2023,1.2162,1.2303,1.2445,1.2589,1.2735,1.2882,1.3032,1.3183,1.3335,1.349,1.3646,1.3804,1.3964,1.4125,1.4289,1.4454,1.4622,1.4791,1.4962,1.5136,1.5311,1.5488,1.5668,1.5849,1.6032,1.6218,1.6406,1.6596,1.6788,1.6982,1.7179,1.7378,1.7579,1.7783,1.7989,1.8197,1.8408,1.8621,1.8836,1.9055,1.9275,1.9498,1.9724,1.9953,2.0184,2.0417,2.0654,2.0893,2.1135,2.138,2.1627,2.1878,2.2131,2.2387,2.2646,2.2909,2.3174,2.3442,2.3714,2.3988,2.4266,2.4547,2.4831,2.5119,2.541,2.5704,2.6002,2.6303,2.6607,2.6915,2.7227,2.7542,2.7861,2.8184,2.851,2.884,2.9174,2.9512,2.9854,3.02,3.0549,3.0903,3.1261,3.1623,3.1989,3.2359,3.2734,3.3113,3.3497,3.3884,3.4277,3.4674,3.5075,3.5481,3.5892,3.6308,3.6728,3.7154,3.7584,3.8019,3.8459,3.8905,3.9355,3.9811,4.0272,4.0738,4.121,4.1687,4.217,4.2658,4.3152,4.3652,4.4157,4.4668,4.5186,4.5709,4.6238,4.6774,4.7315,4.7863,4.8417,4.8978,4.9545,5.0119,5.0699,5.1286,5.188,5.2481,5.3088,5.3703,5.4325,5.4954,5.559,5.6234,5.6885,5.7544,5.821,5.8884,5.9566,6.0256,6.0954,6.166,6.2373,6.3096,6.3826,6.4565,6.5313,6.6069,6.6834,6.7608,6.8391,6.9183,6.9984,7.0795,7.1614,7.2444,7.3282,7.4131,7.4989,7.5858,7.6736,7.7625,7.8524,7.9433,8.0353,8.1283,8.2224,8.3176,8.414,8.5114,8.6099,8.7096,8.8105,8.9125,9.0157,9.1201,9.2257,9.3325,9.4406,9.5499,9.6605,9.7724,9.8855,10,10.116,15.849,19.953,25.119,31.623,39.811,50.119,63.096,79.433,100,125.89,158.49,199.53,251.19,316.23,398.11,501.19,630.96,794.33,1000,1258.9,1584.9,1995.3,2511.9,3162.3,3981.1,5011.9,6309.6,7943.3,10000,12589,15849,19953,25119,31623,39811,50119,63096,79433,1e+05,1.2589e+05,1.5849e+05,1.9953e+05,2.5119e+05,3.1623e+05,3.9811e+05,5.0119e+05,6.3096e+05,7.9433e+05,1e+06
3.4177e+05,3.4496e+05,3.8074e+05,3.8824e+05,5.0492e+05,5.3001e+05,5.7773e+05,5.9289e+05,6.1317e+05,5.9564e+05,5.9985e+05,5.5045e+05,5.0597e+05,4.563e+05,3.9557e+05,3.4336e+05,2.9114e+05,2.538e+05,2.1973e+05,1.7714e+05,1.4947e+05,1.2739e+05,1.0378e+05,86293,69965,58586,47475,39260,32702,26008,21289,17712,14235,11695,9384.6,7551.8,6293.2,5040.3,4101.9,3317.9,3239.6,3005.4,2856.3,3044,3021.9,3136.2,2819,2698.4,3149.8,2830.3,2719.8,2723.3,2790,2820.2,2650.3,2639.2,2529,2924.4,2558,2790.4,2541.7,2586.4,2484.9,2527,2247.5,2216.7,2486.4,2357.8,2344.6,2379.8,2072.2,2166.9,2221.7,2321.4,2017.7,2069.5,2071,2176.1,2003.3,2210.8,2086.4,2111.8,1899.8,2100.2,1940.6,2110.8,1924.3,1790.8,1891.2,1865.3,2043.1,1967.4,1938.1,1689.5,1728,1748,1539.8,1723.6,1633,1744.7,1771.6,1610.3,1509.5,1605.1,1491.2,1618.1,1516.4,1494.4,1534.8,1587,1510.8,1399.2,1444.1,1390.8,1338.1,1453.4,1424.7,1352.4,1268.7,1246,1350.4,1286.3,1157.4,1161.9,1240.6,1300.9,1195.6,1212.8,1195.5,1142.1,1067.6,1051.6,1092.7,980.07,973.39,911.4,958.64,980.25,951.54,860.74,879.18,843.54,853.81,763.07,658.22,607.12,569.64,561.18,622.85,663.49,669.66,745.91,768.33,830.65,833.77,834.48,862.15,861.07,839.62,864.7,905.1,894.06,860.11,800.76,831.84,821.01,883.91,791.6,844.85,810,805.25,815.55,822.6,745.13,726.94,771.61,725.78,725.2,701.25,696.64,734.88,722.74,683.42,693.73,717.93,656.65,668.94,653.09,648.36,632.27,707.35,621.28,648.15,628.89,628.28,579.09,615.96,583.4,609.33,596.7,619.89,528.87,564.04,592.2,534.83,556.81,562.11,558.63,598.02,556.19,530.57,564.06,515.93,517.86,500.01,532.11,537.06,510.23,473.03,498.77,486.85,473.39,483.39,432.78,488.44,452.79,462.64,480.48,449.18,418.25,463.08,464.77,411.49,379.76,415.04,440.46,419,400.18,408.59,396.84,391.39,392.92,363.03,382.3,404.07,356.07,379.48,313.91,260.22,329.74,319.24,364.83,274.55,350.15,343.67,346.25,318.75,363.25,335.22,329.06,311.07,304.91,326.68,314.59,298.73,311.11,285.44,313.44,302.92,286.56,282.99,286.05,289.35,287.9,269.79,271.82,251.12,256.22,256.92,256.46,260.3,254.32,253.91,253.07,258.93,241.62,253.98,251.74,248.05,234.32,238.1,234.56,218.62,230.34,239.7,226.81,215.7,212.63,206.43,210.25,217.37,204.17,203.94,212.45,195.64,194.45,183.26,187.72,174.4,179.43,156.9,169.73,168.61,171.57,158.22,152.51,164.99,151.42,158.76,147.09,146.58,138.44,139.85,140.4,132.15,126.06,110.92,113.58,106.66,118.1,111.53,98.817,105.81,106.48,110.14,107.77,102.16,104.77,88.537,108.52,115.01,119.13,124.63,128.72,122.76,125.79,122.81,125.24,128.64,130.74,119.22,133.5,122.06,119.04,111.28,111.17,100.05,94.389,108.12,103.13,101.97,105.12,101.59,107.35,105.99,103.56,101.79,97.71,102.78,101.16,103.84,99.905,99.603,97.262,97.446,99.784,98.185,97.145,91.452,88.628,95.749,98.107,88.918,92.758,88.172,90.36,88.345,87.119,85.055,87.582,84.283,78.228,76.886,78.567,50.43,69.947,73.441,66.314,75.447,64.494,70.45,64.753,63.298,64.666,67.995,65.663,68.049,67.909,62.868,67.173,57.653,60.813,53.879,55.593,53.148,49.451,50.861,48.892,46.554,40.758,45.782,43.766,42.132,45.104,42.765,38.952,41.055,45.075,47.667,48.396,45.938,45.712,45.654,49.527,47.23,47.055,46.525,48.223,44.67,44.707,43.934,42.972,43.085,43.893,39.839,42.427,41.67,38.896,39.053,36.644,38.605,39.826,33.885,39.28,35.164,36.663,34.678,32.473,32.598,32.742,31.795,33.252,30.631,32.801,32.048,30.788,29.721,29.762,28.246,28.804,28.805,27.238,25.574,25.573,24,24.596,22.583,21.802,22.369,21.397,22.085,21.008,20.968,19.574,20.522,19.425,17.724,17.041,17.084,18.925,16.749,17.533,18.657,18.082,16.825,15.775,15.972,16.526,15.99,16.457,16.699,15.393,16.257,17.565,19.571,19.691,20.62,27.26,29.116,15.718,16.795,17.799,15.752,18.242,20.153,18.95,18.776,19.504,18.672,19.792,21.823,21.518,22.111,23.526,22.236,21.662,17.801,14.029,8.9834,7.8759,7.9335,9.67,10.887,12.163,14.341,14.53,14.86,16.219,17.342,17.849,17.996,16.463,15.013,15.778,14.31,14.515,13.173,11.407,11.802,10.761,10.363,10.711,10.129,9.4473,8.9384,9.064,10.797,11.212,11.814,12.283,12.314,13.401,12.949,13.529,13.548,13.82,14.222,14.897,14.81,14.89,14.034,14.481,14.973,14.664,13.789,14.177,14.786,15.177,16.112,15.799,15.634,15.402,12.584,10.945,9.731,10.431,10.968,10.751,9.6902,3.7263,4.9615,7.5112,8.7341,9.1214,10.087,10.132,10.458,9.654,10.027,10.73,10.062,9.475,10.389,10.184,9.6262,9.9908,9.8423,10.135,10.823,10.934,10.327,10.047,10.754,9.3734,5.8618,7.2539,7.4652,6.8391,6.7675,6.5627,5.4319,4.8199,4.1488,3.6092,2.6817,2.4209,2.9984,3.1015,3.7482,3.8172,3.7413,4.3776,4.7289,5.2539,5.7368,6.0771,6.1312,5.9616,6.648,6.3036,6.6815,6.3633,6.4516,6.554,7.0791,6.9454,6.9666,7.2984,7.0773,7.0917,6.9205,6.9118,6.9611,7.0089,6.6751,5.6749,5.4029,6.3552,7.0798,7.4418,7.2052,6.8754,6.6037,4.698,5.0401,5.2865,6.3311,6.8523,6.9222,5.6332,3.958,4.4311,4.284,4.4408,4.9423,4.7611,4.8448,4.8361,4.9243,4.4647,4.3634,4.6194,5.0151,4.8921,4.8921,4.3967,3.2097,3.6162,3.2223,3.2731,3.3186,2.9084,2.6709,2.6972,2.4535,2.1993,2.2386,1.9946,2.1779,2.2495,2.436,2.5794,2.4722,2.1921,2.3633,2.3377,2.4087,2.3089,2.5835,2.2324,2.4127,2.504,2.5808,2.676,2.6733,2.5136,2.6632,2.6491,2.3525,2.1881,2.2015,1.9936,2.2566,2.4109,2.2302,2.2238,2.1512,2.3868,2.0861,1.9779,2.0004,1.9461,2.1487,1.8523,1.9078,1.9871,2.0725,2.13,2.0718,2.0642,1.9827,1.9044,1.8376,1.9317,1.7978,1.9252,1.8078,1.7487,1.6975,1.6531,1.637,1.4858,1.4554,1.1745,1.2319,1.3622,1.3215,1.2113,1.1613,1.2096,1.1194,1.053,1.0227,0.93549,0.84312,0.78654,0.67831,0.65392,0.64446,0.79335,0.90578,1.0292,1.1854,1.3529,1.6173,1.6069,1.7941,1.9366,2.077,2.1234,2.0695,2.0548,2.0858,2.2283,2.1152,1.8966,2.2614,2.1897,2.3996,2.2771,1.8542,1.6611,1.9109,2.1261,1.992,2.0199,2.1705,2.2818,2.0935,2.096,2.1866,1.9786,1.8791,2.0512,1.9524,1.895,1.7855,1.7445,1.8047,1.7601,1.8858,1.7753,1.6122,1.702,1.6135,1.6163,1.5446,1.6733,1.5193,1.4403,1.3951,1.3323,1.1867,1.1691,1.1152,1.0183,1.0525,0.94593,0.88109,0.79393,0.8032,0.8048,0.60737,0.63357,0.60512,0.55646,0.47381,0.43711,0.39343,0.36256,0.40331,0.40506,0.42732,0.49694,0.52908,0.61643,0.70654,0.77184,0.76577,0.83951,0.83646,0.86345,0.89201,0.96906,0.98551,1.0682,0.93819,0.93348,0.90932,1.0014,0.84292,0.80954,0.66995,0.49535,0.46707,0.59092,0.73947,0.845,0.86732,0.90647,0.8139,0.84958,0.86503,0.85522,0.77479,0.84166,0.84601,0.71993,0.75836,0.78754,0.72575,0.62131,0.61299,0.53112,0.50633,0.70096,0.69514,0.71242,0.70252,0.72166,0.75702,0.80781,0.7829,0.45126,0.4675,0.49312,0.44868,0.49337,0.54615,0.55086,0.59449,0.63433,0.68801,0.70062,0.58913,0.62419,0.71062,0.71505,0.77224,0.78015,0.77585,0.89007,0.82951,1.107,1.2803,1.1741,1.0242,0.87156,0.75306,0.66821,0.6157,0.64175,0.5845,0.55969,0.591,0.56592,0.54612,0.57596,0.53135,0.48165,0.46237,0.42752,0.42914,0.46186,0.41526,0.43354,0.403,0.38549,0.40553,0.37336,0.34815,0.30629,0.26756,0.25968,0.23109,0.23169,0.21325,0.21113,0.21548,0.20119,0.19629,0.19844,0.20138,0.20961,0.20411,0.1639,0.20425,0.23777,0.24496,0.22439,0.23217,0.23598,0.27565,0.28077,0.21444,0.19294,0.22646,0.16836,0.15826,0.17572,0.1925,0.18385,0.21314,0.18836,0.21549,0.2217,0.19766,0.15496,0.19009,0.21315,0.19439,0.16062,0.12103,0.15174,0.17648,0.17189,0.16229,0.17032,0.15901,0.13818,0.11973,0.12098,0.1155,0.12462,0.12385,0.12932,0.11524,0.12825,0.14062,0.12735,0.11867,0.10615,0.13006,0.13584,0.1179,0.098685,0.095456,0.095119,0.1033,0.098805,0.093628,0.083736,0.069689,0.073278,0.072272,0.080532,0.077965,0.074699,0.064693,0.063787,0.073351,0.082464,0.06819,0.05907,0.056112,0.059036,0.058047,0.05611,0.058178,0.057565,0.058526,0.053752,0.054613,0.058692,0.055306,0.048849,0.050482,0.053335,0.045491,0.047856,0.047355,0.027342,0.021987,0.017821,0.014536,0.012687,0.011048,0.0099053,0.0081794,0.0059919,0.0042045,0.002718,0.0015661,0.00083052,0.00044286,0.00021772,0.00010848,5.0236e-05,2.2843e-05,9.8227e-06,4.3916e-06,2.4527e-06,7.3535e-07,3.9325e-07,1.7411e-07,6.068e-08,2.5593e-08,1.0341e-08,4.7128e-09,1.8717e-09,8.8845e-10,3.3455e-11,7.4456e-11,2.8002e-11,1.1309e-11,6.666e-13,2.1669e-13,6.7704e-14,2.4961e-14,8.9732e-15,2.4495e-15,2.9643e-16,4.9902e-16,5.0811e-17,7.2738e-19,0,0,0,0,0,0
1e-08,1.2589e-08,1.5849e-08,1.9953e-08,2.5119e-08,3.1623e-08,3.9811e-08,5.0119e-08,6.3096e-08,7.9433e-08,1e-07,1.2589e-07,1.5849e-07,1.9953e-07,2.5119e-07,3.1623e-07,3.9811e-07,5.0119e-07,6.3096e-07,7.9433e-07,1e-06,1.2589e-06,1.5849e-06,1.9953e-06,2.5119e-06,3.1623e-06,3.9811e-06,5.0119e-06,6.3096e-06,7.9433e-06,1e-05,1.2589e-05,1.5849e-05,1.9953e-05,2.5119e-05,3.1623e-05,3.9811e-05,5.0119e-05,6.3096e-05,7.9433e-05,0.0001,0.00012589,0.00015849,0.00019953,0.00025119,0.00031623,0.00039811,0.00050119,0.00063096,0.00079433,0.001,0.0012589,0.0015849,0.0019953,0.0025119,0.0031623,0.0039811,0.0050119,0.0063096,0.0079433,0.01,0.012589,0.015849,0.019953,0.025119,0.031623,0.039811,0.050119,0.063096,0.079433,0.10116,0.10233,0.10351,0.10471,0.10593,0.10715,0.10839,0.10965,0.11092,0.1122,0.1135,0.11482,0.11614,0.11749,0.11885,0.12023,0.12162,0.12303,0.12445,0.12589,0.12735,0.12882,0.13032,0.13183,0.13335,0.1349,0.13646,0.13804,0.13964,0.14125,0.14289,0.14454,0.14622,0.14791,0.14962,0.15136,0.15311,0.15488,0.15668,0.15849,0.16032,0.16218,0.16406,0.16596,0.16788,0.16982,0.17179,0.17378,0.17579,0.17783,0.17989,0.18197,0.18408,0.18621,0.18836,0.19055,0.19275,0.19498,0.19724,0.19953,0.20184,0.20417,0.20654,0.20893,0.21135,0.2138,0.21627,0.21878,0.22131,0.22387,0.22646,0.22909,0.23174,0.23442,0.23714,0.23988,0.24266,0.24547,0.24831,0.25119,0.2541,0.25704,0.26002,0.26303,0.26607,0.26915,0.27227,0.27542,0.27861,0.28184,0.2851,0.2884,0.29174,0.29512,0.29854,0.302,0.30549,0.30903,0.31261,0.31623,0.31989,0.32359,0.32734,0.33113,0.33497,0.33884,0.34277,0.34674,0.35075,0.35481,0.35892,0.36308,0.36728,0.37154,0.37584,0.38019,0.38459,0.38905,0.39355,0.39811,0.40272,0.40738,0.4121,0.41687,0.4217,0.42658,0.43152,0.43652,0.44157,0.44668,0.45186,0.45709,0.46238,0.46774,0.47315,0.47863,0.48417,0.48978,0.49545,0.50119,0.50699,0.51286,0.5188,0.52481,0.53088,0.53703,0.54325,0.54954,0.5559,0.56234,0.56885,0.57544,0.5821,0.58884,0.59566,0.60256,0.60954,0.6166,0.62373,0.63096,0.63826,0.64565,0.65313,0.66069,0.66834,0.67608,0.68391,0.69183,0.69984,0.70795,0.71614,0.72444,0.73282,0.74131,0.74989,0.75858,0.76736,0.77625,0.78524,0.79433,0.80353,0.81283,0.82224,0.83176,0.8414,0.85114,0.86099,0.87096,0.88105,0.89125,0.90157,0.91201,0.92257,0.93325,0.94406,0.95499,0.96605,0.97724,0.98855,1,1.0116,1.0233,1.0351,1.0471,1.0593,1.0715,1.0839,1.0965,1.1092,1.122,1.135,1.1482,1.1614,1.1749,1.1885,1.2023,1.2162,1.2303,1.2445,1.2589,1.2735,1.2882,1.3032,1.3183,1.3335,1.349,1.3646,1.3804,1.3964,1.4125,1.4289,1.4454,1.4622,1.4791,1.4962,1.5136,1.5311,1.5488,1.5668,1.5849,1.6032,1.6218,1.6406,1.6596,1.6788,1.6982,1.7179,1.7378,1.7579,1.7783,1.7989,1.8197,1.8408,1.8621,1.8836,1.9055,1.9275,1.9498,1.9724,1.9953,2.0184,2.0417,2.0654,2.0893,2.1135,2.138,2.1627,2.1878,2.2131,2.2387,2.2646,2.2909,2.3174,2.3442,2.3714,2.3988,2.4266,2.4547,2.4831,2.5119,2.541,2.5704,2.6002,2.6303,2.6607,2.6915,2.7227,2.7542,2.7861,2.8184,2.851,2.884,2.9174,2.9512,2.9854,3.02,3.0549,3.0903,3.1261,3.1623,3.1989,3.2359,3.2734,3.3113,3.3497,3.3884,3.4277,3.4674,3.5075,3.5481,3.5892,3.6308,3.6728,3.7154,3.7584,3.8019,3.8459,3.8905,3.9355,3.9811,4.0272,4.0738,4.121,4.1687,4.217,4.2658,4.3152,4.3652,4.4157,4.4668,4.5186,4.5709,4.6238,4.6774,4.7315,4.7863,4.8417,4.8978,4.9545,5.0119,5.0699,5.1286,5.188,5.2481,5.3088,5.3703,5.4325,5.4954,5.559,5.6234,5.6885,5.7544,5.821,5.8884,5.9566,6.0256,6.0954,6.166,6.2373,6.3096,6.3826,6.4565,6.5313,6.6069,6.6834,6.7608,6.8391,6.9183,6.9984,7.0795,7.1614,7.2444,7.3282,7.4131,7.4989,7.5858,7.6736,7.7625,7.8524,7.9433,8.0353,8.1283,8.2224,8.3176,8.414,8.5114,8.6099,8.7096,8.8105,8.9125,9.0157,9.1201,9.2257,9.3325,9.4406,9.5499,9.6605,9.7724,9.8855,10,10.116,12.589,15.849,19.953,25.119,31.623,39.811,50.119,63.096,79.433,100,125.89,158.49,199.53,251.19,316.23,398.11,501.19,630.96,794.33,1000,1258.9,1584.9,1995.3,2511.9,3162.3,3981.1,5011.9,6309.6,7943.3,10000,12589,15849,19953,25119,31623,39811,50119,63096
0,0,0,0,0,0,0,0,0,0,0,0,0,0,0,0,0,0,0,0,0,0,0,0,0,0,0,0,0,0,0,0,0,0,0,0,0,0,0,0,0,0,0,0,0,0,0,0.019906,0,0,0.009578,0.0079226,0.0015645,0.0025577,0.012213,0.0022108,0.01918,0.021111,0.17687,0.035968,0.04572,0.10035,0.13328,0.17842,0.30707,0.48681,0.76862,1.7704,5.6662,106.43,110.34,110.23,112.41,113.78,108.17,113.06,115.94,113.75,113.74,117.22,114.31,115.39,114.8,117.55,116.11,117.1,137.41,112.92,113.35,114.34,112.95,112.77,132.98,108.24,110.88,108.58,109.7,104.6,107.68,104.52,104.44,103.27,103.79,105.02,101.04,100.5,99.651,96.035,98.617,101.13,96.084,95.214,97.319,92.073,92.712,90.499,90.964,90.662,93.25,90.386,88.677,89.43,86.159,85.807,83.028,82.9,82.222,79.055,79.714,78.627,78.791,76.68,74.33,76.22,74.206,74.167,71.404,72.052,68.973,70.265,68.245,66.836,66.033,65.964,65.733,64.609,64.682,63.689,62.471,61.979,61.015,59.497,58.668,59.125,56.454,56.451,56.238,54.953,53.567,53.306,53.088,52.163,52.366,51.836,51.523,50.061,49.516,49.281,47.089,47.264,46.13,45.738,44.978,44.938,44.163,43.162,43.143,42.335,41.962,42.044,40.914,40.37,39.943,39.748,38.899,38.27,38.128,37.63,36.924,35.962,35.772,35.165,36.099,34.319,34.06,33.181,33.615,33.296,33.951,32.016,31.704,31.168,30.89,30.461,30.117,30.299,29.588,29.248,29.225,28.423,28.195,325.06,19.948,20.071,19.337,19.088,19.197,18.827,18.762,18.08,17.085,17.895,18.674,17.216,17.16,16.961,16.087,16.021,16.067,16.141,15.529,15.406,15.233,15.47,14.916,14.27,15.066,14.278,13.996,13.83,13.556,14.007,13.454,13.539,13.237,13.237,13.465,12.147,12.701,12.449,11.88,12.161,12.043,12.887,15.481,25.388,11.001,11.23,10.58,11.394,10.529,11.019,10.194,10.587,10.242,9.9863,9.6548,10.678,24.883,9.3613,13.235,8.9376,20.426,8.61,8.5292,8.1099,8.2727,8.1377,7.9035,8.0862,8.1141,8.0439,8.2314,7.6713,7.1007,7.211,7.2648,8.0002,8.3214,6.8495,9.4088,7.0504,6.7002,17.737,6.3044,6.6292,14.659,6.3174,6.2803,6.4532,6.7617,6.2284,6.3226,5.9199,6.0023,5.8512,5.9419,5.8505,5.5189,5.5538,5.8555,5.5133,5.5058,5.2302,5.2085,5.3171,5.3796,4.8548,4.9164,20.568,7.5897,5.2074,4.2956,4.3941,4.3083,4.1897,4.1985,4.0762,4.2815,4.0346,4.5084,3.9559,3.888,4.2849,4.3001,3.7927,4.1016,3.8867,5.0901,4.0592,4.0179,3.6004,3.9204,3.442,3.5156,3.3648,3.3835,3.4081,3.4308,3.4933,3.2784,3.2241,3.4755,3.1219,3.1602,3.0727,3.128,4.706,3.0548,3.1867,3.1819,2.8942,2.8098,2.9684,3.2443,2.9579,2.832,5.0628,2.4781,2.5943,2.7735,2.4843,2.4856,2.4134,2.4129,2.3688,2.3271,2.4233,2.2919,2.8585,2.2653,2.1559,2.1355,2.5429,2.1949,2.0623,2.466,2.3098,1.9384,1.9736,1.9196,1.876,1.8405,1.8313,2.0917,1.7654,1.6893,1.6515,3.1015,1.6938,1.7563,1.6587,1.6009,1.4926,1.4466,1.408,1.3617,1.3902,1.849,1.3138,1.3535,1.4358,1.2027,1.3172,1.1976,1.1782,1.106,1.1085,1.107,1.0682,1.0674,0.9898,0.88813,0.88176,0.90422,1.09,3.8952,0.8564,0.80171,0.78125,0.80947,0.75045,0.66762,0.69171,0.65878,0.63728,0.85524,1.1304,0.63401,1.4723,0.64158,0.666,0.56606,0.54118,0.48461,0.47006,7.4082,0.61889,0.41199,0.43772,0.36128,0.88034,0.34308,0.40984,0.31304,0.58542,0.30706,0.30281,0.29426,0.28625,0.25774,0.26009,0.23807,0.57173,0.21828,0.22417,0.22104,0.20519,0.18541,0.20648,0.036576,0.017032,0.01156,0.0077365,0.0052044,0.0036814,0.0026126,0.0019536,0.0014486,0.0010831,0.00083215,0.0005877,0.00040624,0.00022561,0.00012285,6.8203e-05,3.54e-05,1.557e-05,6.0306e-06,2.9368e-06,9.3586e-07,4.0164e-07,1.4501e-07,4.7892e-08,9.2387e-09,4.7808e-09,1.9269e-09,9.1634e-10,0,7.5321e-11,6.8116e-12,0,0,0,0,0,0,0,0
1e-08,1.2589e-08,1.5849e-08,1.9953e-08,2.5119e-08,3.1623e-08,3.9811e-08,5.0119e-08,6.3096e-08,7.9433e-08,1e-07,1.2589e-07,1.5849e-07,1.9953e-07,2.5119e-07,3.1623e-07,3.9811e-07,5.0119e-07,6.3096e-07,7.9433e-07,1e-06,1.2589e-06,1.5849e-06,1.9953e-06,2.5119e-06,3.1623e-06,3.9811e-06,5.0119e-06,6.3096e-06,7.9433e-06,1e-05,1.2589e-05,1.5849e-05,1.9953e-05,2.5119e-05,3.1623e-05,3.9811e-05,5.0119e-05,6.3096e-05,7.9433e-05,0.0001,0.00012589,0.00015849,0.00019953,0.00025119,0.00031623,0.00039811,0.00050119,0.00063096,0.00079433,0.001,0.0012589,0.0015849,0.0019953,0.0025119,0.0031623,0.0039811,0.0050119,0.0063096,0.0079433,0.01,0.012589,0.015849,0.019953,0.025119,0.031623,0.039811,0.050119,0.063096,0.079433,0.1,0.12589,0.15849,0.19953,0.25119,0.31623,0.39811,0.50119,0.63096,0.79433,1,1.2589,1.5849,1.9953,2.5119,3.1623,3.9811,5.0119,6.3096,7.9433,10,12.589,15.849,19.953,25.119,31.623,39.811,50.119,63.096,79.433,100,125.89,158.49,199.53,251.19,316.23,398.11,501.19,630.96,794.33,1000,1258.9,1584.9,1995.3,2511.9,3162.3,3981.1,5011.9,6309.6,7943.3,10000,12589,15849,19953,25119,31623,39811,50119,63096
0,0,0,0,0,0,0,0,0,0,0,0,0,0,0,0,0,0,0,0,0,0,0,0,0,0,0,0,0,0,0,0,0,0,0,0,0,0,0,0,0,0,0,0,0,0,0,0,0,0,0.11767,0.094294,0.1496,0.041279,0.050525,0.13093,0.22157,0.11856,0.097642,0.046592,0.061847,0.036497,0.051236,0.034981,0.038463,0.041172,0.045772,0.048774,0.045797,0.056051,0.062291,0.074654,0.080475,0.091922,0.10774,0.11555,0.11777,0.093152,0.077443,0.062553,0.055347,0.045403,0.037143,0.032574,0.026508,0.0215,0.016458,0.012951,0.0093667,0.0069563,0.005574,0.0044029,0.003638,0.0028944,0.0023405,0.0018108,0.0012249,0.00086792,0.00060552,0.00039506,0.0002585,0.00016065,9.4168e-05,4.9237e-05,2.5719e-05,1.3083e-05,5.8101e-06,3.0416e-06,1.1612e-06,5.6394e-07,1.7691e-07,4.5821e-08,2.5791e-08,6.1996e-09,4.6284e-09,1.9842e-10,3.5989e-10,2.7182e-11,0,0,0,0,0,0,0,0,0,0,0

panel b)
albedo neutron flux. Lines correspond to Adams et al (2007) calculations (energy and flux), Lunar Prospector data (energy and flux), this model (energy and flux)
0.51487,0.54475,0.5805,0.61419,0.65464,0.69263,0.73282,0.78091,0.82642,0.88064,0.93843,0.99289,1.058,1.1932,1.2624,1.3452,1.4236,1.5171,1.6051,1.7104,1.8101,1.9151,2.0408,2.1747,2.3014,2.435,2.5948,2.765,3.1182,3.2991,3.5156,3.7205,4.1649,4.4381,4.7293,5.005,5.3333,5.6833,6.0131,6.4077,6.7811,7.1746,7.5928,8.147,8.6218,9.1222,9.7208
1.4558,1.6501,1.358,1.5181,1.2151,1.358,1.2494,1.1655,0.91981,0.68691,0.54213,0.31952,0.52,0.62316,0.63183,0.44617,0.63183,0.65872,0.47841,0.5813,0.49877,0.42796,0.57319,0.57319,0.78941,0.63183,0.45878,0.39921,0.28197,0.23529,0.15499,0.12408,0.17084,0.13487,0.16615,0.12235,0.15286,0.10947,0.11256,0.088838,0.079488,0.062748,0.063621,0.058533,0.048173,0.056925,0.040198
0.8931,1.594,2.3507,2.9465,3.5156,3.9921,4.5019,4.9,5.3716,5.6833,6.0996,6.4536,6.7329,7.1746,7.5388,7.8091
0.54979,0.53469,0.42209,0.29806,0.22254,0.15073,0.13116,0.12235,0.11899,0.10947,0.10212,0.096583,0.088838,0.080593,0.07518,0.068202
1e-08,1.2589e-08,1.5849e-08,1.9953e-08,2.5119e-08,3.1623e-08,3.9811e-08,5.0119e-08,6.3096e-08,7.9433e-08,1e-07,1.2589e-07,1.5849e-07,1.9953e-07,2.5119e-07,3.1623e-07,3.9811e-07,5.0119e-07,6.3096e-07,7.9433e-07,1e-06,1.2589e-06,1.5849e-06,1.9953e-06,2.5119e-06,3.1623e-06,3.9811e-06,5.0119e-06,6.3096e-06,7.9433e-06,1e-05,1.2589e-05,1.5849e-05,1.9953e-05,2.5119e-05,3.1623e-05,3.9811e-05,5.0119e-05,6.3096e-05,7.9433e-05,0.0001,0.00010116,0.00010233,0.00010351,0.00010471,0.00010593,0.00010715,0.00010839,0.00010965,0.00011092,0.0001122,0.0001135,0.00011482,0.00011614,0.00011749,0.00011885,0.00012023,0.00012162,0.00012303,0.00012445,0.00012589,0.00012735,0.00012882,0.00013032,0.00013183,0.00013335,0.0001349,0.00013646,0.00013804,0.00013964,0.00014125,0.00014289,0.00014454,0.00014622,0.00014791,0.00014962,0.00015136,0.00015311,0.00015488,0.00015668,0.00015849,0.00016032,0.00016218,0.00016406,0.00016596,0.00016788,0.00016982,0.00017179,0.00017378,0.00017579,0.00017783,0.00017989,0.00018197,0.00018408,0.00018621,0.00018836,0.00019055,0.00019275,0.00019498,0.00019724,0.00019953,0.00020184,0.00020417,0.00020654,0.00020893,0.00021135,0.0002138,0.00021627,0.00021878,0.00022131,0.00022387,0.00022646,0.00022909,0.00023174,0.00023442,0.00023714,0.00023988,0.00024266,0.00024547,0.00024831,0.00025119,0.0002541,0.00025704,0.00026002,0.00026303,0.00026607,0.00026915,0.00027227,0.00027542,0.00027861,0.00028184,0.0002851,0.0002884,0.00029174,0.00029512,0.00029854,0.000302,0.00030549,0.00030903,0.00031261,0.00031623,0.00031989,0.00032359,0.00032734,0.00033113,0.00033497,0.00033884,0.00034277,0.00034674,0.00035075,0.00035481,0.00035892,0.00036308,0.00036728,0.00037154,0.00037584,0.00038019,0.00038459,0.00038905,0.00039355,0.00039811,0.00040272,0.00040738,0.0004121,0.00041687,0.0004217,0.00042658,0.00043152,0.00043652,0.00044157,0.00044668,0.00045186,0.00045709,0.00046238,0.00046774,0.00047315,0.00047863,0.00048417,0.00048978,0.00049545,0.00050119,0.00050699,0.00051286,0.0005188,0.00052481,0.00053088,0.00053703,0.00054325,0.00054954,0.0005559,0.00056234,0.00056885,0.00057544,0.0005821,0.00058884,0.00059566,0.00060256,0.00060954,0.0006166,0.00062373,0.00063096,0.00063826,0.00064565,0.00065313,0.00066069,0.00066834,0.00067608,0.00068391,0.00069183,0.00069984,0.00070795,0.00071614,0.00072444,0.00073282,0.00074131,0.00074989,0.00075858,0.00076736,0.00077625,0.00078524,0.00079433,0.00080353,0.00081283,0.00082224,0.00083176,0.0008414,0.00085114,0.00086099,0.00087096,0.00088105,0.00089125,0.00090157,0.00091201,0.00092257,0.00093325,0.00094406,0.00095499,0.00096605,0.00097724,0.00098855,0.001,0.0010116,0.0010233,0.0010351,0.0010471,0.0010593,0.0010715,0.0010839,0.0010965,0.0011092,0.001122,0.001135,0.0011482,0.0011614,0.0011749,0.0011885,0.0012023,0.0012162,0.0012303,0.0012445,0.0012589,0.0012735,0.0012882,0.0013032,0.0013183,0.0013335,0.001349,0.0013646,0.0013804,0.0013964,0.0014125,0.0014289,0.0014454,0.0014622,0.0014791,0.0014962,0.0015136,0.0015311,0.0015488,0.0015668,0.0015849,0.0016032,0.0016218,0.0016406,0.0016596,0.0016788,0.0016982,0.0017179,0.0017378,0.0017579,0.0017783,0.0017989,0.0018197,0.0018408,0.0018621,0.0018836,0.0019055,0.0019275,0.0019498,0.0019724,0.0019953,0.0020184,0.0020417,0.0020654,0.0020893,0.0021135,0.002138,0.0021627,0.0021878,0.0022131,0.0022387,0.0022646,0.0022909,0.0023174,0.0023442,0.0023714,0.0023988,0.0024266,0.0024547,0.0024831,0.0025119,0.002541,0.0025704,0.0026002,0.0026303,0.0026607,0.0026915,0.0027227,0.0027542,0.0027861,0.0028184,0.002851,0.002884,0.0029174,0.0029512,0.0029854,0.00302,0.0030549,0.0030903,0.0031261,0.0031623,0.0031989,0.0032359,0.0032734,0.0033113,0.0033497,0.0033884,0.0034277,0.0034674,0.0035075,0.0035481,0.0035892,0.0036308,0.0036728,0.0037154,0.0037584,0.0038019,0.0038459,0.0038905,0.0039355,0.0039811,0.0040272,0.0040738,0.004121,0.0041687,0.004217,0.0042658,0.0043152,0.0043652,0.0044157,0.0044668,0.0045186,0.0045709,0.0046238,0.0046774,0.0047315,0.0047863,0.0048417,0.0048978,0.0049545,0.0050119,0.0050699,0.0051286,0.005188,0.0052481,0.0053088,0.0053703,0.0054325,0.0054954,0.005559,0.0056234,0.0056885,0.0057544,0.005821,0.0058884,0.0059566,0.0060256,0.0060954,0.006166,0.0062373,0.0063096,0.0063826,0.0064565,0.0065313,0.0066069,0.0066834,0.0067608,0.0068391,0.0069183,0.0069984,0.0070795,0.0071614,0.0072444,0.0073282,0.0074131,0.0074989,0.0075858,0.0076736,0.0077625,0.0078524,0.0079433,0.0080353,0.0081283,0.0082224,0.0083176,0.008414,0.0085114,0.0086099,0.0087096,0.0088105,0.0089125,0.0090157,0.0091201,0.0092257,0.0093325,0.0094406,0.0095499,0.0096605,0.0097724,0.0098855,0.01,0.010116,0.010233,0.010351,0.010471,0.010593,0.010715,0.010839,0.010965,0.011092,0.01122,0.01135,0.011482,0.011614,0.011749,0.011885,0.012023,0.012162,0.012303,0.012445,0.012589,0.012735,0.012882,0.013032,0.013183,0.013335,0.01349,0.013646,0.013804,0.013964,0.014125,0.014289,0.014454,0.014622,0.014791,0.014962,0.015136,0.015311,0.015488,0.015668,0.015849,0.016032,0.016218,0.016406,0.016596,0.016788,0.016982,0.017179,0.017378,0.017579,0.017783,0.017989,0.018197,0.018408,0.018621,0.018836,0.019055,0.019275,0.019498,0.019724,0.019953,0.020184,0.020417,0.020654,0.020893,0.021135,0.02138,0.021627,0.021878,0.022131,0.022387,0.022646,0.022909,0.023174,0.023442,0.023714,0.023988,0.024266,0.024547,0.024831,0.025119,0.02541,0.025704,0.026002,0.026303,0.026607,0.026915,0.027227,0.027542,0.027861,0.028184,0.02851,0.02884,0.029174,0.029512,0.029854,0.0302,0.030549,0.030903,0.031261,0.031623,0.031989,0.032359,0.032734,0.033113,0.033497,0.033884,0.034277,0.034674,0.035075,0.035481,0.035892,0.036308,0.036728,0.037154,0.037584,0.038019,0.038459,0.038905,0.039355,0.039811,0.040272,0.040738,0.04121,0.041687,0.04217,0.042658,0.043152,0.043652,0.044157,0.044668,0.045186,0.045709,0.046238,0.046774,0.047315,0.047863,0.048417,0.048978,0.049545,0.050119,0.050699,0.051286,0.05188,0.052481,0.053088,0.053703,0.054325,0.054954,0.05559,0.056234,0.056885,0.057544,0.05821,0.058884,0.059566,0.060256,0.060954,0.06166,0.062373,0.063096,0.063826,0.064565,0.065313,0.066069,0.066834,0.067608,0.068391,0.069183,0.069984,0.070795,0.071614,0.072444,0.073282,0.074131,0.074989,0.075858,0.076736,0.077625,0.078524,0.079433,0.080353,0.081283,0.082224,0.083176,0.08414,0.085114,0.086099,0.087096,0.088105,0.089125,0.090157,0.091201,0.092257,0.093325,0.094406,0.095499,0.096605,0.097724,0.098855,0.1,0.10116,0.10233,0.10351,0.10471,0.10593,0.10715,0.10839,0.10965,0.11092,0.1122,0.1135,0.11482,0.11614,0.11749,0.11885,0.12023,0.12162,0.12303,0.12445,0.12589,0.12735,0.12882,0.13032,0.13183,0.13335,0.1349,0.13646,0.13804,0.13964,0.14125,0.14289,0.14454,0.14622,0.14791,0.14962,0.15136,0.15311,0.15488,0.15668,0.15849,0.16032,0.16218,0.16406,0.16596,0.16788,0.16982,0.17179,0.17378,0.17579,0.17783,0.17989,0.18197,0.18408,0.18621,0.18836,0.19055,0.19275,0.19498,0.19724,0.19953,0.20184,0.20417,0.20654,0.20893,0.21135,0.2138,0.21627,0.21878,0.22131,0.22387,0.22646,0.22909,0.23174,0.23442,0.23714,0.23988,0.24266,0.24547,0.24831,0.25119,0.2541,0.25704,0.26002,0.26303,0.26607,0.26915,0.27227,0.27542,0.27861,0.28184,0.2851,0.2884,0.29174,0.29512,0.29854,0.302,0.30549,0.30903,0.31261,0.31623,0.31989,0.32359,0.32734,0.33113,0.33497,0.33884,0.34277,0.34674,0.35075,0.35481,0.35892,0.36308,0.36728,0.37154,0.37584,0.38019,0.38459,0.38905,0.39355,0.39811,0.40272,0.40738,0.4121,0.41687,0.4217,0.42658,0.43152,0.43652,0.44157,0.44668,0.45186,0.45709,0.46238,0.46774,0.47315,0.47863,0.48417,0.48978,0.49545,0.50119,0.50699,0.51286,0.5188,0.52481,0.53088,0.53703,0.54325,0.54954,0.5559,0.56234,0.56885,0.57544,0.5821,0.58884,0.59566,0.60256,0.60954,0.6166,0.62373,0.63096,0.63826,0.64565,0.65313,0.66069,0.66834,0.67608,0.68391,0.69183,0.69984,0.70795,0.71614,0.72444,0.73282,0.74131,0.74989,0.75858,0.76736,0.77625,0.78524,0.79433,0.80353,0.81283,0.82224,0.83176,0.8414,0.85114,0.86099,0.87096,0.88105,0.89125,0.90157,0.91201,0.92257,0.93325,0.94406,0.95499,0.96605,0.97724,0.98855,1,1.0116,1.0233,1.0351,1.0471,1.0593,1.0715,1.0839,1.0965,1.1092,1.122,1.135,1.1482,1.1614,1.1749,1.1885,1.2023,1.2162,1.2303,1.2445,1.2589,1.2735,1.2882,1.3032,1.3183,1.3335,1.349,1.3646,1.3804,1.3964,1.4125,1.4289,1.4454,1.4622,1.4791,1.4962,1.5136,1.5311,1.5488,1.5668,1.5849,1.6032,1.6218,1.6406,1.6596,1.6788,1.6982,1.7179,1.7378,1.7579,1.7783,1.7989,1.8197,1.8408,1.8621,1.8836,1.9055,1.9275,1.9498,1.9724,1.9953,2.0184,2.0417,2.0654,2.0893,2.1135,2.138,2.1627,2.1878,2.2131,2.2387,2.2646,2.2909,2.3174,2.3442,2.3714,2.3988,2.4266,2.4547,2.4831,2.5119,2.541,2.5704,2.6002,2.6303,2.6607,2.6915,2.7227,2.7542,2.7861,2.8184,2.851,2.884,2.9174,2.9512,2.9854,3.02,3.0549,3.0903,3.1261,3.1623,3.1989,3.2359,3.2734,3.3113,3.3497,3.3884,3.4277,3.4674,3.5075,3.5481,3.5892,3.6308,3.6728,3.7154,3.7584,3.8019,3.8459,3.8905,3.9355,3.9811,4.0272,4.0738,4.121,4.1687,4.217,4.2658,4.3152,4.3652,4.4157,4.4668,4.5186,4.5709,4.6238,4.6774,4.7315,4.7863,4.8417,4.8978,4.9545,5.0119,5.0699,5.1286,5.188,5.2481,5.3088,5.3703,5.4325,5.4954,5.559,5.6234,5.6885,5.7544,5.821,5.8884,5.9566,6.0256,6.0954,6.166,6.2373,6.3096,6.3826,6.4565,6.5313,6.6069,6.6834,6.7608,6.8391,6.9183,6.9984,7.0795,7.1614,7.2444,7.3282,7.4131,7.4989,7.5858,7.6736,7.7625,7.8524,7.9433,8.0353,8.1283,8.2224,8.3176,8.414,8.5114,8.6099,8.7096,8.8105,8.9125,9.0157,9.1201,9.2257,9.3325,9.4406,9.5499,9.6605,9.7724,9.8855,10,10.116,15.849,19.953,25.119,31.623,39.811,50.119,63.096,79.433,100,125.89,158.49,199.53,251.19,316.23,398.11,501.19,630.96,794.33,1000,1258.9,1584.9,1995.3,2511.9,3162.3,3981.1,5011.9,6309.6,7943.3,10000,12589,15849,19953,25119,31623,39811,50119,63096,79433,1e+05,1.2589e+05,1.5849e+05,1.9953e+05,2.5119e+05,3.1623e+05,3.9811e+05,5.0119e+05,6.3096e+05,7.9433e+05,1e+06
2.7379e+05,2.7647e+05,2.9739e+05,3.0962e+05,4.0031e+05,4.2137e+05,4.569e+05,4.6988e+05,4.8488e+05,4.7241e+05,4.7398e+05,4.3499e+05,3.998e+05,3.6024e+05,3.1106e+05,2.7206e+05,2.3014e+05,2.0093e+05,1.7352e+05,1.3995e+05,1.1794e+05,1.0075e+05,81972,68104,55140,46154,37435,30955,25737,20475,16786,13962,11195,9185.9,7374.9,5937.1,4947.5,3962.2,3214.5,2595.7,2500.4,2320.2,2227.3,2364.3,2318.8,2428.7,2182.3,2111.8,2419.6,2230.1,2090.8,2090.7,2152.5,2190.4,2054.1,2069.7,1976.1,2258.3,1992.6,2167.9,1974.2,2003.8,1904.1,1952.9,1737.3,1701.3,1908.9,1832.3,1816.3,1848.3,1601.4,1673,1727.5,1766.7,1566.1,1598.7,1607.8,1656,1561.7,1702.9,1589.9,1633,1474.6,1629.6,1503.1,1633.3,1496.7,1389.6,1469.2,1443.5,1565.5,1518.8,1509.2,1313.8,1333.5,1355,1179.2,1334,1265.8,1348.7,1353.9,1238.5,1167.8,1232.4,1157.2,1250,1177.5,1152,1192,1234.8,1168.1,1078.4,1119.3,1076.2,1037.9,1131.6,1106.9,1038.5,980.55,960.63,1039.3,995.98,886.56,894.04,956.44,1014.4,924.35,923.2,928.92,883.9,830.65,814.34,851.2,769.08,752.37,710.62,738.65,755.04,740.29,659.77,677.95,646.04,665.07,592.57,506.22,468.1,439.76,434.22,480.68,511.15,515,577.33,588.26,641.73,643.38,643.51,667.03,669.16,651.85,674.31,691.89,685.91,664.68,616.13,638.32,630.58,676.21,612.02,654.96,619.14,621.81,626.15,633.1,579.4,555.02,595.37,558.82,560.59,537.55,540.22,564.96,556.71,524.36,532.19,550.54,510.38,517.26,501.68,496.08,487.8,548.15,477.48,502.36,481.14,484.41,447.44,472.02,454.36,473.92,459.34,474.97,406.7,435.65,458.89,410.88,428.92,433.41,429,464.48,427.89,407.27,431.95,399.03,402.23,380.79,409.32,411.33,391.55,360.14,382.25,374.81,363.65,371.02,334.9,374.25,346.59,357.2,368.52,345.86,318.39,357.98,358.02,319.48,290.47,320.12,337.71,322.59,307.48,310.51,305.44,300.19,302.41,278.74,292.49,310.76,274.89,289.84,242.51,201.75,252.53,248.33,280.54,212.72,267.92,261.01,266.32,247.77,279.55,256.01,252.44,239.62,236.1,250.65,242.75,227.13,240.32,219.54,241.13,231.2,221.56,215.24,219.33,223.02,219.84,206.83,211.05,192.99,195.57,198.14,197.96,198.99,195.08,195.02,194.87,199.4,186.06,195.47,192.61,191.66,178.3,181.91,179.88,170.17,177.79,183.96,173.56,165.23,163.6,157.1,162.63,163.86,157.39,156.45,162.57,150.9,149.17,139.7,144.64,133.83,138.5,120.1,131.2,130.25,130.82,121.48,117.5,125.29,116.26,121.71,111.53,112.16,107.12,107.58,107.47,101.31,96.148,85.721,88.061,82.003,90.325,85.679,76.376,81.569,82.213,83.799,81.993,78.575,79.589,68.614,83.207,87.697,91.442,96.283,98.831,93.716,96.516,94.946,96.857,98.65,100.05,91.228,101.37,94.017,90.876,85.567,85.419,76.368,72.914,82.632,79.298,78.275,79.833,77.233,83.034,81.293,79.916,78.062,74.469,78.413,77.456,79.348,76.059,76.079,74.682,74.89,75.852,75.815,74.41,70.274,68.369,73.461,75.564,68.149,71.209,66.981,69.313,67.935,67.142,65.887,66.954,63.862,60.019,58.854,60.201,38.775,54.143,56.148,51.398,57.944,48.965,53.534,49.197,48.477,49.504,51.935,50.17,51.747,51.499,48.191,51.339,44.262,46.416,41.703,42.589,40.636,37.952,38.97,37.206,35.073,31.467,34.868,33.421,32.129,34.39,32.719,29.548,31.703,34.461,36.125,36.442,34.853,34.55,34.794,37.928,36.148,35.945,35.779,36.773,34.206,33.955,33.434,32.935,32.793,33.789,30.208,32.299,31.503,29.506,30.133,28.133,29.597,30.371,25.926,30.06,26.451,28.169,26.614,24.691,24.588,25.045,24.047,25.311,23.056,25.13,24.236,23.435,22.606,22.56,21.418,21.91,21.908,20.603,19.445,19.43,18.321,18.594,17.191,16.521,17.039,16.336,16.949,15.945,15.927,14.831,15.746,14.839,13.502,13.066,12.845,14.351,12.667,13.393,14.226,13.683,12.746,11.899,12.123,12.699,12.079,12.205,12.587,11.731,12.276,13.51,15.034,15.025,15.855,20.742,22.205,11.932,12.882,13.47,12.057,13.921,15.189,14.391,14.198,14.881,14.143,15.178,16.439,16.422,16.911,17.813,16.81,16.416,13.484,10.496,6.7352,5.9845,6.039,7.3495,8.27,9.429,10.929,11.026,11.34,12.291,13.119,13.653,13.562,12.466,11.396,11.997,10.838,11.054,9.901,8.6404,8.9803,8.1831,7.9558,8.0407,7.7151,7.1146,6.8281,6.8638,8.1153,8.469,9.0196,9.3331,9.3523,10.031,9.797,10.309,10.291,10.527,10.775,11.393,11.255,11.306,10.553,10.895,11.39,11.069,10.464,10.725,11.148,11.521,12.235,11.927,11.914,11.706,9.6245,8.3238,7.3892,7.9258,8.2895,8.0564,7.3401,2.7756,3.7445,5.6314,6.5806,6.8467,7.5146,7.6012,7.9901,7.294,7.5895,8.1502,7.6165,7.1494,7.8337,7.6938,7.2756,7.5333,7.4469,7.6109,8.2226,8.2827,7.7349,7.5794,8.0992,7.1137,4.4649,5.516,5.6075,5.1247,5.0898,4.8886,4.0819,3.6652,3.1033,2.7155,2.02,1.8255,2.2495,2.3516,2.833,2.8705,2.8205,3.3048,3.542,3.9367,4.349,4.5941,4.6158,4.4265,5.0317,4.7342,5.0436,4.7876,4.8842,4.974,5.3458,5.2366,5.2166,5.5092,5.3358,5.3507,5.215,5.2068,5.2322,5.2624,5.0398,4.2703,4.0578,4.7668,5.3347,5.5937,5.4284,5.1848,4.9569,3.5364,3.7964,3.9441,4.7515,5.1421,5.2077,4.2533,2.9669,3.3208,3.2293,3.3348,3.6879,3.5557,3.6157,3.6123,3.7068,3.357,3.2777,3.5156,3.7531,3.6484,3.6669,3.2731,2.3889,2.7081,2.4139,2.4607,2.4628,2.1737,2.0047,1.9919,1.8417,1.6382,1.657,1.4928,1.616,1.672,1.8121,1.9065,1.8473,1.6393,1.7698,1.7389,1.7972,1.7385,1.9287,1.6758,1.8108,1.8689,1.9349,1.9991,1.9955,1.8752,1.9841,1.9716,1.7399,1.638,1.643,1.4923,1.6834,1.7804,1.65,1.6437,1.593,1.784,1.5545,1.4932,1.4904,1.4559,1.5973,1.3817,1.4022,1.4727,1.5339,1.5914,1.5461,1.5332,1.4853,1.4246,1.3663,1.432,1.3524,1.4243,1.3513,1.3078,1.2729,1.2248,1.2117,1.1007,1.073,0.88021,0.91024,1.0038,0.9922,0.90564,0.87356,0.9021,0.8329,0.78449,0.76331,0.69671,0.62786,0.58261,0.50457,0.48668,0.47654,0.5887,0.67139,0.76376,0.88665,1.0154,1.2009,1.1929,1.3291,1.4368,1.5433,1.5856,1.5468,1.5274,1.5541,1.6626,1.5779,1.4096,1.6942,1.6385,1.7918,1.7111,1.3867,1.2324,1.4243,1.5875,1.4802,1.4998,1.6225,1.7038,1.5545,1.5676,1.6208,1.4693,1.3994,1.5198,1.4461,1.4111,1.3248,1.3086,1.3429,1.3155,1.412,1.312,1.1919,1.2593,1.1967,1.1952,1.1439,1.2403,1.1299,1.0646,1.0308,0.98618,0.87617,0.86791,0.82876,0.7475,0.78007,0.69806,0.65106,0.58979,0.59417,0.59243,0.44627,0.46646,0.44838,0.41474,0.34771,0.3191,0.28922,0.26902,0.29672,0.29695,0.31681,0.36633,0.39077,0.45712,0.52693,0.57347,0.56796,0.62187,0.61668,0.63853,0.66388,0.71948,0.72594,0.79175,0.69622,0.6937,0.67608,0.74289,0.62607,0.60094,0.49745,0.36719,0.34337,0.43693,0.54719,0.62806,0.64425,0.67486,0.60453,0.6316,0.64097,0.63466,0.57444,0.62942,0.62735,0.53173,0.56191,0.58519,0.53728,0.45957,0.45487,0.39146,0.37408,0.52168,0.51629,0.53043,0.52025,0.53507,0.56142,0.60469,0.57963,0.33417,0.34699,0.36499,0.33043,0.36421,0.4055,0.40982,0.44241,0.47133,0.51215,0.52191,0.43852,0.46264,0.52917,0.53144,0.5767,0.5794,0.58132,0.66237,0.61931,0.82747,0.96261,0.88061,0.76917,0.65074,0.56284,0.49753,0.45697,0.47643,0.43555,0.41433,0.43565,0.4199,0.40522,0.42546,0.39425,0.35659,0.3404,0.31495,0.31834,0.34169,0.30879,0.32187,0.29764,0.28571,0.2992,0.27438,0.25745,0.223,0.19552,0.19011,0.16963,0.1694,0.15557,0.15312,0.15811,0.1482,0.1442,0.14537,0.14803,0.15387,0.15044,0.11905,0.14981,0.17412,0.18033,0.16642,0.17242,0.1734,0.20392,0.20796,0.15691,0.14286,0.16667,0.12302,0.11577,0.12878,0.14175,0.13613,0.15804,0.13885,0.15968,0.1644,0.14602,0.11447,0.13946,0.1569,0.14453,0.11804,0.089161,0.11125,0.13039,0.12809,0.1194,0.12624,0.11784,0.10158,0.087838,0.089628,0.085418,0.092251,0.090746,0.095301,0.08522,0.095064,0.1041,0.09443,0.088037,0.077935,0.096588,0.10126,0.08761,0.072623,0.070472,0.070803,0.076815,0.073396,0.06901,0.06119,0.05181,0.05417,0.053178,0.059618,0.058227,0.055573,0.047365,0.047035,0.054086,0.060738,0.050463,0.043355,0.041521,0.043143,0.042604,0.04128,0.043209,0.042681,0.042917,0.039651,0.040144,0.043446,0.04096,0.036318,0.037297,0.03933,0.033831,0.035467,0.03509,0.020644,0.016735,0.013639,0.011219,0.0098324,0.0086201,0.0077413,0.0064113,0.0046855,0.0032904,0.0021338,0.0012263,0.00064872,0.00034548,0.00016992,8.5477e-05,3.9547e-05,1.8225e-05,7.8964e-06,3.485e-06,2.0083e-06,6.1806e-07,3.3202e-07,1.4751e-07,5.328e-08,2.2715e-08,9.3209e-09,4.3333e-09,1.7303e-09,8.3285e-10,3.1774e-11,7.1982e-11,2.6699e-11,1.1183e-11,6.4819e-13,2.1074e-13,6.6439e-14,2.4656e-14,8.8589e-15,2.4274e-15,2.965e-16,4.9766e-16,5.0931e-17,7.2254e-19,0,0,0,0,0,0

panel c)
albedo neutron flux due to GCR p. Lines correspond to Hayatsu et al 2008 (energy and flux), this model (energy and flux)
0.0010382,0.0011194,0.0013014,0.0018264,0.0022044,0.0024683,0.0027631,0.0030939,0.0035967,0.0045082,0.0052396,0.0056494,0.0070811,0.0092172,0.011995,0.016211,0.021101,0.022746,0.029607,0.034419,0.03853,0.044792,0.052071,0.054075,0.058304,0.065268,0.07308,0.078795,0.084957,0.10646,0.12853,0.14388,0.1611,0.22605,0.30549,0.35514,0.49831,0.60159,0.72611,0.84411,0.94515,1.058,1.1408,1.2773,1.7262,1.8612,2.0835,2.5148,3.036,3.9509,5.3395,6.2073,9.0448,11.771,15.321,51.098,86.557,146.62,198.15,278.04,375.75,453.63,613.06,686.28,797.81,860.2,963.16
124.48,99.38,99.38,70.876,53.493,47.786,32.226,42.697,40.365,32.226,28.787,21.727,21.727,17.342,13.845,10.447,9.3347,7.8832,6.2936,2.0408,3.7914,4.2433,4.0114,2.1587,3.2018,3.3877,2.7046,1.6293,1.2294,2.1587,1.9289,1.0985,1.0985,0.7,0.5282,0.39857,0.55886,0.5282,0.47195,0.25404,0.10914,0.19169,0.25404,0.16188,0.21454,0.14464,0.20281,0.17128,0.11548,0.077857,0.04433,0.035392,0.016088,0.010847,0.0081846,0.002509,0.0015111,0.00051844,0.00027906,0.00012685,6.0996e-05,4.1124e-05,1.4925e-05,8.9908e-06,1.0062e-05,6.0618e-06,3.2629e-06
1e-08,1.2589e-08,1.5849e-08,1.9953e-08,2.5119e-08,3.1623e-08,3.9811e-08,5.0119e-08,6.3096e-08,7.9433e-08,1e-07,1.2589e-07,1.5849e-07,1.9953e-07,2.5119e-07,3.1623e-07,3.9811e-07,5.0119e-07,6.3096e-07,7.9433e-07,1e-06,1.2589e-06,1.5849e-06,1.9953e-06,2.5119e-06,3.1623e-06,3.9811e-06,5.0119e-06,6.3096e-06,7.9433e-06,1e-05,1.2589e-05,1.5849e-05,1.9953e-05,2.5119e-05,3.1623e-05,3.9811e-05,5.0119e-05,6.3096e-05,7.9433e-05,0.0001,0.00010116,0.00010233,0.00010351,0.00010471,0.00010593,0.00010715,0.00010839,0.00010965,0.00011092,0.0001122,0.0001135,0.00011482,0.00011614,0.00011749,0.00011885,0.00012023,0.00012162,0.00012303,0.00012445,0.00012589,0.00012735,0.00012882,0.00013032,0.00013183,0.00013335,0.0001349,0.00013646,0.00013804,0.00013964,0.00014125,0.00014289,0.00014454,0.00014622,0.00014791,0.00014962,0.00015136,0.00015311,0.00015488,0.00015668,0.00015849,0.00016032,0.00016218,0.00016406,0.00016596,0.00016788,0.00016982,0.00017179,0.00017378,0.00017579,0.00017783,0.00017989,0.00018197,0.00018408,0.00018621,0.00018836,0.00019055,0.00019275,0.00019498,0.00019724,0.00019953,0.00020184,0.00020417,0.00020654,0.00020893,0.00021135,0.0002138,0.00021627,0.00021878,0.00022131,0.00022387,0.00022646,0.00022909,0.00023174,0.00023442,0.00023714,0.00023988,0.00024266,0.00024547,0.00024831,0.00025119,0.0002541,0.00025704,0.00026002,0.00026303,0.00026607,0.00026915,0.00027227,0.00027542,0.00027861,0.00028184,0.0002851,0.0002884,0.00029174,0.00029512,0.00029854,0.000302,0.00030549,0.00030903,0.00031261,0.00031623,0.00031989,0.00032359,0.00032734,0.00033113,0.00033497,0.00033884,0.00034277,0.00034674,0.00035075,0.00035481,0.00035892,0.00036308,0.00036728,0.00037154,0.00037584,0.00038019,0.00038459,0.00038905,0.00039355,0.00039811,0.00040272,0.00040738,0.0004121,0.00041687,0.0004217,0.00042658,0.00043152,0.00043652,0.00044157,0.00044668,0.00045186,0.00045709,0.00046238,0.00046774,0.00047315,0.00047863,0.00048417,0.00048978,0.00049545,0.00050119,0.00050699,0.00051286,0.0005188,0.00052481,0.00053088,0.00053703,0.00054325,0.00054954,0.0005559,0.00056234,0.00056885,0.00057544,0.0005821,0.00058884,0.00059566,0.00060256,0.00060954,0.0006166,0.00062373,0.00063096,0.00063826,0.00064565,0.00065313,0.00066069,0.00066834,0.00067608,0.00068391,0.00069183,0.00069984,0.00070795,0.00071614,0.00072444,0.00073282,0.00074131,0.00074989,0.00075858,0.00076736,0.00077625,0.00078524,0.00079433,0.00080353,0.00081283,0.00082224,0.00083176,0.0008414,0.00085114,0.00086099,0.00087096,0.00088105,0.00089125,0.00090157,0.00091201,0.00092257,0.00093325,0.00094406,0.00095499,0.00096605,0.00097724,0.00098855,0.001,0.0010116,0.0010233,0.0010351,0.0010471,0.0010593,0.0010715,0.0010839,0.0010965,0.0011092,0.001122,0.001135,0.0011482,0.0011614,0.0011749,0.0011885,0.0012023,0.0012162,0.0012303,0.0012445,0.0012589,0.0012735,0.0012882,0.0013032,0.0013183,0.0013335,0.001349,0.0013646,0.0013804,0.0013964,0.0014125,0.0014289,0.0014454,0.0014622,0.0014791,0.0014962,0.0015136,0.0015311,0.0015488,0.0015668,0.0015849,0.0016032,0.0016218,0.0016406,0.0016596,0.0016788,0.0016982,0.0017179,0.0017378,0.0017579,0.0017783,0.0017989,0.0018197,0.0018408,0.0018621,0.0018836,0.0019055,0.0019275,0.0019498,0.0019724,0.0019953,0.0020184,0.0020417,0.0020654,0.0020893,0.0021135,0.002138,0.0021627,0.0021878,0.0022131,0.0022387,0.0022646,0.0022909,0.0023174,0.0023442,0.0023714,0.0023988,0.0024266,0.0024547,0.0024831,0.0025119,0.002541,0.0025704,0.0026002,0.0026303,0.0026607,0.0026915,0.0027227,0.0027542,0.0027861,0.0028184,0.002851,0.002884,0.0029174,0.0029512,0.0029854,0.00302,0.0030549,0.0030903,0.0031261,0.0031623,0.0031989,0.0032359,0.0032734,0.0033113,0.0033497,0.0033884,0.0034277,0.0034674,0.0035075,0.0035481,0.0035892,0.0036308,0.0036728,0.0037154,0.0037584,0.0038019,0.0038459,0.0038905,0.0039355,0.0039811,0.0040272,0.0040738,0.004121,0.0041687,0.004217,0.0042658,0.0043152,0.0043652,0.0044157,0.0044668,0.0045186,0.0045709,0.0046238,0.0046774,0.0047315,0.0047863,0.0048417,0.0048978,0.0049545,0.0050119,0.0050699,0.0051286,0.005188,0.0052481,0.0053088,0.0053703,0.0054325,0.0054954,0.005559,0.0056234,0.0056885,0.0057544,0.005821,0.0058884,0.0059566,0.0060256,0.0060954,0.006166,0.0062373,0.0063096,0.0063826,0.0064565,0.0065313,0.0066069,0.0066834,0.0067608,0.0068391,0.0069183,0.0069984,0.0070795,0.0071614,0.0072444,0.0073282,0.0074131,0.0074989,0.0075858,0.0076736,0.0077625,0.0078524,0.0079433,0.0080353,0.0081283,0.0082224,0.0083176,0.008414,0.0085114,0.0086099,0.0087096,0.0088105,0.0089125,0.0090157,0.0091201,0.0092257,0.0093325,0.0094406,0.0095499,0.0096605,0.0097724,0.0098855,0.01,0.010116,0.010233,0.010351,0.010471,0.010593,0.010715,0.010839,0.010965,0.011092,0.01122,0.01135,0.011482,0.011614,0.011749,0.011885,0.012023,0.012162,0.012303,0.012445,0.012589,0.012735,0.012882,0.013032,0.013183,0.013335,0.01349,0.013646,0.013804,0.013964,0.014125,0.014289,0.014454,0.014622,0.014791,0.014962,0.015136,0.015311,0.015488,0.015668,0.015849,0.016032,0.016218,0.016406,0.016596,0.016788,0.016982,0.017179,0.017378,0.017579,0.017783,0.017989,0.018197,0.018408,0.018621,0.018836,0.019055,0.019275,0.019498,0.019724,0.019953,0.020184,0.020417,0.020654,0.020893,0.021135,0.02138,0.021627,0.021878,0.022131,0.022387,0.022646,0.022909,0.023174,0.023442,0.023714,0.023988,0.024266,0.024547,0.024831,0.025119,0.02541,0.025704,0.026002,0.026303,0.026607,0.026915,0.027227,0.027542,0.027861,0.028184,0.02851,0.02884,0.029174,0.029512,0.029854,0.0302,0.030549,0.030903,0.031261,0.031623,0.031989,0.032359,0.032734,0.033113,0.033497,0.033884,0.034277,0.034674,0.035075,0.035481,0.035892,0.036308,0.036728,0.037154,0.037584,0.038019,0.038459,0.038905,0.039355,0.039811,0.040272,0.040738,0.04121,0.041687,0.04217,0.042658,0.043152,0.043652,0.044157,0.044668,0.045186,0.045709,0.046238,0.046774,0.047315,0.047863,0.048417,0.048978,0.049545,0.050119,0.050699,0.051286,0.05188,0.052481,0.053088,0.053703,0.054325,0.054954,0.05559,0.056234,0.056885,0.057544,0.05821,0.058884,0.059566,0.060256,0.060954,0.06166,0.062373,0.063096,0.063826,0.064565,0.065313,0.066069,0.066834,0.067608,0.068391,0.069183,0.069984,0.070795,0.071614,0.072444,0.073282,0.074131,0.074989,0.075858,0.076736,0.077625,0.078524,0.079433,0.080353,0.081283,0.082224,0.083176,0.08414,0.085114,0.086099,0.087096,0.088105,0.089125,0.090157,0.091201,0.092257,0.093325,0.094406,0.095499,0.096605,0.097724,0.098855,0.1,0.10116,0.10233,0.10351,0.10471,0.10593,0.10715,0.10839,0.10965,0.11092,0.1122,0.1135,0.11482,0.11614,0.11749,0.11885,0.12023,0.12162,0.12303,0.12445,0.12589,0.12735,0.12882,0.13032,0.13183,0.13335,0.1349,0.13646,0.13804,0.13964,0.14125,0.14289,0.14454,0.14622,0.14791,0.14962,0.15136,0.15311,0.15488,0.15668,0.15849,0.16032,0.16218,0.16406,0.16596,0.16788,0.16982,0.17179,0.17378,0.17579,0.17783,0.17989,0.18197,0.18408,0.18621,0.18836,0.19055,0.19275,0.19498,0.19724,0.19953,0.20184,0.20417,0.20654,0.20893,0.21135,0.2138,0.21627,0.21878,0.22131,0.22387,0.22646,0.22909,0.23174,0.23442,0.23714,0.23988,0.24266,0.24547,0.24831,0.25119,0.2541,0.25704,0.26002,0.26303,0.26607,0.26915,0.27227,0.27542,0.27861,0.28184,0.2851,0.2884,0.29174,0.29512,0.29854,0.302,0.30549,0.30903,0.31261,0.31623,0.31989,0.32359,0.32734,0.33113,0.33497,0.33884,0.34277,0.34674,0.35075,0.35481,0.35892,0.36308,0.36728,0.37154,0.37584,0.38019,0.38459,0.38905,0.39355,0.39811,0.40272,0.40738,0.4121,0.41687,0.4217,0.42658,0.43152,0.43652,0.44157,0.44668,0.45186,0.45709,0.46238,0.46774,0.47315,0.47863,0.48417,0.48978,0.49545,0.50119,0.50699,0.51286,0.5188,0.52481,0.53088,0.53703,0.54325,0.54954,0.5559,0.56234,0.56885,0.57544,0.5821,0.58884,0.59566,0.60256,0.60954,0.6166,0.62373,0.63096,0.63826,0.64565,0.65313,0.66069,0.66834,0.67608,0.68391,0.69183,0.69984,0.70795,0.71614,0.72444,0.73282,0.74131,0.74989,0.75858,0.76736,0.77625,0.78524,0.79433,0.80353,0.81283,0.82224,0.83176,0.8414,0.85114,0.86099,0.87096,0.88105,0.89125,0.90157,0.91201,0.92257,0.93325,0.94406,0.95499,0.96605,0.97724,0.98855,1,1.0116,1.0233,1.0351,1.0471,1.0593,1.0715,1.0839,1.0965,1.1092,1.122,1.135,1.1482,1.1614,1.1749,1.1885,1.2023,1.2162,1.2303,1.2445,1.2589,1.2735,1.2882,1.3032,1.3183,1.3335,1.349,1.3646,1.3804,1.3964,1.4125,1.4289,1.4454,1.4622,1.4791,1.4962,1.5136,1.5311,1.5488,1.5668,1.5849,1.6032,1.6218,1.6406,1.6596,1.6788,1.6982,1.7179,1.7378,1.7579,1.7783,1.7989,1.8197,1.8408,1.8621,1.8836,1.9055,1.9275,1.9498,1.9724,1.9953,2.0184,2.0417,2.0654,2.0893,2.1135,2.138,2.1627,2.1878,2.2131,2.2387,2.2646,2.2909,2.3174,2.3442,2.3714,2.3988,2.4266,2.4547,2.4831,2.5119,2.541,2.5704,2.6002,2.6303,2.6607,2.6915,2.7227,2.7542,2.7861,2.8184,2.851,2.884,2.9174,2.9512,2.9854,3.02,3.0549,3.0903,3.1261,3.1623,3.1989,3.2359,3.2734,3.3113,3.3497,3.3884,3.4277,3.4674,3.5075,3.5481,3.5892,3.6308,3.6728,3.7154,3.7584,3.8019,3.8459,3.8905,3.9355,3.9811,4.0272,4.0738,4.121,4.1687,4.217,4.2658,4.3152,4.3652,4.4157,4.4668,4.5186,4.5709,4.6238,4.6774,4.7315,4.7863,4.8417,4.8978,4.9545,5.0119,5.0699,5.1286,5.188,5.2481,5.3088,5.3703,5.4325,5.4954,5.559,5.6234,5.6885,5.7544,5.821,5.8884,5.9566,6.0256,6.0954,6.166,6.2373,6.3096,6.3826,6.4565,6.5313,6.6069,6.6834,6.7608,6.8391,6.9183,6.9984,7.0795,7.1614,7.2444,7.3282,7.4131,7.4989,7.5858,7.6736,7.7625,7.8524,7.9433,8.0353,8.1283,8.2224,8.3176,8.414,8.5114,8.6099,8.7096,8.8105,8.9125,9.0157,9.1201,9.2257,9.3325,9.4406,9.5499,9.6605,9.7724,9.8855,10,10.116,15.849,19.953,25.119,31.623,39.811,50.119,63.096,79.433,100,125.89,158.49,199.53,251.19,316.23,398.11,501.19,630.96,794.33,1000,1258.9,1584.9,1995.3,2511.9,3162.3,3981.1,5011.9,6309.6,7943.3,10000,12589,15849,19953,25119,31623,39811,50119,63096,79433,1e+05,1.2589e+05,1.5849e+05,1.9953e+05,2.5119e+05,3.1623e+05,3.9811e+05,5.0119e+05,6.3096e+05,7.9433e+05,1e+06
2.4058e+05,2.2572e+05,2.4509e+05,2.5462e+05,3.3582e+05,3.5806e+05,3.8147e+05,3.8664e+05,4.1059e+05,4.0012e+05,4.0336e+05,3.6787e+05,3.3499e+05,3.0219e+05,2.647e+05,2.2907e+05,1.9336e+05,1.6903e+05,1.4626e+05,1.1832e+05,98903,85468,69138,57908,46504,39032,31632,26138,21818,17170,14148,11809,9476.9,7760.4,6239.5,5002.7,4187.9,3343.6,2705.7,2204.2,2134,1902,1774.1,1912.9,1977.9,2030.2,1824.6,1736.4,2066.6,1802.7,1745.5,1660.7,1818,1827.4,1701.7,1690.3,1607.8,1960.2,1648.5,1816.8,1658.4,1672.3,1629.9,1639.4,1429.4,1409.6,1619.8,1563.9,1507.6,1583.3,1327.3,1380.6,1434,1504.7,1283.4,1344.4,1360.2,1387.8,1272.5,1423.5,1325.9,1384.5,1211.8,1359.2,1271.9,1384.2,1256.5,1133.5,1214.6,1205.4,1331.1,1291.8,1259.9,1056.4,1098.2,1159.8,954.61,1109.8,1048.5,1121.5,1158,1039.6,940.3,1030.7,959.47,1050.5,965.31,952.41,1012.8,1047.4,961.16,925.44,916.89,874.08,854.17,937.07,924.75,866.91,813.07,799.02,869.99,821.12,730.57,725.36,815.48,847.44,775,770.53,781.14,726.6,681.6,685.16,703.91,631.15,628.51,586.24,620.04,624.8,621.52,535.13,556.66,516.68,556.85,496.34,431.89,379.55,358.63,361.3,397.02,422.62,420.22,479.95,483.28,540.52,536.53,519.45,538.33,551.72,541.67,555.58,582.05,574.28,553.75,499.35,536.37,524.34,571.75,506.71,539.59,512.14,521.78,539.93,526.32,477.06,452.97,501.27,464.93,463.26,441.13,443.55,476.52,461.99,435.54,447.79,464.77,407.78,431.11,413.74,416.16,397.49,457.52,390.78,412.4,404.99,401.86,360.82,394.39,371.02,391.2,387.75,391.78,331.94,358.13,392.3,336.68,360.08,368.07,360.77,387.99,355.94,338.93,364.09,327.49,328.86,315,342.11,344.37,326.72,291.6,317.13,310.13,301.53,303.71,278.43,313.61,290.65,299.51,309.23,289.45,260.98,305.22,302.01,258.51,236.38,261.55,282.93,267.23,258.66,262.5,258.11,249.11,251.3,227.25,237.64,260.47,226.3,249.08,197.46,166.85,211.56,198.98,233.39,175.03,226.16,219.37,220.08,198.86,237.77,215.66,211.17,202.93,193.05,209.43,200.57,190.13,200.03,183.44,202.52,190.77,183.59,179.85,181.42,188.08,180.95,172.14,172.89,158.02,158.24,162.35,163.5,163.92,158.27,163.88,164.11,164.27,151.17,160.45,164.88,159.44,150.2,149.69,153.38,138.19,150.36,154.34,145.26,136.59,134.89,127.14,134.08,139.47,133.74,130.86,134.56,126.37,125.63,114.87,118.54,110.26,116.23,101.86,109.25,108.02,108.91,99.824,96.166,106.42,97.401,101.84,93.674,91.342,86.122,89.801,91.24,83.662,81.007,69.439,71.381,65.852,77.482,73.076,62.74,68.53,67.375,71.454,69.006,65.889,67.986,54.027,69.358,74.477,76.287,80.483,82.258,77.524,80.932,80.114,80.396,85.676,85.139,74.545,86.061,77.834,76.339,69.396,70.125,63.351,61.901,71.655,66.585,66.823,66.506,63.109,68.63,68.19,65.17,62.983,60.881,65.261,63.663,66.09,63.73,63.288,61.218,62.116,63.646,62.612,62.226,57.985,56.949,62.239,63.594,56.722,59.485,56.696,58.022,57.252,56.371,55.035,55.873,53.221,49.496,49.057,50.155,31.523,45.379,47.504,41.489,49.447,40.341,45.509,40.606,40.35,40.869,43.308,41.594,43.91,43.783,39.765,43.301,36.412,39.243,34.234,35.192,33.431,31.095,32.305,31.013,28.907,25.415,29.443,28.38,26.679,28.321,26.728,23.874,25.641,29.325,30.673,30.829,28.789,28.868,28.33,31.629,30.636,30.181,29.457,30.829,28.579,27.991,27.834,27.675,27.62,28.469,25.271,27.216,26.213,24.55,24.436,23.419,24.552,25.092,21.777,25.186,22.075,23.616,21.782,20.55,20.526,20.436,19.925,21.317,19.256,21.336,20.599,19.933,18.621,19.204,17.981,18.703,18.691,17.415,16.098,16.147,15.352,15.603,14.236,13.602,14.297,13.76,14.68,13.062,13.576,12.393,13.436,12.393,11.02,10.474,10.719,12.05,10.449,11.345,11.937,11.855,10.451,9.9441,10.165,10.672,10.29,10.559,10.62,9.7797,10.232,11.252,12.902,12.492,12.969,17.143,18.788,10.011,10.908,11.295,9.8636,11.995,13.091,12.236,11.907,12.456,11.602,12.284,13.845,13.576,14.003,14.973,13.782,13.611,11.286,9.1821,5.5896,4.9443,5.1455,6.4344,6.8413,7.7611,9.0009,9.1679,9.4553,10.148,11.251,11.723,11.395,10.547,9.505,10.133,8.9874,9.2964,8.243,7.1315,7.5703,6.7735,6.4372,6.7881,6.3591,6.1192,5.6036,5.6172,6.8749,7.1019,7.6822,7.9587,7.9007,8.5194,7.9783,8.6865,8.6376,8.8466,8.8887,9.6647,9.5885,9.69,8.9106,9.0981,9.6097,9.3688,8.701,9.0714,9.317,9.4296,10.324,9.9305,9.7982,9.8509,7.9066,6.9596,6.0917,6.7095,7.0996,6.7103,6.1874,2.2902,3.1672,4.7913,5.5874,5.7424,6.4733,6.4943,6.6668,5.996,6.3172,6.8666,6.3585,6.0638,6.724,6.4482,6.0036,6.418,6.2382,6.4501,6.88,6.9885,6.5002,6.4208,6.9302,6.0341,3.7263,4.6848,4.7296,4.236,4.3201,4.27,3.5142,3.0776,2.63,2.2243,1.6269,1.5276,1.9112,1.961,2.3879,2.3759,2.3694,2.7467,3.0066,3.2921,3.6386,3.8945,3.8907,3.7002,4.2952,3.9993,4.2776,4.0288,4.0664,4.0666,4.4808,4.4279,4.3659,4.6336,4.4367,4.5472,4.3973,4.3542,4.4134,4.4403,4.2643,3.5868,3.3553,4.0073,4.5836,4.7601,4.492,4.2938,4.1265,2.9427,3.2308,3.2796,3.9246,4.3348,4.4526,3.5886,2.4631,2.796,2.7018,2.8176,3.1491,3.0072,3.0508,3.0258,3.1588,2.753,2.7568,2.9406,3.1611,3.0311,3.1009,2.7722,2.0043,2.2451,2.0059,2.0902,2.155,1.8196,1.6773,1.7015,1.5864,1.3797,1.4313,1.2438,1.3741,1.4248,1.5532,1.6702,1.5844,1.3765,1.4943,1.476,1.5068,1.4536,1.6545,1.4316,1.5294,1.5822,1.6156,1.6966,1.6933,1.5814,1.6919,1.6966,1.5042,1.3887,1.4107,1.226,1.4229,1.5472,1.4089,1.3793,1.3315,1.5329,1.3195,1.2673,1.2654,1.2087,1.3874,1.1661,1.2003,1.2388,1.2759,1.3439,1.3099,1.2904,1.2653,1.2194,1.1591,1.2383,1.1549,1.2409,1.134,1.0915,1.0859,1.0285,1.0414,0.93048,0.94836,0.73919,0.76814,0.88004,0.84654,0.75931,0.72901,0.763,0.70895,0.66874,0.64746,0.59359,0.54233,0.5013,0.42262,0.40405,0.40195,0.50045,0.58656,0.66097,0.75029,0.85835,1.032,1.0115,1.1283,1.2206,1.3105,1.3425,1.3103,1.2947,1.3113,1.4406,1.3346,1.1787,1.4074,1.3629,1.5396,1.4396,1.1922,1.0576,1.2006,1.3412,1.24,1.2577,1.3739,1.4365,1.3191,1.3342,1.3813,1.2461,1.1819,1.3088,1.2237,1.2042,1.1139,1.1064,1.1357,1.1167,1.2009,1.1208,1.0204,1.0652,1.0093,1.0165,0.97075,1.0561,0.9491,0.90097,0.86707,0.84231,0.74526,0.75082,0.70501,0.62954,0.66422,0.59241,0.55912,0.4932,0.49971,0.51223,0.37793,0.39911,0.3854,0.35383,0.29942,0.27362,0.24851,0.22648,0.25053,0.25847,0.27044,0.31459,0.33169,0.39317,0.45747,0.48692,0.48068,0.52853,0.52287,0.5392,0.5639,0.6193,0.61636,0.6728,0.59229,0.58781,0.57109,0.62906,0.52593,0.51546,0.42306,0.31309,0.29309,0.37135,0.46197,0.53286,0.54954,0.58433,0.50658,0.53691,0.55076,0.54154,0.48772,0.53066,0.53674,0.45335,0.47424,0.50623,0.4543,0.3937,0.38945,0.33318,0.31595,0.44557,0.43655,0.45362,0.4437,0.45505,0.47517,0.51688,0.49269,0.28481,0.29405,0.31066,0.28287,0.31115,0.34143,0.34701,0.37709,0.39937,0.43991,0.44922,0.37043,0.39922,0.44957,0.45318,0.48926,0.49363,0.49589,0.56571,0.52405,0.69678,0.80861,0.74483,0.65303,0.54977,0.47697,0.4234,0.38758,0.40477,0.37511,0.35254,0.37049,0.35533,0.34495,0.36483,0.33656,0.30488,0.28951,0.26952,0.2741,0.29591,0.26195,0.27277,0.25491,0.23959,0.25522,0.23828,0.21731,0.19028,0.16638,0.16451,0.14375,0.14415,0.13325,0.13229,0.13693,0.12636,0.12228,0.12417,0.12731,0.1335,0.12797,0.10242,0.12936,0.14998,0.15732,0.14404,0.14703,0.14967,0.17245,0.17835,0.13193,0.12111,0.14409,0.10429,0.10019,0.11174,0.12246,0.11646,0.13687,0.11946,0.13976,0.14067,0.12441,0.097773,0.12068,0.13683,0.12384,0.10184,0.076851,0.093797,0.11119,0.11004,0.10229,0.10796,0.10122,0.087163,0.07667,0.077866,0.072178,0.079054,0.079595,0.081658,0.072135,0.081313,0.089535,0.080788,0.074522,0.067324,0.084342,0.087517,0.074322,0.061531,0.061147,0.061105,0.066061,0.062664,0.059656,0.052995,0.043951,0.046371,0.046114,0.051202,0.049875,0.047474,0.040703,0.040821,0.046435,0.053071,0.04327,0.036442,0.035825,0.037573,0.035949,0.034851,0.037788,0.03683,0.037111,0.033574,0.033834,0.0379,0.03497,0.030288,0.032167,0.034272,0.028635,0.030272,0.03071,0.018054,0.01448,0.011823,0.00963,0.0084229,0.0073123,0.0065966,0.005494,0.0040367,0.0028334,0.0018398,0.0010643,0.00056171,0.00029985,0.00014695,7.4525e-05,3.3832e-05,1.5529e-05,6.631e-06,2.8862e-06,1.7464e-06,5.0092e-07,2.8191e-07,1.2757e-07,4.5274e-08,1.8535e-08,7.8817e-09,3.6036e-09,1.5788e-09,7.4653e-10,0,5.9953e-11,2.2394e-11,0,0,0,0,0,0,0,0,0,0,0,0,0,0,0,0,0

panel d)
albedo neutron flux due to all GCR in 1972. Lines correspond to McKinney et al, (2006) (energy and flux), from Denisov et al, (2010) (energy and flux), this model (energy and flux)
1e-07,2.0947e-07,5.2772e-07,1.1054e-06,2.1108e-06,5.3177e-06,1.0154e-05,2.127e-05,5.3585e-05,0.00011224,0.00019543,0.00049236,0.0010313,0.0021597,0.0054425,0.010392,0.019844,0.050008,0.10472,0.19997,0.50392,1.0553,2.0156,5.0779,10.637,20.31,51.168,97.706,204.66,515.61,984.83,2062.3,5197.1
5.2728e+05,3.5498e+05,2.207e+05,1.0825e+05,62190,28171,16188,8590.9,3596.8,2066.3,1013.3,459.11,243.65,119.51,58.603,28.737,11.114,7.4803,4.652,1.9472,1.4187,0.34113,0.43263,0.12188,0.037167,0.018231,0.0089396,0.0040495,0.0011411,0.00014565,2.0126e-05,3.526e-06,1.4858e-07
1.5872e-07,3.3248e-07,6.9624e-07,1.5994e-06,3.3503e-06,7.6963e-06,1.768e-05,3.7034e-05,7.7553e-05,0.00017816,0.00037318,0.00078148,0.001637,0.0034289,0.007877,0.016495,0.034553,0.072357,0.16622,0.34818,0.72932,1.2695,1.8374,2.9164,4.2209,6.1089,8.8414,10.637,12.796,18.515,29.395,35.354,42.532,67.527,117.54,141.41,170.12,186.62,204.66,246.22,270.02,270.02,296.21,356.35,428.71,470.15,515.61,620.3,680.46
2.799e+05,2.5856e+05,1.7407e+05,1.1715e+05,67304,38676,20525,10067,5342.7,2619.9,1390.7,738.24,391.89,192.17,80.434,26.553,15.255,12.028,6.9119,2.6725,1.4187,0.69566,0.64281,0.36928,0.18108,0.08205,0.075795,0.047137,0.034343,0.023114,0.015557,0.01227,0.0089396,0.0055596,0.0018348,0.0012349,0.000768,0.00055955,0.00040768,0.00029703,0.00018472,0.00011485,9.803e-05,5.2038e-05,1.4664e-05,9.8692e-06,5.2389e-06,1.729e-06,4.1587e-07
1e-08,1.2589e-08,1.5849e-08,1.9953e-08,2.5119e-08,3.1623e-08,3.9811e-08,5.0119e-08,6.3096e-08,7.9433e-08,1e-07,1.2589e-07,1.5849e-07,1.9953e-07,2.5119e-07,3.1623e-07,3.9811e-07,5.0119e-07,6.3096e-07,7.9433e-07,1e-06,1.2589e-06,1.5849e-06,1.9953e-06,2.5119e-06,3.1623e-06,3.9811e-06,5.0119e-06,6.3096e-06,7.9433e-06,1e-05,1.2589e-05,1.5849e-05,1.9953e-05,2.5119e-05,3.1623e-05,3.9811e-05,5.0119e-05,6.3096e-05,7.9433e-05,0.0001,0.00010116,0.00010233,0.00010351,0.00010471,0.00010593,0.00010715,0.00010839,0.00010965,0.00011092,0.0001122,0.0001135,0.00011482,0.00011614,0.00011749,0.00011885,0.00012023,0.00012162,0.00012303,0.00012445,0.00012589,0.00012735,0.00012882,0.00013032,0.00013183,0.00013335,0.0001349,0.00013646,0.00013804,0.00013964,0.00014125,0.00014289,0.00014454,0.00014622,0.00014791,0.00014962,0.00015136,0.00015311,0.00015488,0.00015668,0.00015849,0.00016032,0.00016218,0.00016406,0.00016596,0.00016788,0.00016982,0.00017179,0.00017378,0.00017579,0.00017783,0.00017989,0.00018197,0.00018408,0.00018621,0.00018836,0.00019055,0.00019275,0.00019498,0.00019724,0.00019953,0.00020184,0.00020417,0.00020654,0.00020893,0.00021135,0.0002138,0.00021627,0.00021878,0.00022131,0.00022387,0.00022646,0.00022909,0.00023174,0.00023442,0.00023714,0.00023988,0.00024266,0.00024547,0.00024831,0.00025119,0.0002541,0.00025704,0.00026002,0.00026303,0.00026607,0.00026915,0.00027227,0.00027542,0.00027861,0.00028184,0.0002851,0.0002884,0.00029174,0.00029512,0.00029854,0.000302,0.00030549,0.00030903,0.00031261,0.00031623,0.00031989,0.00032359,0.00032734,0.00033113,0.00033497,0.00033884,0.00034277,0.00034674,0.00035075,0.00035481,0.00035892,0.00036308,0.00036728,0.00037154,0.00037584,0.00038019,0.00038459,0.00038905,0.00039355,0.00039811,0.00040272,0.00040738,0.0004121,0.00041687,0.0004217,0.00042658,0.00043152,0.00043652,0.00044157,0.00044668,0.00045186,0.00045709,0.00046238,0.00046774,0.00047315,0.00047863,0.00048417,0.00048978,0.00049545,0.00050119,0.00050699,0.00051286,0.0005188,0.00052481,0.00053088,0.00053703,0.00054325,0.00054954,0.0005559,0.00056234,0.00056885,0.00057544,0.0005821,0.00058884,0.00059566,0.00060256,0.00060954,0.0006166,0.00062373,0.00063096,0.00063826,0.00064565,0.00065313,0.00066069,0.00066834,0.00067608,0.00068391,0.00069183,0.00069984,0.00070795,0.00071614,0.00072444,0.00073282,0.00074131,0.00074989,0.00075858,0.00076736,0.00077625,0.00078524,0.00079433,0.00080353,0.00081283,0.00082224,0.00083176,0.0008414,0.00085114,0.00086099,0.00087096,0.00088105,0.00089125,0.00090157,0.00091201,0.00092257,0.00093325,0.00094406,0.00095499,0.00096605,0.00097724,0.00098855,0.001,0.0010116,0.0010233,0.0010351,0.0010471,0.0010593,0.0010715,0.0010839,0.0010965,0.0011092,0.001122,0.001135,0.0011482,0.0011614,0.0011749,0.0011885,0.0012023,0.0012162,0.0012303,0.0012445,0.0012589,0.0012735,0.0012882,0.0013032,0.0013183,0.0013335,0.001349,0.0013646,0.0013804,0.0013964,0.0014125,0.0014289,0.0014454,0.0014622,0.0014791,0.0014962,0.0015136,0.0015311,0.0015488,0.0015668,0.0015849,0.0016032,0.0016218,0.0016406,0.0016596,0.0016788,0.0016982,0.0017179,0.0017378,0.0017579,0.0017783,0.0017989,0.0018197,0.0018408,0.0018621,0.0018836,0.0019055,0.0019275,0.0019498,0.0019724,0.0019953,0.0020184,0.0020417,0.0020654,0.0020893,0.0021135,0.002138,0.0021627,0.0021878,0.0022131,0.0022387,0.0022646,0.0022909,0.0023174,0.0023442,0.0023714,0.0023988,0.0024266,0.0024547,0.0024831,0.0025119,0.002541,0.0025704,0.0026002,0.0026303,0.0026607,0.0026915,0.0027227,0.0027542,0.0027861,0.0028184,0.002851,0.002884,0.0029174,0.0029512,0.0029854,0.00302,0.0030549,0.0030903,0.0031261,0.0031623,0.0031989,0.0032359,0.0032734,0.0033113,0.0033497,0.0033884,0.0034277,0.0034674,0.0035075,0.0035481,0.0035892,0.0036308,0.0036728,0.0037154,0.0037584,0.0038019,0.0038459,0.0038905,0.0039355,0.0039811,0.0040272,0.0040738,0.004121,0.0041687,0.004217,0.0042658,0.0043152,0.0043652,0.0044157,0.0044668,0.0045186,0.0045709,0.0046238,0.0046774,0.0047315,0.0047863,0.0048417,0.0048978,0.0049545,0.0050119,0.0050699,0.0051286,0.005188,0.0052481,0.0053088,0.0053703,0.0054325,0.0054954,0.005559,0.0056234,0.0056885,0.0057544,0.005821,0.0058884,0.0059566,0.0060256,0.0060954,0.006166,0.0062373,0.0063096,0.0063826,0.0064565,0.0065313,0.0066069,0.0066834,0.0067608,0.0068391,0.0069183,0.0069984,0.0070795,0.0071614,0.0072444,0.0073282,0.0074131,0.0074989,0.0075858,0.0076736,0.0077625,0.0078524,0.0079433,0.0080353,0.0081283,0.0082224,0.0083176,0.008414,0.0085114,0.0086099,0.0087096,0.0088105,0.0089125,0.0090157,0.0091201,0.0092257,0.0093325,0.0094406,0.0095499,0.0096605,0.0097724,0.0098855,0.01,0.010116,0.010233,0.010351,0.010471,0.010593,0.010715,0.010839,0.010965,0.011092,0.01122,0.01135,0.011482,0.011614,0.011749,0.011885,0.012023,0.012162,0.012303,0.012445,0.012589,0.012735,0.012882,0.013032,0.013183,0.013335,0.01349,0.013646,0.013804,0.013964,0.014125,0.014289,0.014454,0.014622,0.014791,0.014962,0.015136,0.015311,0.015488,0.015668,0.015849,0.016032,0.016218,0.016406,0.016596,0.016788,0.016982,0.017179,0.017378,0.017579,0.017783,0.017989,0.018197,0.018408,0.018621,0.018836,0.019055,0.019275,0.019498,0.019724,0.019953,0.020184,0.020417,0.020654,0.020893,0.021135,0.02138,0.021627,0.021878,0.022131,0.022387,0.022646,0.022909,0.023174,0.023442,0.023714,0.023988,0.024266,0.024547,0.024831,0.025119,0.02541,0.025704,0.026002,0.026303,0.026607,0.026915,0.027227,0.027542,0.027861,0.028184,0.02851,0.02884,0.029174,0.029512,0.029854,0.0302,0.030549,0.030903,0.031261,0.031623,0.031989,0.032359,0.032734,0.033113,0.033497,0.033884,0.034277,0.034674,0.035075,0.035481,0.035892,0.036308,0.036728,0.037154,0.037584,0.038019,0.038459,0.038905,0.039355,0.039811,0.040272,0.040738,0.04121,0.041687,0.04217,0.042658,0.043152,0.043652,0.044157,0.044668,0.045186,0.045709,0.046238,0.046774,0.047315,0.047863,0.048417,0.048978,0.049545,0.050119,0.050699,0.051286,0.05188,0.052481,0.053088,0.053703,0.054325,0.054954,0.05559,0.056234,0.056885,0.057544,0.05821,0.058884,0.059566,0.060256,0.060954,0.06166,0.062373,0.063096,0.063826,0.064565,0.065313,0.066069,0.066834,0.067608,0.068391,0.069183,0.069984,0.070795,0.071614,0.072444,0.073282,0.074131,0.074989,0.075858,0.076736,0.077625,0.078524,0.079433,0.080353,0.081283,0.082224,0.083176,0.08414,0.085114,0.086099,0.087096,0.088105,0.089125,0.090157,0.091201,0.092257,0.093325,0.094406,0.095499,0.096605,0.097724,0.098855,0.1,0.10116,0.10233,0.10351,0.10471,0.10593,0.10715,0.10839,0.10965,0.11092,0.1122,0.1135,0.11482,0.11614,0.11749,0.11885,0.12023,0.12162,0.12303,0.12445,0.12589,0.12735,0.12882,0.13032,0.13183,0.13335,0.1349,0.13646,0.13804,0.13964,0.14125,0.14289,0.14454,0.14622,0.14791,0.14962,0.15136,0.15311,0.15488,0.15668,0.15849,0.16032,0.16218,0.16406,0.16596,0.16788,0.16982,0.17179,0.17378,0.17579,0.17783,0.17989,0.18197,0.18408,0.18621,0.18836,0.19055,0.19275,0.19498,0.19724,0.19953,0.20184,0.20417,0.20654,0.20893,0.21135,0.2138,0.21627,0.21878,0.22131,0.22387,0.22646,0.22909,0.23174,0.23442,0.23714,0.23988,0.24266,0.24547,0.24831,0.25119,0.2541,0.25704,0.26002,0.26303,0.26607,0.26915,0.27227,0.27542,0.27861,0.28184,0.2851,0.2884,0.29174,0.29512,0.29854,0.302,0.30549,0.30903,0.31261,0.31623,0.31989,0.32359,0.32734,0.33113,0.33497,0.33884,0.34277,0.34674,0.35075,0.35481,0.35892,0.36308,0.36728,0.37154,0.37584,0.38019,0.38459,0.38905,0.39355,0.39811,0.40272,0.40738,0.4121,0.41687,0.4217,0.42658,0.43152,0.43652,0.44157,0.44668,0.45186,0.45709,0.46238,0.46774,0.47315,0.47863,0.48417,0.48978,0.49545,0.50119,0.50699,0.51286,0.5188,0.52481,0.53088,0.53703,0.54325,0.54954,0.5559,0.56234,0.56885,0.57544,0.5821,0.58884,0.59566,0.60256,0.60954,0.6166,0.62373,0.63096,0.63826,0.64565,0.65313,0.66069,0.66834,0.67608,0.68391,0.69183,0.69984,0.70795,0.71614,0.72444,0.73282,0.74131,0.74989,0.75858,0.76736,0.77625,0.78524,0.79433,0.80353,0.81283,0.82224,0.83176,0.8414,0.85114,0.86099,0.87096,0.88105,0.89125,0.90157,0.91201,0.92257,0.93325,0.94406,0.95499,0.96605,0.97724,0.98855,1,1.0116,1.0233,1.0351,1.0471,1.0593,1.0715,1.0839,1.0965,1.1092,1.122,1.135,1.1482,1.1614,1.1749,1.1885,1.2023,1.2162,1.2303,1.2445,1.2589,1.2735,1.2882,1.3032,1.3183,1.3335,1.349,1.3646,1.3804,1.3964,1.4125,1.4289,1.4454,1.4622,1.4791,1.4962,1.5136,1.5311,1.5488,1.5668,1.5849,1.6032,1.6218,1.6406,1.6596,1.6788,1.6982,1.7179,1.7378,1.7579,1.7783,1.7989,1.8197,1.8408,1.8621,1.8836,1.9055,1.9275,1.9498,1.9724,1.9953,2.0184,2.0417,2.0654,2.0893,2.1135,2.138,2.1627,2.1878,2.2131,2.2387,2.2646,2.2909,2.3174,2.3442,2.3714,2.3988,2.4266,2.4547,2.4831,2.5119,2.541,2.5704,2.6002,2.6303,2.6607,2.6915,2.7227,2.7542,2.7861,2.8184,2.851,2.884,2.9174,2.9512,2.9854,3.02,3.0549,3.0903,3.1261,3.1623,3.1989,3.2359,3.2734,3.3113,3.3497,3.3884,3.4277,3.4674,3.5075,3.5481,3.5892,3.6308,3.6728,3.7154,3.7584,3.8019,3.8459,3.8905,3.9355,3.9811,4.0272,4.0738,4.121,4.1687,4.217,4.2658,4.3152,4.3652,4.4157,4.4668,4.5186,4.5709,4.6238,4.6774,4.7315,4.7863,4.8417,4.8978,4.9545,5.0119,5.0699,5.1286,5.188,5.2481,5.3088,5.3703,5.4325,5.4954,5.559,5.6234,5.6885,5.7544,5.821,5.8884,5.9566,6.0256,6.0954,6.166,6.2373,6.3096,6.3826,6.4565,6.5313,6.6069,6.6834,6.7608,6.8391,6.9183,6.9984,7.0795,7.1614,7.2444,7.3282,7.4131,7.4989,7.5858,7.6736,7.7625,7.8524,7.9433,8.0353,8.1283,8.2224,8.3176,8.414,8.5114,8.6099,8.7096,8.8105,8.9125,9.0157,9.1201,9.2257,9.3325,9.4406,9.5499,9.6605,9.7724,9.8855,10,10.116,15.849,19.953,25.119,31.623,39.811,50.119,63.096,79.433,100,125.89,158.49,199.53,251.19,316.23,398.11,501.19,630.96,794.33,1000,1258.9,1584.9,1995.3,2511.9,3162.3,3981.1,5011.9,6309.6,7943.3,10000,12589,15849,19953,25119,31623,39811,50119,63096,79433,1e+05,1.2589e+05,1.5849e+05,1.9953e+05,2.5119e+05,3.1623e+05,3.9811e+05,5.0119e+05,6.3096e+05,7.9433e+05,1e+06
2.9254e+05,2.9517e+05,3.1983e+05,3.3094e+05,4.288e+05,4.5095e+05,4.8976e+05,5.0341e+05,5.1973e+05,5.0591e+05,5.0816e+05,4.6637e+05,4.2863e+05,3.8632e+05,3.3395e+05,2.9142e+05,2.4669e+05,2.153e+05,1.8607e+05,1.5005e+05,1.2649e+05,1.0799e+05,87893,73044,59157,49526,40156,33206,27624,21974,18007,14978,12018,9865,7918.7,6374.4,5311.9,4254,3454.2,2790.8,2699.4,2504.6,2397.1,2547,2507.8,2619.3,2354.1,2270.6,2615.7,2392.5,2259.8,2260.5,2323.9,2360.6,2214.9,2223.9,2125.2,2438.1,2145.3,2336,2127.2,2161.4,2059.7,2107.5,1875.2,1839.8,2064,1974.1,1958.6,1991.8,1727.7,1805.7,1860.9,1915.5,1687.8,1725.3,1732.7,1795,1680.9,1839.7,1722.8,1762.6,1589.3,1756.9,1621,1762.6,1611.7,1498.2,1583.4,1557,1693.7,1639.9,1624.9,1415.3,1439.9,1460.8,1275.9,1438.7,1364.7,1455.5,1466.4,1338.6,1259.5,1332.4,1247.1,1349,1268.6,1244.2,1284.6,1330.1,1260.5,1164.7,1206.8,1161.1,1118.5,1218.5,1192.7,1122.6,1058.1,1037.4,1123.2,1074.1,958.79,965.98,1033,1091.9,997.38,1001,1000.7,953.71,894.68,878.35,916.35,825.97,811.87,764.96,797.93,815.46,797.62,713.72,732.05,698.91,716.16,638.57,547.12,505.48,474.75,468.39,518.97,551.88,556.34,622.67,636.5,692.54,694.66,694.85,719.6,721.05,702.54,725.87,749.16,741.8,717.31,665.71,690.21,681.69,732.01,660.41,706.16,670.4,670.99,677.01,684.1,624.04,600.9,642.87,603.72,604.8,581.34,582.38,610.84,601.35,566.96,575.57,595.56,549.81,558.09,542.48,536.87,526.51,591.07,516.15,541.74,520.69,523.18,482.75,510.59,489.19,510.5,496.18,513.91,439.37,470.12,494.89,444.15,463.25,468.05,463.82,500.54,462.36,440.3,467.4,430.41,433.39,412.61,442.28,445.03,423.39,390.33,413.48,404.94,393.08,401.32,361.2,404.91,375.05,385.47,398.63,373.72,345.11,386.3,386.82,344.19,314.32,345.67,365.31,348.51,332.39,336.72,330.01,324.69,326.75,301.28,316.43,335.82,296.69,313.93,261.69,217.47,273.21,267.4,303.16,229.42,289.95,283.08,287.76,266.9,302.03,277.19,273.04,258.81,254.53,271.04,262.02,246.27,259.35,237.24,260.52,250.39,239.01,233.33,237.18,240.8,238.07,223.7,227.45,208.55,211.78,213.89,213.65,215.43,210.95,210.81,210.52,215.43,200.98,211.2,208.48,206.82,193.23,196.99,194.56,183.25,191.94,198.95,187.81,178.81,176.77,170.28,175.44,178.14,169.96,169.21,175.97,162.95,161.32,151.35,156.19,144.71,149.54,129.96,141.57,140.58,141.73,131.34,126.9,135.9,125.7,131.63,121.03,121.36,115.52,116.23,116.32,109.55,104.17,92.457,94.912,88.6,97.781,92.599,82.413,88.081,88.727,90.863,88.882,84.91,86.343,73.97,89.992,95.01,98.885,103.9,106.85,101.46,104.39,102.43,104.48,106.71,108.29,98.71,109.95,101.54,98.408,92.467,92.32,82.717,78.698,89.473,85.71,84.61,86.587,83.751,89.585,87.92,86.269,84.418,80.688,84.954,83.794,85.92,82.426,82.374,80.74,80.967,82.261,81.848,80.521,75.946,73.81,79.45,81.623,73.713,76.978,72.639,74.947,73.416,72.514,71.039,72.477,69.309,64.892,63.679,65.133,41.902,58.407,60.788,55.4,62.639,53.099,58.056,53.355,52.431,53.565,56.238,54.332,56.099,55.879,52.12,55.585,47.847,50.272,44.976,46.073,43.985,41.036,42.148,40.329,38.127,33.96,37.789,36.195,34.795,37.245,35.408,32.051,34.207,37.312,39.209,39.622,37.808,37.526,37.695,41.037,39.12,38.92,38.659,39.843,37.012,36.827,36.232,35.612,35.537,36.505,32.776,35.015,34.205,32.014,32.524,30.421,32.009,32.903,28.055,32.529,28.763,30.442,28.769,26.77,26.718,27.104,26.108,27.434,25.069,27.183,26.314,25.4,24.512,24.48,23.235,23.751,23.751,22.369,21.077,21.073,19.836,20.198,18.628,17.926,18.462,17.692,18.325,17.293,17.277,16.093,17.027,16.059,14.631,14.13,13.968,15.57,13.756,14.497,15.412,14.859,13.833,12.93,13.148,13.723,13.121,13.33,13.683,12.71,13.336,14.597,16.249,16.278,17.131,22.483,24.054,12.943,13.931,14.625,13.044,15.079,16.515,15.609,15.416,16.118,15.346,16.411,17.87,17.784,18.305,19.337,18.256,17.817,14.637,11.437,7.3313,6.4904,6.5452,7.9681,8.9667,10.164,11.842,11.96,12.276,13.338,14.244,14.777,14.743,13.533,12.355,13.005,11.759,11.976,10.771,9.3786,9.7346,8.8707,8.599,8.7518,8.3569,7.7356,7.3916,7.4513,8.8282,9.1992,9.7697,10.12,10.141,10.924,10.637,11.167,11.158,11.408,11.694,12.331,12.206,12.262,11.477,11.846,12.347,12.026,11.349,11.645,12.115,12.495,13.271,12.955,12.907,12.691,10.416,9.0242,8.0121,8.5935,9.0035,8.7714,7.9667,3.0255,4.0674,6.129,7.1532,7.4514,8.1967,8.2737,8.6491,7.9225,8.2367,8.8396,8.2662,7.7673,8.5146,8.3569,7.9023,8.1869,8.0852,8.2808,8.9171,8.9911,8.4232,8.2352,8.8061,7.7149,4.8368,5.9801,6.1003,5.5786,5.5366,5.3315,4.4396,3.9725,3.3796,2.9526,2.1956,1.9832,2.4478,2.5503,3.0767,3.1214,3.0646,3.5895,3.8573,4.285,4.7179,4.9883,5.019,4.8316,5.4633,5.1493,5.4784,5.2064,5.301,5.3933,5.807,5.6897,5.6792,5.9854,5.7976,5.8142,5.6681,5.6597,5.6908,5.7263,5.4745,4.6428,4.4143,5.1875,5.7993,6.0849,5.8996,5.633,5.3933,3.8443,4.1261,4.2991,5.1701,5.5963,5.6636,4.6194,3.229,3.6147,3.5091,3.6281,4.0202,3.8751,3.9412,3.9365,4.0295,3.6497,3.5656,3.8101,4.0875,3.9764,3.991,3.5708,2.6055,2.9487,2.6278,2.6758,2.689,2.3678,2.1813,2.177,2.0036,1.7864,1.8105,1.625,1.7638,1.8242,1.9766,2.084,2.0128,1.7852,1.9264,1.8966,1.959,1.8898,2.1017,1.823,1.9699,2.0369,2.1058,2.1786,2.1746,2.0434,2.1636,2.1503,1.9014,1.7837,1.7907,1.6246,1.8348,1.9467,1.803,1.7965,1.7403,1.9434,1.6943,1.6218,1.6253,1.5852,1.7427,1.5059,1.5354,1.608,1.6757,1.7339,1.6849,1.6735,1.6171,1.5513,1.4904,1.5639,1.4704,1.5564,1.472,1.4244,1.3852,1.3374,1.3239,1.2021,1.174,0.95792,0.99509,1.0983,1.0794,0.98641,0.94974,0.98362,0.90849,0.85563,0.83166,0.75982,0.68446,0.63624,0.55019,0.53079,0.52057,0.64257,0.73326,0.83389,0.96569,1.1047,1.3105,1.3019,1.4516,1.5685,1.6841,1.7279,1.685,1.6666,1.6945,1.812,1.7196,1.5379,1.8442,1.7841,1.9528,1.8611,1.5102,1.3453,1.5527,1.7299,1.6149,1.6368,1.7672,1.8563,1.6967,1.7073,1.7699,1.6035,1.5261,1.6598,1.5795,1.5389,1.4459,1.424,1.4648,1.4329,1.5375,1.4338,1.3026,1.376,1.3062,1.3061,1.2493,1.3541,1.2324,1.1632,1.1264,1.0772,0.95806,0.94726,0.90429,0.81846,0.85179,0.76307,0.71151,0.6434,0.6491,0.64826,0.48837,0.51019,0.48947,0.45208,0.38075,0.3499,0.31644,0.29353,0.32464,0.32526,0.3458,0.40054,0.42709,0.49902,0.57429,0.62568,0.61993,0.67914,0.67441,0.69741,0.724,0.78524,0.79411,0.86447,0.76005,0.75693,0.73739,0.81086,0.6831,0.65593,0.54275,0.40093,0.37577,0.47731,0.59773,0.68525,0.70304,0.73593,0.65963,0.68908,0.69994,0.69276,0.62721,0.68539,0.68491,0.58138,0.61369,0.63842,0.58689,0.50212,0.49649,0.42814,0.4088,0.56893,0.56334,0.5784,0.5682,0.58416,0.61289,0.65841,0.63303,0.36499,0.37875,0.39866,0.36149,0.39817,0.44255,0.44705,0.48253,0.51428,0.55855,0.5691,0.47824,0.50526,0.5771,0.57979,0.62845,0.63234,0.6329,0.72247,0.67482,0.9014,1.0468,0.95836,0.83671,0.70901,0.61312,0.54259,0.49884,0.51999,0.47485,0.45256,0.47648,0.45832,0.44224,0.46508,0.43033,0.3895,0.37245,0.34453,0.34747,0.37335,0.33684,0.35127,0.32539,0.31192,0.32712,0.30037,0.28127,0.2448,0.21439,0.20831,0.18566,0.18573,0.17064,0.16822,0.17315,0.1621,0.15784,0.15924,0.16201,0.16848,0.16452,0.13075,0.16409,0.19086,0.19731,0.1817,0.18817,0.18983,0.22277,0.22712,0.17199,0.15603,0.18237,0.1349,0.12692,0.14111,0.15508,0.14872,0.17259,0.15186,0.17441,0.17952,0.15961,0.1251,0.15275,0.17169,0.15766,0.12922,0.097527,0.12184,0.14255,0.13967,0.13066,0.13786,0.12872,0.11119,0.096208,0.097879,0.093312,0.10078,0.099426,0.10426,0.093105,0.10382,0.1137,0.10312,0.096107,0.085358,0.10544,0.11043,0.095612,0.079473,0.077048,0.077233,0.083805,0.080102,0.075496,0.067109,0.05652,0.059202,0.058191,0.065132,0.063445,0.06063,0.051911,0.05145,0.059161,0.066467,0.055133,0.047483,0.045363,0.047323,0.046659,0.045175,0.047171,0.046618,0.047029,0.043377,0.043945,0.047472,0.044748,0.039634,0.040773,0.043033,0.036913,0.038742,0.038338,0.022424,0.018136,0.014759,0.012109,0.0106,0.0092754,0.0083266,0.0068908,0.0050393,0.0035382,0.0022926,0.0013185,0.00069811,0.00037202,0.00018295,9.1811e-05,4.2488e-05,1.9515e-05,8.4367e-06,3.738e-06,2.1353e-06,6.5195e-07,3.4989e-07,1.5528e-07,5.5485e-08,2.3578e-08,9.629e-09,4.4485e-09,1.7736e-09,8.4999e-10,3.2295e-11,7.2759e-11,2.7106e-11,1.1223e-11,6.5397e-13,2.1261e-13,6.6838e-14,2.4753e-14,8.8951e-15,2.4344e-15,2.9648e-16,4.981e-16,5.0893e-17,7.2409e-19,0,0,0,0,0,0
